MSW05_Order,MSW05_Family,MSW05_Genus,MSW05_Species,MSW05_Binomial,1-1_ActivityCycle,5-1_AdultBodyMass_g,8-1_AdultForearmLen_mm,13-1_AdultHeadBodyLen_mm,2-1_AgeatEyeOpening_d,3-1_AgeatFirstBirth_d,18-1_BasalMetRate_mLO2hr,5-2_BasalMetRateMass_g,6-1_DietBreadth,7-1_DispersalAge_d,9-1_GestationLen_d,12-1_HabitatBreadth,22-1_HomeRange_km2,22-2_HomeRange_Indiv_km2,14-1_InterbirthInterval_d,15-1_LitterSize,16-1_LittersPerYear,17-1_MaxLongevity_m,5-3_NeonateBodyMass_g,13-2_NeonateHeadBodyLen_mm,21-1_PopulationDensity_n/km2,10-1_PopulationGrpSize,23-1_SexualMaturityAge_d,10-2_SocialGrpSize,24-1_TeatNumber,12-2_Terrestriality,6-2_TrophicLevel,25-1_WeaningAge_d,5-4_WeaningBodyMass_g,13-3_WeaningHeadBodyLen_mm,References,5-5_AdultBodyMass_g_EXT,16-2_LittersPerYear_EXT,5-6_NeonateBodyMass_g_EXT,5-7_WeaningBodyMass_g_EXT,26-1_GR_Area_km2,26-2_GR_MaxLat_dd,26-3_GR_MinLat_dd,26-4_GR_MidRangeLat_dd,26-5_GR_MaxLong_dd,26-6_GR_MinLong_dd,26-7_GR_MidRangeLong_dd,27-1_HuPopDen_Min_n/km2,27-2_HuPopDen_Mean_n/km2,27-3_HuPopDen_5p_n/km2,27-4_HuPopDen_Change,28-1_Precip_Mean_mm,28-2_Temp_Mean_01degC,30-1_AET_Mean_mm,30-2_PET_Mean_mm
Artiodactyla,Camelidae,Camelus,dromedarius,camelus dromedarius,3.00,492714.47,-999.00,-999.00,-999.00,1651.62,40293.00,407000.00,3.00,-999.00,386.51,1.00,196.32,-999.00,614.41,0.98,1.00,480.00,36751.19,-999.00,0.98,11.00,1947.94,10.00,-999,1.00,1,389.38,-999.00,-999.00,511;543;719;1274;1297;1594;1654;1822;1848;2655;3044,-999.00,-999.00,-999.00,-999.00,-999.00,-999.00,-999.00,-999.00,-999.00,-999.00,-999.00,-999,-999.00,-999.00,-999.00,-999.00,-999.00,-999.00,-999.00
Carnivora,Canidae,Canis,adustus,canis adustus,1.00,10392.49,-999.00,745.32,-999.00,-999.00,-999.00,-999.00,6.00,329.99,65.00,1.00,1.01,1.01,-999.00,4.50,-999.00,137.00,-999.00,-999.00,0.74,-999.00,249.88,-999.00,8,1.00,2,52.89,-999.00,-999.00,542;543;730;1113;1297;1573;2655,-999.00,-999.00,-999.00,-999.00,10581413.14,16.72,-28.73,-6.00,43.55,-17.53,13.00,0,35.20,1.00,0.14,90.75,236.51,922.90,1534.40
Carnivora,Canidae,Canis,aureus,canis aureus,2.00,9658.70,-999.00,827.53,7.50,-999.00,-999.00,-999.00,6.00,-999.00,61.24,1.00,2.95,3.13,365.00,3.74,-999.00,192.00,211.82,-999.00,0.22,-999.00,371.23,-999.00,8,1.00,2,61.30,-999.00,-999.00,543;679;730;1113;1297;1573;2655,-999.00,1.10,-999.00,-999.00,25739527.43,47.00,-4.71,21.14,108.54,-17.05,45.74,0,79.29,0.00,0.10,44.61,217.23,438.02,1358.98
Carnivora,Canidae,Canis,latrans,canis latrans,2.00,11989.10,-999.00,872.39,11.94,365.00,3699.00,10450.00,1.00,255.00,61.74,1.00,18.88,19.91,365.00,5.72,-999.00,262.00,200.01,-999.00,0.25,-999.00,372.90,-999.00,8,1.00,3,43.71,-999.00,-999.00,367;542;543;730;1113;1297;1573;1822;2655,-999.00,1.10,-999.00,-999.00,17099094.30,71.39,8.02,39.70,-67.07,-168.12,-117.60,0,27.27,0.00,0.06,53.03,58.18,503.02,728.37
Carnivora,Canidae,Canis,lupus,canis lupus,2.00,31756.51,-999.00,1055.00,14.01,547.50,11254.20,33100.00,1.00,180.00,63.50,1.00,159.86,43.13,365.00,4.98,2.00,354.00,412.31,-999.00,0.01,-999.00,679.37,-999.00,9,1.00,3,44.82,-999.00,-999.00,367;542;543;730;1015;1052;1113;1297;1573;1594;2338;2655,-999.00,-999.00,-999.00,-999.00,50803439.70,83.27,11.48,47.38,179.65,-171.84,3.90,0,37.87,0.00,0.04,34.79,4.82,313.33,561.11
Artiodactyla,Bovidae,Bos,frontalis,bos frontalis,2.00,800143.05,-999.00,2700.00,-999.00,-999.00,-999.00,-999.00,3.00,-999.00,273.75,-999.00,-999.00,-999.00,403.02,1.22,1.00,314.40,22977.05,-999.00,0.54,-999.00,610.97,40.00,-999,-999.00,1,186.67,-999.00,-999.00,511;543;730;899;1297;1525;1848;2655;2986,-999.00,-999.00,-999.00,-999.00,2294331.63,28.01,2.86,15.43,108.68,73.55,91.12,1,152.67,8.00,0.09,145.21,229.71,1053.45,1483.02
Artiodactyla,Bovidae,Bos,grunniens,bos grunniens,-999.00,500000.00,-999.00,-999.00,-999.00,-999.00,-999.00,-999.00,2.00,-999.00,273.75,-999.00,-999.00,-999.00,-999.00,1.00,1.00,267.00,-999.00,-999.00,-999.00,-999.00,755.15,110.00,-999,-999.00,1,243.33,-999.00,-999.00,511;899;1297;1525;1848;2655,-999.00,-999.00,-999.00,-999.00,1523540.07,38.88,29.66,34.27,99.23,75.91,87.57,0,2.03,0.00,0.05,30.41,-59.31,246.20,732.74
Artiodactyla,Bovidae,Bos,javanicus,bos javanicus,2.00,635974.34,-999.00,2075.00,-999.00,912.50,-999.00,-999.00,2.00,-999.00,296.78,1.00,-999.00,-999.00,-999.00,1.22,1.00,318.96,-999.00,-999.00,0.75,21.00,797.31,40.00,-999,1.00,1,287.74,-999.00,-999.00,511;730;899;1297;1525;1848;2152;2655,-999.00,-999.00,-999.00,-999.00,1687920.66,25.08,-8.78,8.15,118.35,94.94,106.64,1,139.21,4.00,0.11,187.69,239.18,1301.28,1592.26
Primates,Pitheciidae,Callicebus,cupreus,callicebus cupreus,3.00,1117.02,-999.00,354.99,-999.00,-999.00,-999.00,-999.00,-999.00,-999.00,129.25,1.00,-999.00,-999.00,395.41,1.01,-999.00,-999.00,73.60,-999.00,4.89,-999.00,-999.00,2.05,-999,2.00,-999,201.85,-999.00,-999.00,1544;1547;1605;1633;1848;2151;2251;2344;2655;2986,-999.00,1.05,-999.00,-999.00,690923.14,-2.50,-10.67,-6.58,-61.59,-74.92,-68.25,0,1.07,0.00,0.05,196.01,255.36,1529.55,1573.18
Primates,Pitheciidae,Callicebus,discolor,callicebus discolor,-999.00,-999.00,-999.00,-999.00,-999.00,-999.00,-999.00,-999.00,-999.00,-999.00,-999.00,-999.00,-999.00,-999.00,-999.00,-999.00,-999.00,-999.00,-999.00,-999.00,-999.00,-999.00,-999.00,-999.00,-999,-999.00,-999,-999.00,-999.00,-999.00,-999,-999.00,-999.00,-999.00,-999.00,-999.00,-999.00,-999.00,-999.00,-999.00,-999.00,-999.00,-999,-999.00,-999.00,-999.00,-999.00,-999.00,-999.00,-999.00
Primates,Pitheciidae,Callicebus,donacophilus,callicebus donacophilus,3.00,897.67,-999.00,-999.00,-999.00,-999.00,-999.00,-999.00,-999.00,-999.00,-999.00,1.00,-999.00,-999.00,-999.00,1.02,-999.00,-999.00,-999.00,-999.00,-999.00,-999.00,-999.00,1.00,-999,2.00,-999,-999.00,-999.00,-999.00,1547;1605;1633;2151;2655,-999.00,-999.00,-999.00,-999.00,288759.02,-10.45,-21.29,-15.87,-57.52,-67.21,-62.37,0,3.63,0.00,0.17,108.93,244.32,1238.19,1469.11
Primates,Pitheciidae,Callicebus,dubius,callicebus dubius,3.00,992.40,-999.00,-999.00,-999.00,-999.00,-999.00,-999.00,-999.00,-999.00,-999.00,1.00,-999.00,-999.00,-999.00,1.02,-999.00,-999.00,-999.00,-999.00,-999.00,-999.00,-999.00,1.00,-999,2.00,-999,-999.00,-999.00,-999.00,1605;1633;2151;2655,-999.00,-999.00,-999.00,-999.00,-999.00,-999.00,-999.00,-999.00,-999.00,-999.00,-999.00,-999,-999.00,-999.00,-999.00,-999.00,-999.00,-999.00,-999.00
Primates,Pitheciidae,Callicebus,hoffmannsi,callicebus hoffmannsi,3.00,1067.61,-999.00,-999.00,-999.00,-999.00,-999.00,-999.00,-999.00,-999.00,-999.00,1.00,-999.00,-999.00,-999.00,1.02,-999.00,-999.00,-999.00,-999.00,-999.00,-999.00,-999.00,1.00,-999,2.00,-999,-999.00,-999.00,-999.00,1547;1605;1633;2151;2655,-999.00,-999.00,-999.00,-999.00,98076.46,-1.95,-6.00,-3.97,-54.87,-59.21,-57.04,0,2.60,0.00,0.10,158.41,258.18,1417.63,1610.40
Primates,Pitheciidae,Callicebus,lucifer,callicebus lucifer,-999.00,-999.00,-999.00,-999.00,-999.00,-999.00,-999.00,-999.00,-999.00,-999.00,-999.00,-999.00,-999.00,-999.00,-999.00,-999.00,-999.00,-999.00,-999.00,-999.00,-999.00,-999.00,-999.00,-999.00,-999,-999.00,-999,-999.00,-999.00,-999.00,-999,-999.00,-999.00,-999.00,-999.00,-999.00,-999.00,-999.00,-999.00,-999.00,-999.00,-999.00,-999,-999.00,-999.00,-999.00,-999.00,-999.00,-999.00,-999.00
Primates,Pitheciidae,Callicebus,lugens,callicebus lugens,-999.00,-999.00,-999.00,-999.00,-999.00,-999.00,-999.00,-999.00,-999.00,-999.00,-999.00,-999.00,-999.00,-999.00,-999.00,-999.00,-999.00,-999.00,-999.00,-999.00,-999.00,-999.00,-999.00,-999.00,-999,-999.00,-999,-999.00,-999.00,-999.00,-999,-999.00,-999.00,-999.00,-999.00,-999.00,-999.00,-999.00,-999.00,-999.00,-999.00,-999.00,-999,-999.00,-999.00,-999.00,-999.00,-999.00,-999.00,-999.00
Primates,Pitheciidae,Callicebus,medemi,callicebus medemi,-999.00,-999.00,-999.00,-999.00,-999.00,-999.00,-999.00,-999.00,-999.00,-999.00,-999.00,-999.00,-999.00,-999.00,-999.00,-999.00,-999.00,-999.00,-999.00,-999.00,-999.00,-999.00,-999.00,-999.00,-999,-999.00,-999,-999.00,-999.00,-999.00,-999,-999.00,-999.00,-999.00,-999.00,36587.57,0.95,-1.66,-0.35,-74.42,-76.71,-75.56,1,5.60,1.00,0.15,152.17,292.08,1435.56,1446.17
Primates,Pitheciidae,Callicebus,melanochir,callicebus melanochir,-999.00,-999.00,-999.00,-999.00,-999.00,-999.00,-999.00,-999.00,-999.00,-999.00,-999.00,-999.00,-999.00,-999.00,-999.00,-999.00,-999.00,-999.00,-999.00,-999.00,-999.00,-999.00,-999.00,-999.00,-999,-999.00,-999,-999.00,-999.00,-999.00,-999,-999.00,-999.00,-999.00,-999.00,60497.71,-12.83,-18.16,-15.50,-38.72,-40.46,-39.59,7,46.93,11.00,0.08,137.48,232.78,1460.59,1650.42
Primates,Pitheciidae,Callicebus,modestus,callicebus modestus,3.00,992.40,-999.00,-999.00,-999.00,-999.00,-999.00,-999.00,-999.00,-999.00,-999.00,1.00,-999.00,-999.00,-999.00,1.02,-999.00,-999.00,-999.00,-999.00,-999.00,-999.00,-999.00,1.00,-999,2.00,-999,-999.00,-999.00,-999.00,1605;1633;2151;2655,-999.00,-999.00,-999.00,-999.00,17288.42,-14.25,-15.67,-14.96,-65.93,-67.39,-66.66,1,2.76,1.00,0.47,119.01,225.42,1432.14,1548.82
Didelphimorphia,Didelphidae,Caluromys,derbianus,caluromys derbianus,1.00,326.72,-999.00,231.00,-999.00,-999.00,215.11,344.00,3.00,-999.00,-999.00,1.00,-999.00,-999.00,-999.00,3.14,-999.00,60.00,-999.00,-999.00,11.86,-999.00,251.71,1.00,-999,2.00,2,-999.00,-999.00,-999.00,256;498;730;889;890;905;955;1297;1412;1822;2151;2655,-999.00,-999.00,-999.00,-999.00,678553.48,20.73,-2.92,8.90,-76.63,-98.33,-87.48,2,53.45,3.00,0.14,189.71,234.61,1341.70,1596.59
Didelphimorphia,Didelphidae,Caluromys,lanatus,caluromys lanatus,1.00,350.33,-999.00,273.30,-999.00,-999.00,-999.00,-999.00,4.00,-999.00,-999.00,2.00,-999.00,-999.00,-999.00,-999.00,-999.00,60.00,-999.00,-999.00,-999.00,-999.00,-999.00,1.00,-999,2.00,2,-999.00,-999.00,-999.00,543;889;890;905;2151;2655,-999.00,-999.00,-999.00,-999.00,3683731.12,9.07,-28.10,-9.51,-53.20,-77.39,-65.29,0,5.36,0.00,0.13,175.31,245.59,1392.87,1501.45
Didelphimorphia,Didelphidae,Caluromys,philander,caluromys philander,1.00,246.47,-999.00,224.27,75.00,334.58,-999.00,-999.00,4.00,-999.00,23.99,2.00,9.960363e-03,0.02,166.50,4.18,2.00,76.00,0.20,10.00,62.32,-999.00,314.52,1.00,7,2.00,2,119.65,23.00,-999.00,133;256;543;730;889;890;905;955;1297;1533;1534;1573;1760;1773;2151;2159;2225;2431;2655,-999.00,-999.00,-999.00,-999.00,3212264.13,12.20,-24.58,-6.19,-40.35,-72.87,-56.61,0,39.68,0.00,0.12,144.03,239.14,1356.51,1583.70
Didelphimorphia,Didelphidae,Caluromysiops,irrupta,caluromysiops irrupta,1.00,257.48,-999.00,234.52,-999.00,-999.00,-999.00,-999.00,3.00,-999.00,-999.00,1.00,-999.00,-999.00,-999.00,2.00,-999.00,94.00,-999.00,-999.00,8.85,-999.00,-999.00,1.00,-999,2.00,2,-999.00,-999.00,-999.00,543;730;889;905;1297;2151;2655,-999.00,-999.00,-999.00,-999.00,188864.44,-9.34,-12.69,-11.01,-61.99,-73.48,-67.73,0,3.51,0.00,0.27,189.96,246.03,1362.63,1563.51
Cingulata,Dasypodidae,Calyptophractus,retusus,calyptophractus retusus,-999.00,129.99,-999.00,157.50,-999.00,-999.00,-999.00,-999.00,4.00,-999.00,-999.00,2.00,-999.00,-999.00,-999.00,-999.00,-999.00,144.00,-999.00,-999.00,-999.00,-999.00,-999.00,-999.00,-999,1.00,2,-999.00,-999.00,-999.00,543;890;899;2151;2655,-999.00,-999.00,-999.00,-999.00,1081453.80,-12.69,-29.92,-21.30,-56.47,-65.76,-61.11,0,4.33,0.00,0.12,87.68,228.45,1016.90,1327.63
Artiodactyla,Camelidae,Camelus,bactrianus,camelus bactrianus,-999.00,554515.91,-999.00,-999.00,-999.00,1460.00,-999.00,-999.00,2.00,-999.00,397.99,1.00,-999.00,-999.00,730.00,1.39,1.00,480.00,34346.64,-999.00,0.06,-999.00,1330.60,6.20,-999,1.00,1,368.13,-999.00,-999.00,511;543;600;719;899;1297;1848;2401;2655;2987,-999.00,-999.00,-999.00,-999.00,188693.00,44.71,37.98,41.34,97.58,90.75,94.17,0,1.83,0.00,0.01,9.94,53.72,66.85,612.43
Artiodactyla,Bovidae,Bos,sauveli,bos sauveli,2.00,791321.76,-999.00,2175.00,-999.00,-999.00,-999.00,-999.00,2.00,-999.00,-999.00,1.00,-999.00,-999.00,-999.00,-999.00,-999.00,-999.00,-999.00,-999.00,-999.00,-999.00,755.15,20.00,-999,1.00,1,-999.00,-999.00,-999.00,511;899;1525;1848;2655,-999.00,-999.00,-999.00,-999.00,115557.18,15.48,12.04,13.76,107.85,102.98,105.42,2,36.95,3.00,0.12,170.36,251.45,1144.18,1581.73
Artiodactyla,Bovidae,Bos,taurus,bos taurus,-999.00,618642.42,-999.00,-999.00,-999.00,-999.00,-999.00,-999.00,-999.00,-999.00,280.48,-999.00,10.04,-999.00,-999.00,-999.00,1.00,240.00,-999.00,-999.00,-999.00,-999.00,755.15,-999.00,-999,-999.00,-999,-999.00,-999.00,-999.00,543;1052;1577;1594;1758;1848;2655,-999.00,-999.00,-999.00,-999.00,44447.62,15.08,11.85,13.46,108.99,107.08,108.04,2,42.48,3.00,0.15,174.94,228.73,1193.98,1450.23
Artiodactyla,Bovidae,Boselaphus,tragocamelus,boselaphus tragocamelus,-999.00,182253.04,-999.00,2000.00,-999.00,912.50,-999.00,-999.00,5.00,-999.00,248.49,-999.00,-999.00,-999.00,400.50,1.39,-999.00,260.40,5875.00,-999.00,2.39,-999.00,-999.00,-999.00,-999,-999.00,1,-999.00,-999.00,-999.00,543;730;1297;1525;1848;2655;2986,-999.00,1.05,-999.00,-999.00,2192564.81,33.00,11.71,22.35,87.08,68.93,78.00,2,313.30,76.50,0.09,86.66,247.40,750.64,1450.38
Rodentia,Muridae,Brachiones,przewalskii,brachiones przewalskii,-999.00,-999.00,-999.00,-999.00,-999.00,-999.00,-999.00,-999.00,-999.00,-999.00,-999.00,-999.00,-999.00,-999.00,-999.00,-999.00,-999.00,-999.00,-999.00,-999.00,-999.00,-999.00,-999.00,-999.00,-999,-999.00,-999,-999.00,-999.00,-999.00,-999,-999.00,-999.00,-999.00,-999.00,940177.90,42.86,35.46,39.16,102.85,77.15,90.00,0,5.36,0.00,0.05,17.27,68.34,79.67,681.81
Carnivora,Canidae,Canis,mesomelas,canis mesomelas,2.00,8247.30,-999.00,707.27,-999.00,-999.00,-999.00,-999.00,6.00,270.00,62.50,1.00,11.93,12.82,273.75,3.89,-999.00,168.00,177.20,-999.00,0.74,-999.00,241.40,-999.00,8,1.00,2,34.10,-999.00,-999.00,542;543;730;1113;1297;1573;2655,-999.00,1.27,-999.00,-999.00,6248779.95,16.47,-34.83,-9.18,51.41,11.71,31.56,0,30.81,0.00,0.11,49.27,213.33,661.36,1468.10
Carnivora,Canidae,Canis,simensis,canis simensis,3.00,14361.86,-999.00,938.19,-999.00,-999.00,-999.00,-999.00,1.00,180.00,63.61,1.00,4.20,5.02,365.00,-999.00,-999.00,-999.00,-999.00,-999.00,1.20,-999.00,754.74,-999.00,8,1.00,3,69.60,-999.00,-999.00,542;730;1113;1573;2655,-999.00,1.10,-999.00,-999.00,11402.81,13.31,6.55,9.93,39.96,38.02,38.99,30,99.87,30.00,0.15,83.87,99.03,931.35,1471.36
Rodentia,Spalacidae,Cannomys,badius,cannomys badius,-999.00,472.07,-999.00,-999.00,-999.00,-999.00,172.00,344.00,-999.00,-999.00,41.49,-999.00,-999.00,-999.00,-999.00,2.00,-999.00,48.00,-999.00,-999.00,-999.00,-999.00,-999.00,-999.00,-999,-999.00,-999,50.10,-999.00,-999.00,543;1297;1822;2655,-999.00,-999.00,-999.00,-999.00,818286.00,27.85,11.82,19.83,105.88,84.65,95.26,4,86.50,9.00,0.07,159.67,213.64,1063.45,1473.54
Rodentia,Cricetidae,Cansumys,canus,cansumys canus,-999.00,-999.00,-999.00,-999.00,-999.00,-999.00,-999.00,-999.00,-999.00,-999.00,-999.00,-999.00,-999.00,-999.00,-999.00,-999.00,-999.00,-999.00,-999.00,-999.00,-999.00,-999.00,-999.00,-999.00,-999,-999.00,-999,-999.00,-999.00,-999.00,-999,-999.00,-999.00,-999.00,-999.00,267130.76,35.60,31.09,33.34,115.62,102.25,108.94,4,218.11,8.00,0.06,58.53,103.16,742.53,877.60
Cetacea,Neobalaenidae,Caperea,marginata,caperea marginata,-999.00,31999999.98,-999.00,-999.00,-999.00,-999.00,-999.00,-999.00,-999.00,-999.00,-999.00,-999.00,-999.00,-999.00,-999.00,0.98,-999.00,-999.00,-999.00,-999.00,-999.00,-999.00,-999.00,-999.00,-999,-999.00,-999,-999.00,-999.00,-999.00,1297;2655,-999.00,-999.00,-999.00,-999.00,-999.00,-999.00,-999.00,-999.00,-999.00,-999.00,-999.00,-999,-999.00,-999.00,-999.00,-999.00,-999.00,-999.00,-999.00
Artiodactyla,Bovidae,Capra,caucasica,capra caucasica,-999.00,58149.52,-999.00,-999.00,-999.00,-999.00,-999.00,-999.00,-999.00,-999.00,155.00,-999.00,-999.00,-999.00,-999.00,1.09,-999.00,264.00,-999.00,-999.00,-999.00,-999.00,1015.00,-999.00,3,-999.00,-999,-999.00,-999.00,-999.00,543;1297;1525;1848;2555;2655,-999.00,-999.00,-999.00,-999.00,32781.87,43.82,40.83,42.33,48.52,40.00,44.26,9,40.22,10.50,0.02,57.31,-9.89,612.18,710.43
Artiodactyla,Bovidae,Capra,falconeri,capra falconeri,3.00,54303.37,-999.00,1590.00,-999.00,730.00,-999.00,-999.00,2.00,-999.00,167.98,1.00,-999.00,-999.00,-999.00,1.73,-999.00,168.00,-999.00,-999.00,-999.00,11.00,1015.00,-999.00,-999,1.00,1,167.29,-999.00,-999.00,511;543;899;1297;1525;1848;2555;2655,-999.00,-999.00,-999.00,-999.00,155075.85,38.90,28.84,33.87,75.48,65.04,70.26,4,88.36,12.00,0.16,22.18,108.54,340.32,1154.28
Artiodactyla,Bovidae,Capra,hircus,capra hircus,-999.00,47386.47,-999.00,-999.00,-999.00,669.16,-999.00,-999.00,2.00,-999.00,156.00,-999.00,98.30,47.24,365.00,1.45,-999.00,249.60,2136.11,375.56,7.58,-999.00,498.97,-999.00,3,-999.00,1,158.04,-999.00,-999.00,453;543;730;1052;1297;1525;1573;1594;1598;1848;2555;2655;2986,-999.00,1.10,-999.00,-999.00,-999.00,-999.00,-999.00,-999.00,-999.00,-999.00,-999.00,-999,-999.00,-999.00,-999.00,-999.00,-999.00,-999.00,-999.00
Artiodactyla,Bovidae,Capra,ibex,capra ibex,-999.00,69546.83,-999.00,-999.00,-999.00,912.50,-999.00,-999.00,2.00,-999.00,167.50,1.00,-999.00,-999.00,547.50,1.11,-999.00,267.60,2779.07,-999.00,-999.00,-999.00,838.54,-999.00,3,1.00,1,111.75,15683.39,-999.00,511;543;1297;1525;1763;1848;2555;2655,-999.00,0.89,-999.00,-999.00,145098.13,47.90,43.76,45.83,15.50,4.76,10.13,12,135.27,26.00,0.03,87.78,42.76,586.20,627.49
Erinaceomorpha,Erinaceidae,Atelerix,algirus,atelerix algirus,1.00,903.98,-999.00,214.76,-999.00,-999.00,-999.00,-999.00,3.00,-999.00,39.25,-999.00,-999.00,-999.00,-999.00,2.50,2.00,84.00,-999.00,-999.00,-999.00,-999.00,-999.00,-999.00,-999,-999.00,2,39.70,-999.00,-999.00,543;678;1456;2408;2655;2786,-999.00,-999.00,-999.00,-999.00,815329.89,37.34,30.13,33.74,21.77,-9.89,5.94,1,95.57,3.00,0.11,26.26,167.59,327.17,1147.59
Erinaceomorpha,Erinaceidae,Atelerix,frontalis,atelerix frontalis,1.00,329.12,-999.00,181.82,10.00,-999.00,-999.00,-999.00,6.00,-999.00,37.13,1.00,-999.00,-999.00,-999.00,4.99,1.50,-999.00,10.55,52.60,-999.00,-999.00,411.43,1.00,6,1.00,2,34.80,-999.00,-999.00,678;1109;1297;1455;1456;2408;2629;2655;2786,-999.00,-999.00,-999.00,-999.00,1497998.13,-12.43,-33.62,-23.03,31.09,11.76,21.42,0,16.70,1.00,0.10,42.24,186.90,578.50,1322.65
Erinaceomorpha,Erinaceidae,Atelerix,sclateri,atelerix sclateri,1.00,-999.00,-999.00,129.99,-999.00,-999.00,-999.00,-999.00,-999.00,-999.00,-999.00,-999.00,-999.00,-999.00,-999.00,-999.00,-999.00,-999.00,-999.00,-999.00,-999.00,-999.00,-999.00,-999.00,-999,-999.00,-999,-999.00,-999.00,-999.00,678;1456,66.17,-999.00,-999.00,-999.00,198274.28,11.98,6.32,9.15,51.41,45.44,48.42,1,5.95,2.00,0.04,12.20,245.23,155.21,1766.15
Primates,Atelidae,Ateles,belzebuth,ateles belzebuth,3.00,6692.42,-999.00,459.30,-999.00,-999.00,-999.00,-999.00,2.00,-999.00,138.20,1.00,2.28,3.24,-999.00,1.02,-999.00,336.00,-999.00,-999.00,13.49,-999.00,-999.00,14.50,-999,2.00,1,-999.00,-999.00,-999.00,208;543;730;890;1297;1544;1547;1848;2151;2308;2344;2463;2655;2660;2912;2986,-999.00,-999.00,-999.00,-999.00,1030364.23,4.08,-4.98,-0.44,-60.12,-78.54,-69.33,0,2.79,0.00,0.11,227.01,257.68,1493.34,1512.96
Primates,Atelidae,Ateles,chamek,ateles chamek,3.00,7053.92,-999.00,454.28,-999.00,-999.00,-999.00,-999.00,2.00,-999.00,-999.00,1.00,1.16,-999.00,-999.00,-999.00,-999.00,-999.00,-999.00,-999.00,3.39,-999.00,-999.00,-999.00,-999,2.00,1,-999.00,-999.00,-999.00,1544;1547;1848;2145;2151;2251;2655;2912,-999.00,-999.00,-999.00,-999.00,990902.31,-2.58,-11.43,-7.01,-62.25,-77.21,-69.73,0,1.62,0.00,0.10,194.51,254.97,1504.72,1569.06
Primates,Atelidae,Ateles,fusciceps,ateles fusciceps,3.00,9067.94,-999.00,489.15,-999.00,1773.90,-999.00,-999.00,2.00,-999.00,224.70,1.00,-999.00,-999.00,851.66,1.01,-999.00,288.00,499.99,-999.00,-999.00,-999.00,1799.68,-999.00,-999,2.00,1,482.70,-999.00,-999.00,208;543;1297;1544;1547;1848;2151;2344;2489;2493;2655;2660;2986,-999.00,0.71,-999.00,-999.00,201579.73,11.11,1.77,6.44,-73.92,-79.12,-76.52,3,85.93,4.00,0.11,220.34,240.81,1483.74,1654.37
Primates,Atelidae,Ateles,geoffroyi,ateles geoffroyi,3.00,7582.40,-999.00,433.07,-999.00,2080.50,-999.00,-999.00,2.00,-999.00,226.37,1.00,0.73,1.07,1048.15,1.01,-999.00,327.60,425.85,-999.00,19.06,-999.00,2104.57,42.00,-999,2.00,1,816.35,3478.06,-999.00,208;730;1297;1544;1547;1763;1767;1848;2145;2151;2344;2463;2488;2489;2493;2655;2660;2912;2986,-999.00,0.64,-999.00,-999.00,806609.19,24.09,0.67,12.38,-70.23,-98.85,-84.54,2,55.14,4.00,0.14,153.93,243.16,1344.08,1624.94
Primates,Atelidae,Ateles,hybridus,ateles hybridus,-999.00,-999.00,-999.00,-999.00,-999.00,-999.00,-999.00,-999.00,-999.00,-999.00,-999.00,-999.00,-999.00,-999.00,-999.00,-999.00,-999.00,-999.00,-999.00,-999.00,-999.00,-999.00,-999.00,-999.00,-999,-999.00,-999,-999.00,-999.00,-999.00,-999,-999.00,-999.00,-999.00,-999.00,144643.82,11.35,6.26,8.80,-66.36,-75.27,-70.82,1,54.00,1.00,0.13,114.72,255.57,1343.77,1685.22
Primates,Atelidae,Ateles,marginatus,ateles marginatus,3.00,6229.28,-999.00,460.27,-999.00,-999.00,-999.00,-999.00,2.00,-999.00,-999.00,1.00,-999.00,-999.00,-999.00,-999.00,-999.00,-999.00,-999.00,-999.00,-999.00,-999.00,-999.00,-999.00,-999,2.00,1,-999.00,-999.00,-999.00,1544;1848;2151;2655,-999.00,-999.00,-999.00,-999.00,831855.40,-0.54,-8.84,-4.69,-47.70,-64.33,-56.01,0,4.83,0.00,0.11,169.03,252.71,1421.40,1592.48
Primates,Atelidae,Ateles,paniscus,ateles paniscus,3.00,8697.25,-999.00,575.96,-999.00,1825.00,-999.00,-999.00,6.00,-999.00,228.18,1.00,1.36,2.19,1072.18,1.00,-999.00,453.60,478.64,-999.00,8.00,-999.00,2104.57,20.00,-999,2.00,2,805.41,2753.17,-999.00,208;543;730;890;1201;1297;1544;1547;1763;1767;1768;1848;2151;2344;2463;2488;2489;2493;2655;2660;2912;2986;3086,-999.00,0.63,-999.00,-999.00,892635.10,7.28,-3.14,2.06,-50.44,-61.85,-56.14,0,3.25,0.00,0.08,157.69,255.77,1456.60,1696.86
Primates,Pitheciidae,Callicebus,moloch,callicebus moloch,3.00,958.13,-999.00,358.65,-999.00,1095.00,-999.00,-999.00,3.00,-999.00,164.00,1.00,0.02,0.03,365.00,1.01,-999.00,303.60,74.40,125.00,18.43,-999.00,1262.74,2.95,-999,2.00,2,58.85,-999.00,-999.00,208;543;730;890;1297;1512;1547;1605;1768;1848;2151;2344;2464;2489;2493;2520;2655;2660;2986,-999.00,1.10,-999.00,-999.00,911442.78,-1.30,-14.10,-7.70,-48.19,-58.29,-53.24,0,2.40,0.00,0.13,174.03,246.08,1330.45,1530.29
Primates,Pitheciidae,Callicebus,nigrifrons,callicebus nigrifrons,-999.00,-999.00,-999.00,-999.00,-999.00,-999.00,-999.00,-999.00,-999.00,-999.00,-999.00,-999.00,-999.00,-999.00,-999.00,-999.00,-999.00,-999.00,-999.00,-999.00,-999.00,-999.00,-999.00,-999.00,-999,-999.00,-999,-999.00,-999.00,-999.00,-999,-999.00,-999.00,-999.00,-999.00,513267.90,-16.37,-24.44,-20.40,-41.86,-51.33,-46.60,3,136.21,5.00,0.05,128.20,203.70,1160.18,1370.31
Primates,Pitheciidae,Callicebus,oenanthe,callicebus oenanthe,3.00,992.40,-999.00,-999.00,-999.00,-999.00,-999.00,-999.00,-999.00,-999.00,-999.00,1.00,-999.00,-999.00,-999.00,1.02,-999.00,-999.00,-999.00,-999.00,-999.00,-999.00,-999.00,1.00,-999,2.00,-999,-999.00,-999.00,-999.00,1605;1633;2151;2655,-999.00,-999.00,-999.00,-999.00,5807.21,-5.16,-5.98,-5.57,-76.96,-77.67,-77.31,2,8.33,2.00,0.06,139.67,220.50,1287.01,1394.99
Primates,Pitheciidae,Callicebus,olallae,callicebus olallae,3.00,992.40,-999.00,-999.00,-999.00,-999.00,-999.00,-999.00,-999.00,-999.00,-999.00,1.00,-999.00,-999.00,-999.00,1.02,-999.00,-999.00,-999.00,-999.00,-999.00,-999.00,-999.00,1.00,-999,2.00,-999,-999.00,-999.00,-999.00,1605;1633;2151;2655,-999.00,-999.00,-999.00,-999.00,17288.42,-14.25,-15.67,-14.96,-65.93,-67.39,-66.66,1,2.76,1.00,0.47,119.01,225.42,1432.14,1548.82
Primates,Pitheciidae,Callicebus,ornatus,callicebus ornatus,-999.00,-999.00,-999.00,-999.00,-999.00,-999.00,-999.00,-999.00,-999.00,-999.00,-999.00,-999.00,-999.00,-999.00,-999.00,-999.00,-999.00,-999.00,-999.00,-999.00,-999.00,-999.00,-999.00,-999.00,-999,-999.00,-999,-999.00,-999.00,-999.00,-999,-999.00,-999.00,-999.00,-999.00,23066.97,4.38,2.18,3.28,-73.68,-74.77,-74.23,1,104.04,1.00,0.12,130.80,209.30,1484.71,1507.50
Primates,Pitheciidae,Callicebus,pallescens,callicebus pallescens,-999.00,-999.00,-999.00,-999.00,-999.00,-999.00,-999.00,-999.00,-999.00,-999.00,-999.00,-999.00,-999.00,-999.00,-999.00,-999.00,-999.00,-999.00,-999.00,-999.00,-999.00,-999.00,-999.00,-999.00,-999,-999.00,-999,-999.00,-999.00,-999.00,-999,-999.00,-999.00,-999.00,-999.00,93328.33,-16.39,-21.29,-18.84,-57.52,-61.25,-59.39,0,0.63,0.00,0.10,86.34,258.42,1071.44,1315.57
Primates,Pitheciidae,Callicebus,personatus,callicebus personatus,3.00,1390.80,-999.00,362.49,-999.00,-999.00,-999.00,-999.00,4.00,-999.00,-999.00,1.00,0.03,0.05,-999.00,1.01,-999.00,-999.00,-999.00,-999.00,13.03,-999.00,-999.00,2.35,-999,2.00,1,-999.00,-999.00,-999.00,890;899;1544;1547;1605;1848;2145;2151;2344;2464;2655;2660;2986,-999.00,-999.00,-999.00,-999.00,172664.46,-16.02,-22.48,-19.25,-39.58,-43.08,-41.33,7,47.74,11.00,0.06,107.39,212.34,1204.53,1458.54
Primates,Pitheciidae,Callicebus,purinus,callicebus purinus,-999.00,-999.00,-999.00,-999.00,-999.00,-999.00,-999.00,-999.00,-999.00,-999.00,-999.00,-999.00,-999.00,-999.00,-999.00,-999.00,-999.00,-999.00,-999.00,-999.00,-999.00,-999.00,-999.00,-999.00,-999,-999.00,-999,-999.00,-999.00,-999.00,-999,-999.00,-999.00,-999.00,-999.00,-999.00,-999.00,-999.00,-999.00,-999.00,-999.00,-999.00,-999,-999.00,-999.00,-999.00,-999.00,-999.00,-999.00,-999.00
Primates,Pitheciidae,Callicebus,regulus,callicebus regulus,-999.00,-999.00,-999.00,-999.00,-999.00,-999.00,-999.00,-999.00,-999.00,-999.00,-999.00,-999.00,-999.00,-999.00,-999.00,-999.00,-999.00,-999.00,-999.00,-999.00,-999.00,-999.00,-999.00,-999.00,-999,-999.00,-999,-999.00,-999.00,-999.00,-999,-999.00,-999.00,-999.00,-999.00,-999.00,-999.00,-999.00,-999.00,-999.00,-999.00,-999.00,-999,-999.00,-999.00,-999.00,-999.00,-999.00,-999.00,-999.00
Primates,Pitheciidae,Callicebus,stephennashi,callicebus stephennashi,-999.00,-999.00,-999.00,-999.00,-999.00,-999.00,-999.00,-999.00,-999.00,-999.00,-999.00,-999.00,-999.00,-999.00,-999.00,-999.00,-999.00,-999.00,-999.00,-999.00,-999.00,-999.00,-999.00,-999.00,-999,-999.00,-999,-999.00,-999.00,-999.00,-999,-999.00,-999.00,-999.00,-999.00,-999.00,-999.00,-999.00,-999.00,-999.00,-999.00,-999.00,-999,-999.00,-999.00,-999.00,-999.00,-999.00,-999.00,-999.00
Primates,Pitheciidae,Callicebus,torquatus,callicebus torquatus,3.00,1209.57,-999.00,294.99,-999.00,-999.00,-999.00,-999.00,4.00,-999.00,-999.00,1.00,0.11,0.14,-999.00,1.01,-999.00,-999.00,-999.00,-999.00,10.20,-999.00,1683.65,3.85,-999,2.00,2,121.66,-999.00,-999.00,208;730;890;1297;1544;1547;1605;1848;2151;2251;2344;2464;2520;2655;2660;2986,-999.00,-999.00,-999.00,-999.00,-999.00,-999.00,-999.00,-999.00,-999.00,-999.00,-999.00,-999,-999.00,-999.00,-999.00,-999.00,-999.00,-999.00,-999.00
Primates,Cebidae,Callimico,goeldii,callimico goeldii,3.00,558.00,-999.00,280.00,-999.00,491.83,-999.00,-999.00,2.00,-999.00,153.99,1.00,0.32,0.45,182.50,1.05,-999.00,214.80,50.50,-999.00,2.08,-999.00,413.84,6.85,-999,2.00,2,66.53,120.02,-999.00,543;890;905;1125;1297;1320;1544;1547;1611;1767;1848;2151;2251;2344;2489;2493;2655;2660,-999.00,1.56,-999.00,-999.00,462922.05,0.97,-11.64,-5.33,-67.04,-77.15,-72.10,0,3.00,0.00,0.11,209.19,259.78,1476.20,1518.11
Rodentia,Echimyidae,Callistomys,pictus,callistomys pictus,-999.00,518.99,-999.00,-999.00,-999.00,-999.00,-999.00,-999.00,-999.00,-999.00,-999.00,-999.00,-999.00,-999.00,-999.00,-999.00,-999.00,-999.00,-999.00,-999.00,-999.00,-999.00,-999.00,-999.00,-999,-999.00,-999,-999.00,-999.00,-999.00,2655,-999.00,-999.00,-999.00,-999.00,37773.91,-11.33,-13.77,-12.55,-37.36,-39.75,-38.55,17,211.59,20.00,0.08,123.66,239.11,1250.37,1682.91
Primates,Cebidae,Callithrix,acariensis,callithrix acariensis,-999.00,-999.00,-999.00,-999.00,-999.00,-999.00,-999.00,-999.00,-999.00,-999.00,-999.00,-999.00,-999.00,-999.00,-999.00,-999.00,-999.00,-999.00,-999.00,-999.00,-999.00,-999.00,-999.00,-999.00,-999,-999.00,-999,-999.00,-999.00,-999.00,-999,-999.00,-999.00,-999.00,-999.00,79622.42,-8.06,-11.18,-9.62,-61.58,-65.11,-63.34,1,7.50,1.00,0.43,178.99,246.16,1329.16,1576.85
Primates,Cebidae,Callithrix,argentata,callithrix argentata,3.00,382.92,-999.00,-999.00,-999.00,609.55,-999.00,-999.00,4.00,-999.00,-999.00,1.00,-999.00,-999.00,219.60,1.84,-999.00,201.60,35.80,-999.00,7.52,-999.00,701.52,9.50,-999,2.00,2,-999.00,-999.00,-999.00,543;730;890;905;1297;1544;1547;1768;2151;2344;2493;2655;2725;2986,-999.00,1.42,-999.00,-999.00,123514.00,-1.09,-5.09,-3.09,-49.38,-55.24,-52.31,1,3.87,1.00,0.13,171.85,254.42,1412.78,1614.39
Primates,Cebidae,Callithrix,aurita,callithrix aurita,3.00,386.20,-999.00,239.99,-999.00,-999.00,-999.00,-999.00,3.00,-999.00,140.00,1.00,0.08,-999.00,-999.00,2.00,-999.00,-999.00,-999.00,-999.00,-999.00,-999.00,-999.00,6.00,-999,2.00,2,-999.00,-999.00,-999.00,899;1544;1547;2151;2344;2655;2725,-999.00,-999.00,-999.00,-999.00,87653.49,-21.66,-24.65,-23.15,-40.97,-49.07,-45.02,14,398.77,24.00,0.06,148.06,188.19,1243.75,1379.49
Primates,Cebidae,Callithrix,chrysoleuca,callithrix chrysoleuca,3.00,-999.00,-999.00,-999.00,-999.00,-999.00,-999.00,-999.00,-999.00,-999.00,-999.00,-999.00,-999.00,-999.00,-999.00,-999.00,-999.00,-999.00,-999.00,-999.00,-999.00,-999.00,-999.00,-999.00,-999,-999.00,-999,-999.00,-999.00,-999.00,2344;2725,-999.00,-999.00,-999.00,-999.00,60733.28,-3.51,-8.03,-5.77,-58.34,-60.52,-59.43,0,0.44,0.00,0.14,170.99,258.62,1453.35,1598.79
Primates,Cebidae,Callithrix,emiliae,callithrix emiliae,-999.00,309.58,-999.00,-999.00,-999.00,-999.00,-999.00,-999.00,-999.00,-999.00,-999.00,-999.00,-999.00,-999.00,-999.00,-999.00,-999.00,-999.00,-999.00,-999.00,-999.00,-999.00,-999.00,-999.00,-999,-999.00,-999,-999.00,-999.00,-999.00,1547;2986,-999.00,-999.00,-999.00,-999.00,160568.97,-5.54,-13.49,-9.52,-53.34,-56.05,-54.70,0,1.68,1.00,0.17,193.59,249.26,1291.21,1525.99
Primates,Cebidae,Callithrix,flaviceps,callithrix flaviceps,3.00,372.97,-999.00,239.99,-999.00,-999.00,-999.00,-999.00,3.00,-999.00,140.00,1.00,0.22,-999.00,-999.00,2.00,-999.00,-999.00,-999.00,-999.00,11.85,-999.00,-999.00,9.80,-999,2.00,2,-999.00,-999.00,-999.00,899;1544;1547;2151;2344;2655;2725,-999.00,-999.00,-999.00,-999.00,27330.89,-20.39,-21.92,-21.16,-40.81,-43.12,-41.96,36,56.38,37.50,0.05,111.78,200.81,1193.67,1398.92
Primates,Cebidae,Callithrix,geoffroyi,callithrix geoffroyi,3.00,342.00,-999.00,-999.00,-999.00,-999.00,-999.00,-999.00,-999.00,-999.00,-999.00,1.00,-999.00,-999.00,-999.00,-999.00,-999.00,-999.00,-999.00,-999.00,-999.00,-999.00,-999.00,-999.00,-999,2.00,-999,-999.00,-999.00,-999.00,1547;2151;2344;2655;2725;2986,-999.00,-999.00,-999.00,-999.00,132745.30,-16.90,-21.07,-18.99,-39.13,-43.62,-41.38,11,47.67,14.00,0.06,108.43,216.05,1237.94,1455.44
Primates,Cebidae,Callithrix,humeralifera,callithrix humeralifera,3.00,374.99,-999.00,-999.00,-999.00,-999.00,-999.00,-999.00,4.00,-999.00,-999.00,1.00,0.10,0.13,-999.00,-999.00,-999.00,180.00,34.50,-999.00,28.32,-999.00,-999.00,8.50,-999,2.00,2,99.01,-999.00,-999.00,543;730;890;905;1125;1297;1544;1547;2151;2344;2520;2655;2660;2725;2986,-999.00,-999.00,-999.00,-999.00,129628.00,-2.27,-8.45,-5.36,-55.40,-60.50,-57.95,0,1.68,0.00,0.12,163.67,258.66,1433.66,1605.81
Primates,Cebidae,Callithrix,humilis,callithrix humilis,-999.00,-999.00,-999.00,-999.00,-999.00,-999.00,-999.00,-999.00,-999.00,-999.00,-999.00,-999.00,-999.00,-999.00,-999.00,-999.00,-999.00,-999.00,-999.00,-999.00,-999.00,-999.00,-999.00,-999.00,-999,-999.00,-999,-999.00,-999.00,-999.00,-999,-999.00,-999.00,-999.00,-999.00,21239.49,-5.25,-7.65,-6.45,-60.13,-61.49,-60.81,0,0.60,0.00,0.00,172.58,260.07,1483.92,1601.22
Primates,Cebidae,Callithrix,intermedia,callithrix intermedia,3.00,-999.00,-999.00,-999.00,-999.00,-999.00,-999.00,-999.00,-999.00,-999.00,-999.00,-999.00,0.19,-999.00,-999.00,2.00,-999.00,-999.00,-999.00,-999.00,19.97,-999.00,-999.00,11.50,-999,-999.00,-999,-999.00,-999.00,-999.00,1547;2520;2725,-999.00,-999.00,-999.00,-999.00,73178.50,-4.13,-11.95,-8.04,-59.01,-60.88,-59.95,0,0.39,0.00,0.53,179.43,249.52,1334.37,1536.27
Primates,Cebidae,Callithrix,jacchus,callithrix jacchus,3.00,290.21,-999.00,-999.00,-999.00,555.10,152.00,190.00,5.00,-999.00,144.00,1.00,0.02,-999.00,159.80,2.31,-999.00,201.60,27.74,-999.00,508.18,-999.00,455.99,8.55,-999,2.00,2,60.24,96.82,-999.00,208;543;579;730;890;905;1297;1299;1544;1547;1577;1594;1611;1822;2151;2344;2489;2493;2511;2520;2552;2655;2660;2725;2986,-999.00,1.67,-999.00,-999.00,604264.40,-2.78,-10.38,-6.58,-34.79,-45.78,-40.28,1,61.47,2.00,0.06,99.39,249.92,912.68,1488.61
Primates,Cebidae,Callithrix,kuhlii,callithrix kuhlii,3.00,374.99,-999.00,-999.00,-999.00,-999.00,-999.00,-999.00,4.00,-999.00,-999.00,1.00,0.06,-999.00,-999.00,-999.00,-999.00,-999.00,-999.00,-999.00,59.00,-999.00,-999.00,-999.00,-999,2.00,2,-999.00,-999.00,-999.00,890;1547;2151;2344;2655;2725,-999.00,-999.00,-999.00,-999.00,34583.88,-14.40,-16.84,-15.62,-38.85,-40.32,-39.59,7,32.31,9.50,0.08,149.75,229.94,1475.45,1613.32
Primates,Cebidae,Callithrix,leucippe,callithrix leucippe,3.00,-999.00,-999.00,-999.00,-999.00,-999.00,-999.00,-999.00,-999.00,-999.00,-999.00,-999.00,-999.00,-999.00,-999.00,-999.00,-999.00,-999.00,-999.00,-999.00,-999.00,-999.00,-999.00,-999.00,-999,-999.00,-999,-999.00,-999.00,-999.00,2344;2725,-999.00,-999.00,-999.00,-999.00,14616.07,-3.85,-5.41,-4.63,-55.11,-56.36,-55.73,1,1.50,1.00,0.16,171.99,251.20,1381.69,1571.60
Primates,Cebidae,Callithrix,manicorensis,callithrix manicorensis,-999.00,-999.00,-999.00,-999.00,-999.00,-999.00,-999.00,-999.00,-999.00,-999.00,-999.00,-999.00,-999.00,-999.00,-999.00,-999.00,-999.00,-999.00,-999.00,-999.00,-999.00,-999.00,-999.00,-999.00,-999,-999.00,-999,-999.00,-999.00,-999.00,-999,-999.00,-999.00,-999.00,-999.00,18875.99,-5.31,-7.64,-6.48,-60.20,-61.51,-60.85,0,0.60,0.00,0.00,171.12,260.53,1488.51,1603.28
Primates,Cebidae,Callithrix,marcai,callithrix marcai,-999.00,-999.00,-999.00,-999.00,-999.00,-999.00,-999.00,-999.00,-999.00,-999.00,-999.00,-999.00,-999.00,-999.00,-999.00,-999.00,-999.00,-999.00,-999.00,-999.00,-999.00,-999.00,-999.00,-999.00,-999,-999.00,-999,-999.00,-999.00,-999.00,-999,-999.00,-999.00,-999.00,-999.00,44500.24,-7.83,-12.06,-9.95,-59.48,-60.83,-60.16,0,0.77,0.00,0.64,183.11,243.87,1244.72,1492.05
Primates,Cebidae,Callithrix,mauesi,callithrix mauesi,-999.00,443.79,-999.00,-999.00,-999.00,-999.00,-999.00,-999.00,4.00,-999.00,-999.00,1.00,-999.00,-999.00,-999.00,-999.00,-999.00,-999.00,-999.00,-999.00,-999.00,-999.00,-999.00,-999.00,-999,2.00,2,-999.00,-999.00,-999.00,890;1547;2151,-999.00,-999.00,-999.00,-999.00,2038.88,-2.95,-3.45,-3.20,-56.56,-57.05,-56.81,3,5.75,3.00,0.14,143.49,261.00,1431.24,1643.50
Primates,Cebidae,Callithrix,melanura,callithrix melanura,-999.00,-999.00,-999.00,-999.00,-999.00,-999.00,-999.00,-999.00,-999.00,-999.00,-999.00,-999.00,-999.00,-999.00,-999.00,-999.00,-999.00,-999.00,-999.00,-999.00,-999.00,-999.00,-999.00,-999.00,-999,-999.00,-999,-999.00,-999.00,-999.00,-999,-999.00,-999.00,-999.00,-999.00,543620.62,-8.59,-19.88,-14.23,-53.20,-65.04,-59.12,0,4.24,0.00,0.22,126.64,243.35,1166.80,1423.60
Primates,Cebidae,Callithrix,nigriceps,callithrix nigriceps,3.00,401.12,-999.00,-999.00,-999.00,-999.00,-999.00,-999.00,4.00,-999.00,-999.00,1.00,-999.00,-999.00,-999.00,2.00,-999.00,-999.00,-999.00,-999.00,-999.00,-999.00,-999.00,-999.00,-999,2.00,2,-999.00,-999.00,-999.00,890;1547;2151;2344;2725,-999.00,-999.00,-999.00,-999.00,24958.88,-6.18,-8.80,-7.49,-61.41,-62.77,-62.09,0,1.33,0.00,0.12,181.98,256.61,1417.38,1586.97
Primates,Cebidae,Callithrix,penicillata,callithrix penicillata,3.00,339.98,-999.00,-999.00,-999.00,-999.00,-999.00,-999.00,-999.00,-999.00,-999.00,1.00,0.01,-999.00,-999.00,2.00,-999.00,-999.00,-999.00,-999.00,-999.00,-999.00,-999.00,5.90,-999,2.00,-999,-999.00,-999.00,-999.00,1544;1547;2151;2344;2520;2655;2725;2986,-999.00,-999.00,-999.00,-999.00,1325473.30,-2.32,-23.03,-12.68,-40.15,-52.33,-46.24,1,23.65,1.00,0.07,117.22,219.92,1084.95,1442.42
Primates,Cebidae,Callithrix,pygmaea,callithrix pygmaea,3.00,123.94,-999.00,154.60,0.00,840.41,113.99,116.90,3.00,-999.00,134.44,1.00,2.117904e-03,3.087223e-03,182.50,1.93,-999.00,181.20,14.50,-999.00,15.90,-999.00,708.50,6.00,-999,2.00,2,90.73,70.00,-999.00,208;543;730;890;905;1125;1297;1544;1547;1611;1822;1848;2151;2251;2344;2489;2493;2511;2520;2655;2660;2668;2864;2986,-999.00,1.56,-999.00,-999.00,1508925.87,0.59,-12.52,-5.96,-61.36,-78.52,-69.94,0,2.19,0.00,0.10,208.53,256.47,1483.18,1526.07
Primates,Cebidae,Callithrix,saterei,callithrix saterei,3.00,-999.00,-999.00,-999.00,-999.00,-999.00,-999.00,-999.00,-999.00,-999.00,-999.00,-999.00,-999.00,-999.00,-999.00,-999.00,-999.00,-999.00,-999.00,-999.00,-999.00,-999.00,-999.00,-999.00,-999,-999.00,-999,-999.00,-999.00,-999.00,2344;2725,-999.00,-999.00,-999.00,-999.00,18742.81,-3.94,-6.34,-5.14,-58.04,-59.64,-58.84,0,0.75,0.00,0.16,164.67,260.68,1454.20,1609.58
Carnivora,Otariidae,Callorhinus,ursinus,callorhinus ursinus,2.00,55464.82,-999.00,1734.82,0.00,-999.00,-999.00,-999.00,6.00,120.00,358.49,2.00,-999.00,-999.00,365.00,1.04,0.50,420.00,5354.80,-999.00,18.00,-999.00,1683.65,-999.00,-999,1.00,2,108.69,11231.06,-999.00,367;543;1015;1297;1577;1763;2151;2620;2655;2986,-999.00,-999.00,-999.00,-999.00,-999.00,-999.00,-999.00,-999.00,-999.00,-999.00,-999.00,-999,-999.00,-999.00,-999.00,-999.00,-999.00,-999.00,-999.00
Rodentia,Sciuridae,Callosciurus,adamsi,callosciurus adamsi,3.00,208.72,-999.00,203.50,-999.00,-999.00,-999.00,-999.00,6.00,-999.00,-999.00,1.00,-999.00,-999.00,-999.00,1.94,-999.00,-999.00,-999.00,-999.00,-999.00,-999.00,-999.00,-999.00,5,2.00,2,-999.00,-999.00,-999.00,1297;2152;2655,-999.00,-999.00,-999.00,-999.00,30384.46,5.47,2.22,3.84,117.88,113.30,115.59,1,9.09,1.00,0.16,287.63,235.52,1719.17,1747.03
Rodentia,Sciuridae,Callosciurus,albescens,callosciurus albescens,-999.00,-999.00,-999.00,-999.00,-999.00,-999.00,-999.00,-999.00,-999.00,-999.00,-999.00,-999.00,-999.00,-999.00,-999.00,-999.00,-999.00,-999.00,-999.00,-999.00,-999.00,-999.00,-999.00,-999.00,-999,-999.00,-999,-999.00,-999.00,-999.00,-999,-999.00,-999.00,-999.00,-999.00,432350.65,5.65,-5.94,-0.14,106.08,95.18,100.63,20,92.24,28.00,0.14,229.28,252.45,1697.60,1774.17
Rodentia,Sciuridae,Callosciurus,baluensis,callosciurus baluensis,3.00,323.91,-999.00,203.50,-999.00,-999.00,-999.00,-999.00,6.00,-999.00,-999.00,1.00,-999.00,-999.00,-999.00,3.00,-999.00,-999.00,-999.00,-999.00,-999.00,-999.00,-999.00,-999.00,5,2.00,2,-999.00,-999.00,-999.00,2152,-999.00,-999.00,-999.00,-999.00,20853.19,6.26,3.48,4.87,117.07,114.56,115.82,3,18.16,3.00,0.26,271.96,226.05,1790.43,1858.35
Rodentia,Sciuridae,Callosciurus,caniceps,callosciurus caniceps,-999.00,264.91,-999.00,211.08,-999.00,-999.00,-999.00,-999.00,-999.00,-999.00,-999.00,1.00,0.01,0.01,-999.00,2.19,-999.00,114.00,-999.00,-999.00,18.60,-999.00,-999.00,-999.00,-999,2.00,-999,-999.00,-999.00,-999.00,32;730;1297;1971;2530;2655;2844,-999.00,-999.00,-999.00,-999.00,420861.69,20.24,2.65,11.44,103.04,97.69,100.36,3,112.44,8.00,0.08,183.70,249.01,1283.38,1697.82
Rodentia,Sciuridae,Callosciurus,erythraeus,callosciurus erythraeus,-999.00,283.23,-999.00,211.93,-999.00,-999.00,-999.00,-999.00,3.00,-999.00,-999.00,1.00,8.950755e-03,8.781353e-03,-999.00,1.94,2.00,193.20,-999.00,-999.00,622.69,-999.00,-999.00,-999.00,-999,2.00,1,-999.00,-999.00,-999.00,32;543;1297;1573;1971;2584;2655;2799;2844,-999.00,-999.00,-999.00,-999.00,2354368.13,31.76,6.60,19.18,122.13,88.61,105.37,1,206.18,5.00,0.08,142.62,188.90,1101.79,1352.84
Rodentia,Sciuridae,Callosciurus,finlaysonii,callosciurus finlaysonii,-999.00,-999.00,-999.00,-999.00,-999.00,-999.00,-999.00,-999.00,-999.00,-999.00,-999.00,1.00,-999.00,-999.00,-999.00,-999.00,-999.00,-999.00,-999.00,-999.00,-999.00,-999.00,-999.00,-999.00,-999,2.00,-999,-999.00,-999.00,-999.00,32,-999.00,-999.00,-999.00,-999.00,723854.08,20.23,8.55,14.39,108.18,97.26,102.72,2,114.64,7.00,0.10,161.37,250.25,1131.43,1592.30
Rodentia,Sciuridae,Callosciurus,inornatus,callosciurus inornatus,-999.00,-999.00,-999.00,-999.00,-999.00,-999.00,-999.00,-999.00,-999.00,-999.00,-999.00,-999.00,-999.00,-999.00,-999.00,-999.00,-999.00,-999.00,-999.00,-999.00,-999.00,-999.00,-999.00,-999.00,-999,-999.00,-999,-999.00,-999.00,-999.00,-999,-999.00,-999.00,-999.00,-999.00,235249.21,23.10,17.77,20.43,106.37,100.41,103.39,5,113.42,9.00,0.11,129.13,198.19,1067.23,1283.09
Rodentia,Sciuridae,Callosciurus,melanogaster,callosciurus melanogaster,3.00,296.00,-999.00,213.00,-999.00,-999.00,-999.00,-999.00,4.00,-999.00,-999.00,2.00,-999.00,-999.00,-999.00,-999.00,-999.00,-999.00,-999.00,-999.00,-999.00,-999.00,-999.00,-999.00,-999,2.00,2,-999.00,-999.00,-999.00,679;3013,-999.00,-999.00,-999.00,-999.00,5140.87,-0.91,-2.85,-1.88,100.22,98.58,99.40,43,56.87,43.00,0.08,340.00,259.00,-999.00,-999.00
Rodentia,Sciuridae,Callosciurus,nigrovittatus,callosciurus nigrovittatus,3.00,208.30,-999.00,203.50,-999.00,-999.00,-999.00,-999.00,6.00,-999.00,-999.00,1.00,0.01,0.01,-999.00,2.36,-999.00,-999.00,-999.00,-999.00,5.75,-999.00,-999.00,-999.00,5,2.00,2,-999.00,-999.00,-999.00,730;1297;1971;2152;2530;2655;2844,-999.00,-999.00,-999.00,-999.00,1450546.42,7.64,-8.78,-0.56,119.26,95.18,107.22,1,153.65,4.00,0.14,238.90,248.29,1667.44,1736.80
Rodentia,Sciuridae,Callosciurus,notatus,callosciurus notatus,3.00,209.49,-999.00,203.50,-999.00,-999.00,-999.00,-999.00,6.00,-999.00,-999.00,1.00,0.02,0.01,-999.00,2.62,-999.00,115.20,-999.00,-999.00,98.32,-999.00,413.84,-999.00,5,2.00,2,-999.00,-999.00,-999.00,32;543;730;1297;1971;2152;2530;2655;2844,-999.00,-999.00,-999.00,-999.00,1474469.76,9.25,-8.78,0.23,119.26,95.18,107.22,1,153.20,4.00,0.14,237.33,248.57,1665.17,1740.34
Rodentia,Sciuridae,Callosciurus,orestes,callosciurus orestes,3.00,323.91,-999.00,203.50,-999.00,-999.00,-999.00,-999.00,6.00,-999.00,-999.00,1.00,-999.00,-999.00,-999.00,3.00,-999.00,-999.00,-999.00,-999.00,-999.00,-999.00,-999.00,-999.00,5,2.00,2,-999.00,-999.00,-999.00,2152,-999.00,-999.00,-999.00,-999.00,35107.14,6.13,1.91,4.02,117.52,114.19,115.85,1,10.34,1.00,0.23,281.49,223.26,1743.05,1779.12
Rodentia,Sciuridae,Callosciurus,phayrei,callosciurus phayrei,-999.00,-999.00,-999.00,-999.00,-999.00,-999.00,-999.00,-999.00,-999.00,-999.00,-999.00,-999.00,-999.00,-999.00,-999.00,-999.00,-999.00,-999.00,-999.00,-999.00,-999.00,-999.00,-999.00,-999.00,-999,-999.00,-999,-999.00,-999.00,-999.00,-999,-999.00,-999.00,-999.00,-999.00,99941.58,25.01,16.95,20.98,99.69,96.89,98.29,5,45.75,10.00,0.06,126.01,178.20,1059.71,1455.36
Rodentia,Sciuridae,Callosciurus,prevostii,callosciurus prevostii,3.00,400.00,-999.00,247.00,-999.00,-999.00,-999.00,-999.00,6.00,-999.00,46.08,1.00,-999.00,-999.00,-999.00,1.29,-999.00,68.00,16.34,-999.00,-999.00,-999.00,-999.00,-999.00,5,2.00,2,-999.00,-999.00,-999.00,32;1297;1849;2152;2655;2844,-999.00,-999.00,-999.00,-999.00,1315342.19,7.06,-5.94,0.55,119.26,95.18,107.22,1,71.14,4.00,0.15,243.80,248.44,1686.88,1743.09
Rodentia,Sciuridae,Callosciurus,pygerythrus,callosciurus pygerythrus,-999.00,-999.00,-999.00,-999.00,-999.00,-999.00,-999.00,-999.00,-999.00,-999.00,-999.00,1.00,-999.00,-999.00,-999.00,-999.00,-999.00,-999.00,-999.00,-999.00,-999.00,-999.00,-999.00,-999.00,-999,2.00,-999,-999.00,-999.00,-999.00,32,-999.00,-999.00,-999.00,-999.00,503627.21,27.67,16.50,22.08,104.04,90.28,97.16,1,153.56,6.00,0.07,170.22,214.69,1049.62,1357.19
Rodentia,Sciuridae,Callosciurus,quinquestriatus,callosciurus quinquestriatus,-999.00,-999.00,-999.00,-999.00,-999.00,-999.00,-999.00,-999.00,-999.00,-999.00,-999.00,-999.00,-999.00,-999.00,-999.00,-999.00,-999.00,-999.00,-999.00,-999.00,-999.00,-999.00,-999.00,-999.00,-999,-999.00,-999,-999.00,-999.00,-999.00,-999,-999.00,-999.00,-999.00,-999.00,21108.92,25.83,23.59,24.71,98.98,97.46,98.22,20,63.02,20.00,0.06,136.44,79.19,1054.64,1313.57
Rodentia,Cricetidae,Calomys,boliviae,calomys boliviae,-999.00,27.00,-999.00,-999.00,-999.00,-999.00,-999.00,-999.00,-999.00,-999.00,-999.00,-999.00,-999.00,-999.00,-999.00,-999.00,-999.00,-999.00,-999.00,-999.00,-999.00,-999.00,-999.00,-999.00,-999,-999.00,-999,-999.00,-999.00,-999.00,2655,-999.00,-999.00,-999.00,-999.00,108148.20,-17.09,-22.50,-19.80,-63.82,-66.27,-65.04,3,11.29,3.00,0.09,59.05,134.45,760.61,1425.07
Rodentia,Cricetidae,Calomys,callidus,calomys callidus,-999.00,27.00,-999.00,-999.00,-999.00,-999.00,-999.00,-999.00,-999.00,-999.00,-999.00,-999.00,-999.00,-999.00,-999.00,-999.00,-999.00,-999.00,-999.00,-999.00,-999.00,-999.00,13.57,-999.00,-999,-999.00,-999,-999.00,-999.00,-999.00,1297;2655,-999.00,-999.00,-999.00,-999.00,-999.00,-999.00,-999.00,-999.00,-999.00,-999.00,-999.00,-999,-999.00,-999.00,-999.00,-999.00,-999.00,-999.00,-999.00
Rodentia,Cricetidae,Calomys,callosus,calomys callosus,-999.00,44.95,-999.00,-999.00,-999.00,42.00,55.82,48.00,-999.00,-999.00,21.80,2.00,-999.00,-999.00,21.00,4.91,3.00,-999.00,2.40,-999.00,354.30,-999.00,43.18,-999.00,-999,1.00,-999,18.33,12.05,-999.00,730;786;890;1297;1822;2655,-999.00,-999.00,-999.00,-999.00,-999.00,-999.00,-999.00,-999.00,-999.00,-999.00,-999.00,-999,-999.00,-999.00,-999.00,-999.00,-999.00,-999.00,-999.00
Rodentia,Cricetidae,Calomys,expulsus,calomys expulsus,-999.00,39.86,-999.00,-999.00,-999.00,-999.00,-999.00,-999.00,-999.00,-999.00,-999.00,-999.00,-999.00,-999.00,-999.00,-999.00,-999.00,-999.00,-999.00,-999.00,1195.79,-999.00,-999.00,-999.00,-999,-999.00,-999,-999.00,-999.00,-999.00,730,-999.00,-999.00,-999.00,-999.00,-999.00,-999.00,-999.00,-999.00,-999.00,-999.00,-999.00,-999,-999.00,-999.00,-999.00,-999.00,-999.00,-999.00,-999.00
Rodentia,Cricetidae,Calomys,hummelincki,calomys hummelincki,1.00,27.00,-999.00,-999.00,-999.00,-999.00,-999.00,-999.00,-999.00,-999.00,-999.00,1.00,-999.00,-999.00,-999.00,-999.00,-999.00,-999.00,-999.00,-999.00,-999.00,-999.00,-999.00,-999.00,-999,1.00,-999,-999.00,-999.00,-999.00,2151;2655,-999.00,-999.00,-999.00,-999.00,333859.81,12.19,5.54,8.87,-61.01,-72.19,-66.60,0,23.88,0.00,0.14,105.43,258.30,1295.97,1746.07
Rodentia,Cricetidae,Calomys,laucha,calomys laucha,-999.00,14.00,-999.00,-999.00,-999.00,-999.00,-999.00,-999.00,3.00,-999.00,25.00,2.00,-999.00,-999.00,-999.00,5.30,-999.00,-999.00,-999.00,-999.00,-999.00,-999.00,-999.00,-999.00,-999,2.00,2,-999.00,-999.00,-999.00,890;896;1297;2034;2655,-999.00,-999.00,-999.00,-999.00,1239274.00,-15.11,-39.11,-27.11,-53.67,-65.97,-59.82,0,22.38,0.00,0.07,82.65,198.33,953.17,1186.92
Rodentia,Cricetidae,Calomys,lepidus,calomys lepidus,-999.00,20.59,-999.00,-999.00,-999.00,-999.00,28.80,16.00,-999.00,-999.00,-999.00,1.00,-999.00,-999.00,20.75,4.29,-999.00,-999.00,2.00,-999.00,-999.00,-999.00,-999.00,-999.00,-999,1.00,-999,-999.00,-999.00,-999.00,890;1297;1822;2655,-999.00,4.69,-999.00,-999.00,593465.10,-9.22,-23.53,-16.37,-64.61,-76.61,-70.61,0,15.44,0.00,0.06,74.28,67.19,667.13,1296.93
Rodentia,Cricetidae,Calomys,musculinus,calomys musculinus,-999.00,20.20,-999.00,-999.00,-999.00,-999.00,27.59,16.90,3.00,-999.00,20.97,1.00,-999.00,-999.00,-999.00,6.27,-999.00,-999.00,-999.00,-999.00,253.33,-999.00,76.03,-999.00,-999,1.00,2,-999.00,-999.00,-999.00,730;890;896;1297;1822;2033;2034;2655,-999.00,-999.00,-999.00,-999.00,869814.79,-22.73,-40.50,-31.61,-57.54,-68.49,-63.02,0,28.74,1.00,0.08,51.57,145.66,620.00,975.64
Rodentia,Cricetidae,Calomys,sorellus,calomys sorellus,-999.00,20.00,-999.00,-999.00,-999.00,-999.00,-999.00,-999.00,-999.00,-999.00,-999.00,-999.00,-999.00,-999.00,-999.00,-999.00,-999.00,-999.00,-999.00,-999.00,-999.00,-999.00,-999.00,-999.00,-999,-999.00,-999,-999.00,-999.00,-999.00,2655,-999.00,-999.00,-999.00,-999.00,205439.89,-6.35,-16.74,-11.55,-70.55,-79.24,-74.89,3,23.07,4.00,0.06,62.31,70.89,726.99,1342.90
Rodentia,Cricetidae,Calomys,tener,calomys tener,-999.00,13.80,-999.00,69.20,-999.00,-999.00,-999.00,-999.00,-999.00,-999.00,-999.00,-999.00,-999.00,-999.00,-999.00,-999.00,-999.00,-999.00,-999.00,-999.00,-999.00,-999.00,-999.00,-999.00,-999,-999.00,-999,-999.00,-999.00,-999.00,1843;2655,-999.00,-999.00,-999.00,-999.00,915351.64,-12.41,-24.88,-18.65,-40.09,-49.17,-44.63,1,90.74,3.00,0.06,121.18,207.69,1117.14,1407.18
Rodentia,Cricetidae,Calomys,tocantinsi,calomys tocantinsi,-999.00,-999.00,-999.00,-999.00,-999.00,-999.00,-999.00,-999.00,-999.00,-999.00,-999.00,-999.00,-999.00,-999.00,-999.00,-999.00,-999.00,-999.00,-999.00,-999.00,-999.00,-999.00,-999.00,-999.00,-999,-999.00,-999,-999.00,-999.00,-999.00,-999,-999.00,-999.00,-999.00,-999.00,-999.00,-999.00,-999.00,-999.00,-999.00,-999.00,-999.00,-999,-999.00,-999.00,-999.00,-999.00,-999.00,-999.00,-999.00
Rodentia,Cricetidae,Calomys,venustus,calomys venustus,-999.00,49.33,-999.00,-999.00,-999.00,-999.00,70.78,49.50,-999.00,-999.00,-999.00,-999.00,-999.00,-999.00,-999.00,-999.00,-999.00,-999.00,-999.00,-999.00,-999.00,-999.00,-999.00,-999.00,-999,-999.00,-999,-999.00,-999.00,-999.00,1822,-999.00,-999.00,-999.00,-999.00,-999.00,-999.00,-999.00,-999.00,-999.00,-999.00,-999.00,-999,-999.00,-999.00,-999.00,-999.00,-999.00,-999.00,-999.00
Rodentia,Calomyscidae,Calomyscus,bailwardi,calomyscus bailwardi,-999.00,21.38,-999.00,-999.00,-999.00,-999.00,-999.00,-999.00,-999.00,-999.00,-999.00,-999.00,-999.00,-999.00,-999.00,4.00,1.00,-999.00,-999.00,-999.00,354.30,-999.00,-999.00,-999.00,-999,-999.00,-999,-999.00,-999.00,-999.00,730;1297;2655,-999.00,-999.00,-999.00,-999.00,102086.07,34.05,29.11,31.58,53.58,48.88,51.23,30,42.95,31.00,0.12,24.52,130.14,292.44,1293.30
Rodentia,Calomyscidae,Calomyscus,baluchi,calomyscus baluchi,-999.00,-999.00,-999.00,-999.00,-999.00,-999.00,-999.00,-999.00,-999.00,-999.00,-999.00,-999.00,-999.00,-999.00,-999.00,-999.00,-999.00,-999.00,-999.00,-999.00,-999.00,-999.00,-999.00,-999.00,-999,-999.00,-999,-999.00,-999.00,-999.00,-999,-999.00,-999.00,-999.00,-999.00,29169.13,35.11,29.10,32.11,69.67,67.12,68.40,27,96.98,28.00,0.31,31.18,63.53,319.05,1137.82
Rodentia,Calomyscidae,Calomyscus,elburzensis,calomyscus elburzensis,-999.00,-999.00,-999.00,-999.00,-999.00,-999.00,-999.00,-999.00,-999.00,-999.00,-999.00,-999.00,-999.00,-999.00,-999.00,-999.00,-999.00,-999.00,-999.00,-999.00,-999.00,-999.00,-999.00,-999.00,-999,-999.00,-999,-999.00,-999.00,-999.00,-999,-999.00,-999.00,-999.00,-999.00,204039.71,38.27,34.18,36.22,63.24,52.21,57.72,5,30.84,6.00,0.15,28.57,118.02,308.00,1031.21
Rodentia,Calomyscidae,Calomyscus,grandis,calomyscus grandis,-999.00,-999.00,-999.00,-999.00,-999.00,-999.00,-999.00,-999.00,-999.00,-999.00,-999.00,-999.00,-999.00,-999.00,-999.00,-999.00,-999.00,-999.00,-999.00,-999.00,-999.00,-999.00,-999.00,-999.00,-999,-999.00,-999,-999.00,-999.00,-999.00,-999,-999.00,-999.00,-999.00,-999.00,-999.00,-999.00,-999.00,-999.00,-999.00,-999.00,-999.00,-999,-999.00,-999.00,-999.00,-999.00,-999.00,-999.00,-999.00
Rodentia,Calomyscidae,Calomyscus,hotsoni,calomyscus hotsoni,-999.00,-999.00,-999.00,-999.00,-999.00,-999.00,-999.00,-999.00,-999.00,-999.00,-999.00,-999.00,-999.00,-999.00,-999.00,-999.00,-999.00,-999.00,-999.00,-999.00,-999.00,-999.00,-999.00,-999.00,-999,-999.00,-999,-999.00,-999.00,-999.00,-999,-999.00,-999.00,-999.00,-999.00,231.50,26.85,26.69,26.77,65.00,64.83,64.92,12,13.50,12.00,0.12,16.50,207.50,165.50,1467.50
Rodentia,Calomyscidae,Calomyscus,mystax,calomyscus mystax,-999.00,-999.00,-999.00,-999.00,-999.00,-999.00,-999.00,-999.00,-999.00,-999.00,-999.00,-999.00,-999.00,-999.00,-999.00,4.99,2.00,-999.00,-999.00,-999.00,-999.00,-999.00,-999.00,-999.00,-999,-999.00,-999,-999.00,-999.00,-999.00,1297,-999.00,-999.00,-999.00,-999.00,-999.00,-999.00,-999.00,-999.00,-999.00,-999.00,-999.00,-999,-999.00,-999.00,-999.00,-999.00,-999.00,-999.00,-999.00
Rodentia,Calomyscidae,Calomyscus,tsolovi,calomyscus tsolovi,-999.00,-999.00,-999.00,-999.00,-999.00,-999.00,-999.00,-999.00,-999.00,-999.00,-999.00,-999.00,-999.00,-999.00,-999.00,-999.00,-999.00,-999.00,-999.00,-999.00,-999.00,-999.00,-999.00,-999.00,-999,-999.00,-999,-999.00,-999.00,-999.00,-999,-999.00,-999.00,-999.00,-999.00,6.78,32.63,32.60,32.62,36.11,36.08,36.09,156,156.00,156.00,0.18,18.00,171.00,274.00,1348.00
Rodentia,Calomyscidae,Calomyscus,urartensis,calomyscus urartensis,-999.00,-999.00,-999.00,-999.00,-999.00,-999.00,-999.00,-999.00,-999.00,-999.00,-999.00,-999.00,-999.00,-999.00,-999.00,-999.00,-999.00,-999.00,-999.00,-999.00,-999.00,-999.00,-999.00,-999.00,-999,-999.00,-999,-999.00,-999.00,-999.00,-999,-999.00,-999.00,-999.00,-999.00,5580.24,39.54,38.53,39.04,45.78,45.04,45.41,23,55.42,23.00,0.05,31.81,91.45,436.71,862.15
Diprotodontia,Potoroidae,Caloprymnus,campestris,caloprymnus campestris,1.00,927.57,-999.00,-999.00,-999.00,-999.00,-999.00,-999.00,-999.00,-999.00,-999.00,-999.00,-999.00,-999.00,-999.00,1.00,-999.00,156.00,-999.00,-999.00,-999.00,-999.00,-999.00,-999.00,-999,-999.00,-999,-999.00,-999.00,-999.00,543;955;1297;1760;2655,-999.00,-999.00,-999.00,-999.00,-999.00,-999.00,-999.00,-999.00,-999.00,-999.00,-999.00,-999,-999.00,-999.00,-999.00,-999.00,-999.00,-999.00,-999.00
Carnivora,Canidae,Atelocynus,microtis,atelocynus microtis,-999.00,8363.22,-999.00,831.01,-999.00,-999.00,-999.00,-999.00,1.00,-999.00,-999.00,1.00,-999.00,-999.00,-999.00,-999.00,-999.00,132.00,-999.00,-999.00,-999.00,-999.00,-999.00,1.00,-999,1.00,3,-999.00,-999.00,-999.00,543;890;1113;2655,-999.00,-999.00,-999.00,-999.00,7634256.60,4.79,-32.31,-13.76,-43.54,-78.61,-61.08,0,7.43,0.00,0.12,163.06,235.49,1316.27,1488.00
Rodentia,Hystricidae,Atherurus,africanus,atherurus africanus,1.00,2875.65,-999.00,430.99,0.00,-999.00,-999.00,-999.00,5.00,-999.00,108.18,2.00,0.12,0.10,-999.00,1.50,2.75,274.80,146.27,180.00,-999.00,-999.00,-999.00,1.00,-999,2.00,2,45.37,-999.00,-999.00,543;903;904;1297;1573;2151;2359;2655,-999.00,-999.00,-999.00,-999.00,5140711.56,12.42,-12.53,-0.05,36.65,-16.62,10.01,0,44.07,1.00,0.12,139.92,240.77,1261.44,1545.90
Rodentia,Hystricidae,Atherurus,macrourus,atherurus macrourus,1.00,2000.00,-999.00,-999.00,-999.00,-999.00,-999.00,-999.00,5.00,-999.00,-999.00,2.00,-999.00,-999.00,-999.00,1.50,-999.00,-999.00,-999.00,-999.00,-999.00,-999.00,-999.00,-999.00,-999,2.00,2,-999.00,-999.00,-999.00,1297;2151;2655,-999.00,-999.00,-999.00,-999.00,2597040.51,31.40,-5.94,12.72,111.03,92.34,101.69,1,111.44,5.00,0.10,168.29,215.83,1225.15,1515.46
Carnivora,Herpestidae,Atilax,paludinosus,atilax paludinosus,2.00,3600.16,-999.00,499.01,11.50,-999.00,-999.00,-999.00,6.00,-999.00,77.27,2.00,1.73,1.62,182.50,2.00,2.00,209.00,100.00,-999.00,-999.00,-999.00,234.83,-999.00,4,1.00,2,35.89,549.99,-999.00,543;1113;1297;1573;2655,-999.00,-999.00,-999.00,-999.00,14296320.45,17.06,-34.83,-8.88,41.88,-16.82,12.52,0,37.15,1.00,0.13,99.93,233.39,986.68,1518.76
Rodentia,Sciuridae,Atlantoxerus,getulus,atlantoxerus getulus,-999.00,250.57,-999.00,189.10,-999.00,-999.00,-999.00,-999.00,-999.00,-999.00,-999.00,-999.00,-999.00,-999.00,-999.00,-999.00,-999.00,108.00,-999.00,-999.00,-999.00,-999.00,-999.00,-999.00,-999,-999.00,-999,-999.00,-999.00,-999.00,543;2495;2655,-999.00,-999.00,-999.00,-999.00,179364.26,34.96,28.29,31.63,-3.27,-10.01,-6.64,4,77.86,5.00,0.06,25.60,156.01,384.71,1270.58
Rodentia,Cricetidae,Auliscomys,boliviensis,auliscomys boliviensis,3.00,70.91,-999.00,-999.00,-999.00,-999.00,110.59,76.80,-999.00,-999.00,-999.00,1.00,-999.00,-999.00,-999.00,3.40,-999.00,-999.00,-999.00,-999.00,-999.00,-999.00,-999.00,-999.00,-999,1.00,-999,-999.00,-999.00,-999.00,424;890;1297;1822;2655,-999.00,-999.00,-999.00,-999.00,207032.77,-14.83,-19.94,-17.39,-64.89,-72.09,-68.49,0,23.75,1.00,0.06,54.21,71.72,622.69,1213.64
Rodentia,Cricetidae,Auliscomys,pictus,auliscomys pictus,-999.00,48.97,-999.00,-999.00,-999.00,-999.00,-999.00,-999.00,-999.00,-999.00,-999.00,-999.00,-999.00,-999.00,-999.00,-999.00,-999.00,-999.00,-999.00,-999.00,232.95,-999.00,-999.00,-999.00,-999,-999.00,-999,-999.00,-999.00,-999.00,730;2655,-999.00,-999.00,-999.00,-999.00,309321.99,-10.22,-17.82,-14.02,-66.90,-76.72,-71.81,1,20.05,4.00,0.05,96.91,80.66,848.79,1322.48
Rodentia,Cricetidae,Auliscomys,sublimis,auliscomys sublimis,-999.00,38.00,-999.00,-999.00,-999.00,-999.00,-999.00,-999.00,-999.00,-999.00,-999.00,1.00,-999.00,-999.00,-999.00,-999.00,-999.00,-999.00,-999.00,-999.00,-999.00,-999.00,-999.00,-999.00,-999,1.00,-999,-999.00,-999.00,-999.00,890;2655,-999.00,-999.00,-999.00,-999.00,497531.43,-13.40,-24.79,-19.09,-64.22,-73.34,-68.78,0,13.30,0.00,0.06,62.02,38.57,591.15,1268.04
Primates,Indriidae,Avahi,laniger,avahi laniger,1.00,1092.28,-999.00,275.00,-999.00,941.70,-999.00,-999.00,3.00,-999.00,136.15,2.00,0.01,0.01,365.00,1.01,1.00,-999.00,-999.00,89.99,84.85,-999.00,-999.00,2.00,2,2.00,1,149.15,-999.00,-999.00,208;511;730;1046;1048;1261;1262;1297;1544;1547;1848;2151;2344;2488;2493;2655;2973;2986,-999.00,-999.00,32.97,-999.00,85075.49,-14.08,-25.17,-19.63,50.45,46.57,48.51,5,39.98,8.00,0.18,176.90,197.46,1334.06,1600.05
Primates,Indriidae,Avahi,occidentalis,avahi occidentalis,2.00,828.98,-999.00,-999.00,-999.00,-999.00,-999.00,-999.00,1.00,-999.00,-999.00,1.00,0.01,0.02,-999.00,1.02,-999.00,-999.00,-999.00,-999.00,66.99,-999.00,-999.00,3.00,-999,2.00,1,-999.00,-999.00,-999.00,511;1048;1261;1262;1544;1547;2344;2655;2972;2973,-999.00,-999.00,-999.00,-999.00,7563.78,-15.61,-19.15,-17.38,47.59,44.63,46.11,2,10.79,2.00,0.14,118.44,249.49,981.46,1557.76
Primates,Indriidae,Avahi,unicolor,avahi unicolor,-999.00,-999.00,-999.00,-999.00,-999.00,-999.00,-999.00,-999.00,-999.00,-999.00,-999.00,-999.00,-999.00,-999.00,-999.00,-999.00,-999.00,-999.00,-999.00,-999.00,-999.00,-999.00,-999.00,-999.00,-999,-999.00,-999,-999.00,-999.00,-999.00,-999,-999.00,-999.00,-999.00,-999.00,2508.24,-13.77,-14.47,-14.12,48.58,48.01,48.30,8,14.75,8.00,0.18,140.00,207.51,1209.75,1682.36
Artiodactyla,Cervidae,Axis,axis,axis axis,-999.00,69499.99,-999.00,-999.00,-999.00,-999.00,-999.00,-999.00,-999.00,-999.00,227.49,-999.00,0.67,2.67,425.83,1.01,-999.00,249.60,3156.86,-999.00,6.69,-999.00,543.68,-999.00,-999,-999.00,-999,121.66,-999.00,-999.00,543;653;730;789;1297;1573;2044;2525;2655;2986;3010,-999.00,1.01,-999.00,-999.00,2041090.04,28.58,5.91,17.25,89.82,73.11,81.46,22,361.47,93.00,0.09,96.14,256.61,814.10,1480.62
Artiodactyla,Cervidae,Axis,calamianensis,axis calamianensis,3.00,39812.60,-999.00,1387.44,-999.00,-999.00,-999.00,-999.00,-999.00,-999.00,224.00,-999.00,-999.00,-999.00,-999.00,2.00,-999.00,-999.00,-999.00,-999.00,-999.00,-999.00,-999.00,-999.00,-999,-999.00,-999,-999.00,-999.00,-999.00,899;2152;2655;3010,-999.00,-999.00,-999.00,-999.00,1345.40,12.33,11.66,11.99,120.34,119.84,120.09,29,36.99,29.00,0.21,-999.00,-999.00,-999.00,-999.00
Artiodactyla,Cervidae,Axis,kuhlii,axis kuhlii,3.00,54999.99,-999.00,1375.00,-999.00,-999.00,-999.00,-999.00,2.00,-999.00,227.49,-999.00,-999.00,-999.00,-999.00,1.22,1.30,-999.00,-999.00,-999.00,4.44,-999.00,-999.00,-999.00,-999,-999.00,1,-999.00,-999.00,-999.00,132;899;2525;2655;3010,-999.00,-999.00,-999.00,-999.00,197.86,-5.72,-5.86,-5.79,112.73,112.56,112.64,625,625.00,625.00,0.01,-999.00,-999.00,-999.00,-999.00
Artiodactyla,Cervidae,Axis,porcinus,axis porcinus,-999.00,37448.29,-999.00,-999.00,-999.00,-999.00,-999.00,-999.00,3.00,-999.00,220.13,-999.00,0.52,-999.00,-999.00,1.00,-999.00,240.00,2483.33,-999.00,16.50,-999.00,464.04,1.80,-999,-999.00,1,-999.00,-999.00,-999.00,543;653;730;789;1297;2655;2986;3010,-999.00,-999.00,-999.00,-999.00,2017514.05,32.58,8.55,20.57,107.57,67.83,87.70,0,144.43,6.00,0.09,136.98,213.51,979.62,1418.55
Artiodactyla,Suidae,Babyrousa,babyrussa,babyrousa babyrussa,3.00,92950.09,-999.00,950.00,-999.00,-999.00,-999.00,-999.00,6.00,-999.00,156.50,1.00,-999.00,-999.00,-999.00,1.73,1.50,288.00,715.00,-999.00,-999.00,-999.00,362.50,4.50,4,1.00,2,212.91,-999.00,-999.00,511;543;645;899;1297;1848;2180;2228;2655,-999.00,-999.00,-999.00,-999.00,13309.70,-1.62,-3.84,-2.73,127.26,124.33,125.80,5,12.93,5.00,0.01,281.24,223.00,-999.00,-999.00
Artiodactyla,Suidae,Babyrousa,bolabatuensis,babyrousa bolabatuensis,-999.00,-999.00,-999.00,-999.00,-999.00,-999.00,-999.00,-999.00,-999.00,-999.00,-999.00,-999.00,-999.00,-999.00,-999.00,-999.00,-999.00,-999.00,-999.00,-999.00,-999.00,-999.00,-999.00,-999.00,-999,-999.00,-999,-999.00,-999.00,-999.00,-999,-999.00,-999.00,-999.00,-999.00,-999.00,-999.00,-999.00,-999.00,-999.00,-999.00,-999.00,-999,-999.00,-999.00,-999.00,-999.00,-999.00,-999.00,-999.00
Artiodactyla,Suidae,Babyrousa,celebensis,babyrousa celebensis,-999.00,-999.00,-999.00,-999.00,-999.00,-999.00,-999.00,-999.00,-999.00,-999.00,-999.00,-999.00,-999.00,-999.00,-999.00,-999.00,-999.00,-999.00,-999.00,-999.00,-999.00,-999.00,-999.00,-999.00,-999,-999.00,-999,-999.00,-999.00,-999.00,-999,-999.00,-999.00,-999.00,-999.00,47657.62,1.55,-4.31,-1.37,125.29,119.82,122.55,17,45.21,17.00,0.07,231.15,206.52,1808.07,1884.79
Cetacea,Balaenopteridae,Balaenoptera,musculus,balaenoptera musculus,-999.00,154321304.50,-999.00,30480.00,-999.00,-999.00,-999.00,-999.00,1.00,-999.00,326.97,1.00,-999.00,-999.00,821.25,1.00,0.45,1320.00,2738612.79,7236.55,-999.00,1.00,1959.80,1.25,-999,-999.00,3,211.71,16999999.97,-999.00,172;511;543;899;1004;1015;1217;1297;2151;2409;2655,-999.00,-999.00,-999.00,-999.00,-999.00,-999.00,-999.00,-999.00,-999.00,-999.00,-999.00,-999,-999.00,-999.00,-999.00,-999.00,-999.00,-999.00,-999.00
Cetacea,Balaenopteridae,Balaenoptera,physalus,balaenoptera physalus,-999.00,47506008.23,-999.00,20641.06,-999.00,-999.00,-999.00,-999.00,2.00,-999.00,338.36,1.00,-999.00,-999.00,730.00,1.01,0.37,1392.00,1899999.99,6273.75,-999.00,1.50,2666.41,-999.00,-999,-999.00,3,196.58,-999.00,12000.00,24;27;543;899;1004;1015;1217;1297;1577;2151;2655,-999.00,-999.00,-999.00,6395530.42,-999.00,-999.00,-999.00,-999.00,-999.00,-999.00,-999.00,-999,-999.00,-999.00,-999.00,-999.00,-999.00,-999.00,-999.00
Chiroptera,Emballonuridae,Balantiopteryx,infusca,balantiopteryx infusca,1.00,-999.00,38.99,-999.00,-999.00,-999.00,-999.00,-999.00,-999.00,-999.00,-999.00,1.00,-999.00,-999.00,-999.00,-999.00,-999.00,-999.00,-999.00,-999.00,-999.00,-999.00,-999.00,-999.00,-999,2.00,-999,-999.00,-999.00,-999.00,889;1658;2151,9.05,-999.00,-999.00,-999.00,68801.56,1.43,-2.73,-0.64,-78.29,-80.97,-79.63,0,83.28,9.00,0.11,121.57,242.20,1124.51,1461.07
Chiroptera,Emballonuridae,Balantiopteryx,io,balantiopteryx io,1.00,3.97,37.00,40.20,-999.00,-999.00,-999.00,-999.00,-999.00,-999.00,-999.00,1.00,-999.00,-999.00,-999.00,1.00,-999.00,-999.00,0.59,25.02,-999.00,-999.00,-999.00,-999.00,-999,2.00,-999,-999.00,-999.00,-999.00,125;889;1297;1609;1658;2151;2655,-999.00,-999.00,-999.00,-999.00,211758.21,18.80,15.00,16.90,-88.21,-96.39,-92.30,3,40.29,4.00,0.13,144.32,239.45,1366.65,1623.94
Chiroptera,Emballonuridae,Balantiopteryx,plicata,balantiopteryx plicata,1.00,6.57,42.23,-999.00,-999.00,365.00,-999.00,-999.00,1.00,-999.00,138.81,1.00,-999.00,-999.00,-999.00,0.99,1.00,-999.00,2.00,-999.00,-999.00,112.50,-999.00,-999.00,-999,2.00,3,58.59,-999.00,-999.00,126;426;429;889;1297;1658;1705;1814;2143;2151;2537;2655,-999.00,-999.00,-999.00,-999.00,841946.43,27.13,9.36,18.24,-71.82,-110.03,-90.93,3,88.19,8.00,0.09,106.96,216.78,1061.85,1571.82
Chiroptera,Pteropodidae,Balionycteris,maculata,balionycteris maculata,-999.00,14.43,40.96,-999.00,-999.00,-999.00,-999.00,-999.00,1.00,-999.00,-999.00,1.00,-999.00,-999.00,-999.00,1.00,-999.00,-999.00,-999.00,-999.00,-999.00,-999.00,-999.00,-999.00,-999,2.00,1,-999.00,-999.00,-999.00,196;360;1343;1658;2017;2143;2151;2655;2719,-999.00,-999.00,-999.00,-999.00,870187.37,7.09,-5.94,0.57,119.26,95.18,107.22,1,90.03,4.00,0.14,244.15,249.46,1690.56,1755.34
Rodentia,Muridae,Bandicota,bengalensis,bandicota bengalensis,-999.00,226.99,-999.00,-999.00,-999.00,91.25,-999.00,-999.00,-999.00,-999.00,18.89,-999.00,-999.00,-999.00,61.90,7.29,5.90,-999.00,4.85,47.00,-999.00,-999.00,63.52,-999.00,-999,-999.00,-999,30.03,22.90,-999.00,456;1297;2655,-999.00,-999.00,-999.00,-999.00,3698085.54,34.20,5.91,20.06,97.54,66.50,82.02,0,320.61,24.00,0.09,107.29,236.14,810.44,1418.33
Rodentia,Muridae,Bandicota,indica,bandicota indica,-999.00,583.09,-999.00,-999.00,-999.00,272.50,-999.00,-999.00,-999.00,-999.00,20.26,-999.00,-999.00,-999.00,71.25,6.12,-999.00,-999.00,9.77,-999.00,-999.00,-999.00,145.81,-999.00,-999,-999.00,-999,27.30,41.00,-999.00,456;1297;2655,-999.00,2.51,-999.00,-999.00,6308602.34,34.13,5.91,20.02,122.00,62.27,92.13,1,264.57,11.00,0.09,111.99,228.78,864.32,1417.41
Artiodactyla,Bovidae,Cephalophus,niger,cephalophus niger,-999.00,19094.32,-999.00,1041.80,-999.00,-999.00,-999.00,-999.00,7.00,-999.00,126.00,1.00,-999.00,-999.00,-999.00,1.00,-999.00,122.04,1940.00,-999.00,1.14,-999.00,-999.00,-999.00,4,1.00,2,89.49,-999.00,-999.00,869;1297;1525;1848;2655;2693;3046,-999.00,-999.00,-999.00,-999.00,726891.40,9.29,4.29,6.79,6.75,-13.29,-3.26,3,100.88,8.00,0.10,154.49,259.80,1256.50,1574.35
Artiodactyla,Bovidae,Cephalophus,nigrifrons,cephalophus nigrifrons,2.00,14676.33,-999.00,944.21,-999.00,-999.00,-999.00,-999.00,4.00,-999.00,-999.00,1.00,-999.00,-999.00,-999.00,-999.00,-999.00,236.40,-999.00,-999.00,2.00,-999.00,-999.00,-999.00,4,1.00,1,-999.00,-999.00,-999.00,543;869;904;1525;1848;2655;2693;3046,-999.00,-999.00,-999.00,-999.00,2766201.07,5.12,-9.85,-2.36,37.79,8.69,23.24,0,27.94,1.00,0.13,140.38,238.38,1348.71,1548.31
Artiodactyla,Bovidae,Cephalophus,ogilbyi,cephalophus ogilbyi,3.00,18386.42,-999.00,1000.00,-999.00,-999.00,-999.00,-999.00,-999.00,-999.00,121.66,-999.00,0.07,0.08,-999.00,1.00,-999.00,-999.00,-999.00,-999.00,-999.00,-999.00,-999.00,-999.00,4,-999.00,-999,-999.00,-999.00,-999.00,1297;1525;1848;2655;2693;3046,-999.00,-999.00,-999.00,-999.00,231511.16,7.15,-3.46,1.84,12.62,5.99,9.31,1,104.03,1.00,0.09,190.65,251.54,1242.62,1549.15
Artiodactyla,Bovidae,Cephalophus,rufilatus,cephalophus rufilatus,3.00,12114.57,-999.00,650.00,-999.00,794.63,-999.00,-999.00,5.00,-999.00,233.99,1.00,-999.00,-999.00,-999.00,1.00,-999.00,114.00,975.10,-999.00,3.18,-999.00,-999.00,1.00,4,1.00,2,85.59,-999.00,-999.00,730;869;1297;1525;1848;2655;2693;3046,-999.00,-999.00,-999.00,-999.00,3098970.49,16.10,2.73,9.41,31.61,-17.53,7.03,0,46.79,1.00,0.11,108.89,259.92,973.28,1601.70
Artiodactyla,Bovidae,Cephalophus,silvicultor,cephalophus silvicultor,2.00,62006.60,-999.00,1324.76,-999.00,-999.00,-999.00,-999.00,5.00,-999.00,234.43,1.00,-999.00,-999.00,306.00,1.00,-999.00,207.96,4400.72,-999.00,0.50,-999.00,-999.00,1.00,4,1.00,2,34.90,-999.00,-999.00,511;869;904;1297;1525;1833;1848;2655;2693;3046,-999.00,1.20,-999.00,-999.00,6018051.89,13.58,-17.38,-1.89,37.39,-16.79,10.29,0,36.82,1.00,0.13,132.70,240.01,1197.42,1541.12
Artiodactyla,Bovidae,Cephalophus,spadix,cephalophus spadix,1.00,56857.02,-999.00,1174.48,-999.00,-999.00,-999.00,-999.00,3.00,-999.00,-999.00,1.00,-999.00,-999.00,-999.00,-999.00,-999.00,65.04,-999.00,-999.00,-999.00,-999.00,-999.00,-999.00,4,1.00,1,-999.00,-999.00,-999.00,511;1525;1848;2655;2693;3046,-999.00,-999.00,-999.00,-999.00,36583.37,-2.60,-9.48,-6.04,38.83,33.33,36.08,8,49.38,11.00,0.16,77.30,222.71,950.45,1534.15
Artiodactyla,Bovidae,Cephalophus,weynsi,cephalophus weynsi,-999.00,-999.00,-999.00,-999.00,-999.00,-999.00,-999.00,-999.00,-999.00,-999.00,-999.00,-999.00,-999.00,-999.00,-999.00,-999.00,-999.00,183.00,-999.00,-999.00,-999.00,-999.00,-999.00,-999.00,-999,-999.00,-999,-999.00,-999.00,-999.00,1525,-999.00,-999.00,-999.00,-999.00,1692834.41,5.14,-6.81,-0.83,37.26,16.17,26.72,0,42.21,3.00,0.16,134.53,234.61,1411.19,1589.32
Artiodactyla,Bovidae,Cephalophus,zebra,cephalophus zebra,-999.00,15654.75,-999.00,874.99,-999.00,-999.00,-999.00,-999.00,3.00,-999.00,223.89,1.00,-999.00,-999.00,-999.00,1.00,-999.00,146.04,1704.99,-999.00,-999.00,-999.00,-999.00,-999.00,4,1.00,2,13.64,-999.00,-999.00,511;1297;1525;1848;2655;2693;3046,-999.00,-999.00,-999.00,-999.00,171546.51,8.55,4.35,6.45,-5.50,-11.79,-8.64,3,37.94,5.00,0.03,214.55,247.86,1342.39,1540.94
Cetacea,Delphinidae,Cephalorhynchus,commersonii,cephalorhynchus commersonii,-999.00,72400.00,-999.00,-999.00,-999.00,-999.00,-999.00,-999.00,1.00,-999.00,-999.00,1.00,-999.00,-999.00,-999.00,0.98,-999.00,216.00,5834.74,-999.00,-999.00,-999.00,2207.29,-999.00,-999,-999.00,3,-999.00,-999.00,-999.00,543;890;1297;2151;2655,-999.00,-999.00,-999.00,-999.00,-999.00,-999.00,-999.00,-999.00,-999.00,-999.00,-999.00,-999,-999.00,-999.00,-999.00,-999.00,-999.00,-999.00,-999.00
Cetacea,Delphinidae,Cephalorhynchus,eutropia,cephalorhynchus eutropia,-999.00,45000.00,-999.00,-999.00,-999.00,-999.00,-999.00,-999.00,1.00,-999.00,-999.00,1.00,-999.00,-999.00,-999.00,0.97,-999.00,-999.00,-999.00,-999.00,-999.00,-999.00,-999.00,-999.00,-999,-999.00,3,-999.00,-999.00,-999.00,511;1297;2151;2655,-999.00,-999.00,-999.00,-999.00,-999.00,-999.00,-999.00,-999.00,-999.00,-999.00,-999.00,-999,-999.00,-999.00,-999.00,-999.00,-999.00,-999.00,-999.00
Cetacea,Delphinidae,Cephalorhynchus,heavisidii,cephalorhynchus heavisidii,-999.00,39999.99,-999.00,-999.00,-999.00,-999.00,-999.00,-999.00,-999.00,-999.00,-999.00,1.00,-999.00,-999.00,-999.00,0.97,-999.00,-999.00,9174.84,-999.00,-999.00,-999.00,-999.00,-999.00,-999,-999.00,-999,-999.00,-999.00,-999.00,1297;2151;2655,-999.00,-999.00,-999.00,-999.00,-999.00,-999.00,-999.00,-999.00,-999.00,-999.00,-999.00,-999,-999.00,-999.00,-999.00,-999.00,-999.00,-999.00,-999.00
Cetacea,Delphinidae,Cephalorhynchus,hectori,cephalorhynchus hectori,3.00,49999.99,-999.00,-999.00,-999.00,2920.00,-999.00,-999.00,1.00,-999.00,-999.00,1.00,-999.00,-999.00,-999.00,1.00,0.42,240.00,-999.00,-999.00,-999.00,11.00,2768.53,5.00,-999,-999.00,3,355.65,-999.00,-999.00,232;899;1297;2151;2655,-999.00,-999.00,-999.00,-999.00,-999.00,-999.00,-999.00,-999.00,-999.00,-999.00,-999.00,-999,-999.00,-999.00,-999.00,-999.00,-999.00,-999.00,-999.00
Perissodactyla,Rhinocerotidae,Ceratotherium,simum,ceratotherium simum,2.00,2285939.43,-999.00,2586.81,-999.00,2463.75,-999.00,-999.00,1.00,902.99,534.19,1.00,19.09,19.00,967.25,1.00,-999.00,600.00,48500.00,-999.00,0.47,3.75,2741.23,-999.00,-999,1.00,1,365.00,274482.35,-999.00,543;674;730;899;997;1196;1297;1348;1573;1763;2202;2232;2283;2335;2354;2355;2582;2613;2629;2655;2777;2887;2908;3136,-999.00,0.67,-999.00,-999.00,3184467.13,9.74,-29.91,-10.08,39.53,12.96,26.25,0,18.23,0.00,0.11,60.61,216.38,729.59,1458.59
Diprotodontia,Burramyidae,Cercartetus,caudatus,cercartetus caudatus,1.00,23.05,-999.00,97.97,49.50,465.00,-999.00,-999.00,3.00,-999.00,-999.00,3.00,-999.00,-999.00,183.00,2.37,2.00,38.40,-999.00,-999.00,49.99,-999.00,464.04,3.00,4,2.00,2,76.04,8.97,-999.00,131;511;661;955;975;977;1297;1760;1991;2152;2644;2645;2655;2877;2969,-999.00,-999.00,-999.00,-999.00,221311.97,-1.09,-18.08,-9.58,150.93,133.77,142.35,0,8.67,0.00,0.13,233.35,203.07,1518.15,1688.53
Diprotodontia,Burramyidae,Cercartetus,concinnus,cercartetus concinnus,1.00,15.96,-999.00,-999.00,-999.00,410.62,22.32,18.60,-999.00,-999.00,52.14,2.00,-999.00,-999.00,122.00,4.60,1.00,-999.00,0.01,-999.00,-999.00,-999.00,-999.00,-999.00,6,2.00,-999,49.99,-999.00,-999.00,511;955;1297;1760;1822;2484;2644;2655;2880;2969,-999.00,-999.00,-999.00,-999.00,611282.88,-29.99,-37.65,-33.82,142.31,114.97,128.64,0,5.63,0.00,0.03,34.84,162.41,363.02,1088.35
Diprotodontia,Burramyidae,Cercartetus,lepidus,cercartetus lepidus,1.00,8.03,-999.00,-999.00,-999.00,-999.00,18.77,12.60,2.00,-999.00,-999.00,2.00,-999.00,-999.00,365.00,3.33,-999.00,-999.00,-999.00,-999.00,-999.00,-999.00,-999.00,-999.00,4,2.00,2,89.99,-999.00,-999.00,511;955;1297;1466;1760;1822;2655;2969,-999.00,1.10,-999.00,-999.00,93697.61,-34.31,-43.64,-38.97,148.35,136.53,142.44,0,4.17,0.00,-0.06,49.34,130.35,474.06,888.43
Diprotodontia,Burramyidae,Cercartetus,nanus,cercartetus nanus,1.00,26.85,-999.00,-999.00,-999.00,152.08,55.90,65.00,4.00,-999.00,-999.00,2.00,5.564565e-03,5.22055e-03,139.25,3.96,2.00,96.00,0.01,-999.00,788.66,-999.00,193.80,-999.00,4,2.00,2,62.50,5.91,-999.00,511;543;955;1297;1412;1466;1573;1760;1822;2644;2655;2967;2969,-999.00,-999.00,-999.00,-999.00,378748.79,-26.49,-43.64,-35.06,153.63,139.66,146.65,0,35.30,1.00,0.04,70.94,131.85,657.19,1010.73
Primates,Cercopithecidae,Cercocebus,agilis,cercocebus agilis,3.00,7105.62,-999.00,-999.00,-999.00,-999.00,-999.00,-999.00,-999.00,-999.00,-999.00,-999.00,-999.00,-999.00,-999.00,-999.00,-999.00,-999.00,-999.00,-999.00,-999.00,-999.00,-999.00,-999.00,-999,-999.00,-999,-999.00,-999.00,-999.00,1544;1547;2655,-999.00,-999.00,-999.00,-999.00,1068616.42,8.86,-1.04,3.90,31.17,11.11,21.14,0,13.60,1.00,0.08,138.41,240.74,1380.55,1583.74
Primates,Cercopithecidae,Cercocebus,atys,cercocebus atys,3.00,6941.24,-999.00,-999.00,-999.00,-999.00,-999.00,-999.00,-999.00,-999.00,165.08,-999.00,-999.00,-999.00,394.20,1.01,-999.00,321.60,527.17,-999.00,8.85,-999.00,1321.67,35.00,-999,-999.00,-999,-999.00,-999.00,-999.00,543;730;1544;1547;1766;1768;2493;2660;2986,-999.00,1.05,-999.00,-999.00,440620.58,11.49,4.35,7.92,0.66,-15.07,-7.20,3,78.72,10.00,0.08,186.09,255.64,1275.43,1555.33
Primates,Cercopithecidae,Cercocebus,chrysogaster,cercocebus chrysogaster,-999.00,-999.00,-999.00,-999.00,-999.00,-999.00,-999.00,-999.00,-999.00,-999.00,-999.00,-999.00,-999.00,-999.00,-999.00,-999.00,-999.00,-999.00,-999.00,-999.00,-999.00,-999.00,-999.00,-999.00,-999,-999.00,-999,-999.00,-999.00,-999.00,-999,-999.00,-999.00,-999.00,-999.00,564761.67,1.60,-7.00,-2.70,26.36,16.18,21.27,2,15.17,3.00,0.18,151.44,248.59,1455.49,1580.15
Primates,Cercopithecidae,Cercocebus,galeritus,cercocebus galeritus,3.00,7077.66,-999.00,510.00,-999.00,2372.50,-999.00,-999.00,2.00,-999.00,174.43,2.00,0.51,-999.00,-999.00,1.01,-999.00,252.00,-999.00,-999.00,70.11,26.00,2735.94,20.35,-999,2.00,1,-999.00,-999.00,-999.00,208;543;730;904;930;1297;1347;1544;1547;1611;1848;2344;2493;2655;2660;2986;3086,-999.00,-999.00,-999.00,-999.00,20246.09,-0.92,-3.29,-2.10,40.61,39.49,40.05,1,13.99,1.00,0.17,53.99,273.78,848.67,1747.56
Primates,Cercopithecidae,Cercocebus,sanjei,cercocebus sanjei,-999.00,-999.00,-999.00,-999.00,-999.00,-999.00,-999.00,-999.00,-999.00,-999.00,-999.00,-999.00,-999.00,-999.00,-999.00,-999.00,-999.00,-999.00,-999.00,-999.00,-999.00,-999.00,-999.00,-999.00,-999,-999.00,-999,-999.00,-999.00,-999.00,-999,-999.00,-999.00,-999.00,-999.00,59607.49,-7.32,-9.94,-8.63,37.88,35.24,36.56,2,15.78,2.00,0.17,71.58,240.57,911.27,1427.10
Primates,Cercopithecidae,Cercocebus,torquatus,cercocebus torquatus,3.00,7293.07,-999.00,660.00,-999.00,1704.55,-999.00,-999.00,1.00,-999.00,168.98,-999.00,-999.00,-999.00,434.35,1.01,-999.00,360.00,-999.00,-999.00,40.15,21.10,1318.86,26.85,-999,-999.00,1,-999.00,-999.00,-999.00,208;543;730;1297;1347;1544;1547;1577;1848;2344;2489;2493;2655;2660;2986,-999.00,1.00,-999.00,-999.00,362869.59,10.99,-2.58,4.20,11.42,-15.07,-1.82,1,126.14,1.00,0.12,175.62,252.43,1238.34,1560.84
Primates,Cercopithecidae,Cercopithecus,albogularis,cercopithecus albogularis,3.00,-999.00,-999.00,-999.00,-999.00,-999.00,-999.00,-999.00,4.00,-999.00,-999.00,-999.00,0.13,-999.00,-999.00,1.02,-999.00,-999.00,-999.00,-999.00,-999.00,-999.00,-999.00,32.50,-999,-999.00,2,-999.00,-999.00,-999.00,1544;1748;2660,-999.00,-999.00,-999.00,-999.00,1057710.32,7.78,-33.00,-12.60,46.05,25.97,36.01,1,48.46,3.00,0.15,71.40,227.02,881.09,1537.26
Primates,Cercopithecidae,Cercopithecus,ascanius,cercopithecus ascanius,3.00,3540.24,-999.00,444.99,-999.00,1825.00,-999.00,-999.00,4.00,-999.00,148.50,-999.00,0.16,0.26,1580.45,1.01,-999.00,339.60,371.00,-999.00,105.79,34.00,1718.73,26.30,-999,-999.00,2,146.54,-999.00,-999.00,208;543;681;730;930;1297;1347;1544;1547;1848;2344;2463;2493;2655;2660;2986,-999.00,0.52,-999.00,-999.00,3012180.23,6.79,-12.21,-2.71,35.34,12.27,23.80,0,30.04,1.00,0.15,131.01,236.61,1302.52,1551.84
Primates,Cercopithecidae,Cercopithecus,campbelli,cercopithecus campbelli,3.00,3627.73,-999.00,455.00,-999.00,-999.00,-999.00,-999.00,3.00,-999.00,180.80,-999.00,0.01,0.03,-999.00,1.02,-999.00,396.00,-999.00,-999.00,-999.00,-999.00,-999.00,11.00,-999,-999.00,1,362.93,-999.00,-999.00,208;543;681;730;1544;1547;1848;2344;2655;2660;2986,-999.00,-999.00,-999.00,-999.00,262404.57,12.70,4.35,8.53,-7.51,-16.79,-12.15,3,54.66,8.00,0.01,226.67,252.98,1144.22,1505.23
Primates,Cercopithecidae,Cercopithecus,cephus,cercopithecus cephus,3.00,3444.88,-999.00,520.00,-999.00,1825.00,-999.00,-999.00,3.00,-999.00,169.51,1.00,0.24,0.35,-999.00,1.01,-999.00,276.00,337.19,-999.00,21.04,8.00,1521.90,11.00,-999,2.00,2,362.93,-999.00,-999.00,208;543;681;730;904;1062;1297;1347;1544;1547;1611;1848;2344;2463;2493;2655;2660;2878;2986;3086,-999.00,-999.00,-999.00,-999.00,898367.43,5.20,-6.05,-0.42,18.64,8.69,13.66,0,18.25,1.00,0.08,149.87,244.48,1299.85,1499.82
Primates,Cercopithecidae,Cercopithecus,denti,cercopithecus denti,3.00,-999.00,-999.00,-999.00,-999.00,-999.00,-999.00,-999.00,-999.00,-999.00,-999.00,-999.00,-999.00,-999.00,-999.00,1.02,-999.00,-999.00,-999.00,-999.00,-999.00,-999.00,-999.00,-999.00,-999,-999.00,-999,-999.00,-999.00,-999.00,1544;2660,-999.00,-999.00,-999.00,-999.00,402606.02,4.16,-3.05,0.55,31.11,22.91,27.01,1,34.34,2.00,0.15,140.12,230.71,1469.44,1608.92
Primates,Cercopithecidae,Cercopithecus,diana,cercopithecus diana,3.00,4358.91,-999.00,470.00,-999.00,1961.87,-999.00,-999.00,3.00,-999.00,-999.00,-999.00,1.25,1.89,365.00,1.01,-999.00,447.60,466.90,-999.00,16.47,24.00,2279.95,24.95,-999,-999.00,2,362.93,-999.00,-999.00,208;543;681;730;1347;1544;1547;1768;1848;2344;2489;2493;2655;2660;2986,-999.00,1.10,-999.00,-999.00,177249.87,8.95,4.35,6.65,-6.17,-12.73,-9.45,3,37.30,5.00,4.06689669303075e-03,237.57,248.13,1328.40,1541.71
Primates,Cercopithecidae,Cercopithecus,doggetti,cercopithecus doggetti,-999.00,-999.00,-999.00,-999.00,-999.00,-999.00,-999.00,-999.00,-999.00,-999.00,-999.00,-999.00,-999.00,-999.00,-999.00,-999.00,-999.00,-999.00,-999.00,-999.00,-999.00,-999.00,-999.00,-999.00,-999,-999.00,-999,-999.00,-999.00,-999.00,-999,-999.00,-999.00,-999.00,-999.00,53746.06,-0.57,-4.02,-2.30,31.80,28.84,30.32,28,167.03,38.00,0.06,93.38,188.00,1247.45,1478.72
Primates,Cercopithecidae,Cercopithecus,dryas,cercopithecus dryas,3.00,2784.06,-999.00,-999.00,-999.00,-999.00,-999.00,-999.00,-999.00,-999.00,-999.00,-999.00,-999.00,-999.00,-999.00,1.02,-999.00,-999.00,-999.00,-999.00,-999.00,-999.00,-999.00,-999.00,-999,-999.00,-999,-999.00,-999.00,-999.00,1544;1848;2655;2660,-999.00,-999.00,-999.00,-999.00,151925.19,0.95,-4.14,-1.59,24.52,21.18,22.85,2,8.19,2.00,0.14,161.66,248.93,1555.64,1610.36
Primates,Cercopithecidae,Cercopithecus,erythrogaster,cercopithecus erythrogaster,3.00,3444.88,-999.00,457.49,-999.00,-999.00,-999.00,-999.00,2.00,-999.00,-999.00,1.00,-999.00,-999.00,-999.00,1.02,-999.00,-999.00,-999.00,-999.00,-999.00,-999.00,-999.00,-999.00,-999,2.00,2,-999.00,-999.00,-999.00,208;899;1544;1547;1848;2655;2660,-999.00,-999.00,-999.00,-999.00,102343.83,7.66,4.45,6.06,6.75,1.55,4.15,24,260.97,55.00,0.15,137.00,263.19,1203.57,1586.83
Primates,Cercopithecidae,Cercopithecus,erythrotis,cercopithecus erythrotis,3.00,3254.98,-999.00,435.00,-999.00,-999.00,-999.00,-999.00,2.00,-999.00,-999.00,1.00,-999.00,-999.00,-999.00,1.02,-999.00,-999.00,-999.00,-999.00,-999.00,-999.00,-999.00,-999.00,-999,2.00,2,-999.00,-999.00,-999.00,899;1544;1547;1848;2344;2655;2660,-999.00,-999.00,-999.00,-999.00,87403.19,6.74,3.20,4.97,11.42,7.92,9.67,7,94.55,10.00,0.10,214.26,240.93,1236.12,1533.98
Primates,Cercopithecidae,Cercopithecus,hamlyni,cercopithecus hamlyni,-999.00,-999.00,-999.00,-999.00,-999.00,-999.00,-999.00,-999.00,-999.00,-999.00,-999.00,-999.00,-999.00,-999.00,-999.00,-999.00,-999.00,-999.00,-999.00,-999.00,-999.00,-999.00,-999.00,-999.00,-999,-999.00,-999,-999.00,-999.00,-999.00,-999,-999.00,-999.00,-999.00,-999.00,328372.58,2.50,-6.02,-1.75,30.03,25.05,27.54,1,37.94,2.00,0.17,126.88,226.21,1442.29,1596.11
Primates,Cercopithecidae,Cercopithecus,kandti,cercopithecus kandti,-999.00,-999.00,-999.00,-999.00,-999.00,-999.00,-999.00,-999.00,-999.00,-999.00,-999.00,-999.00,-999.00,-999.00,-999.00,-999.00,-999.00,-999.00,-999.00,-999.00,-999.00,-999.00,-999.00,-999.00,-999,-999.00,-999,-999.00,-999.00,-999.00,-999,-999.00,-999.00,-999.00,-999.00,18131.24,-1.33,-2.98,-2.16,29.77,28.67,29.22,133,224.90,133.00,-5.10695895122146e-03,107.83,173.49,1305.93,1481.23
Primates,Cercopithecidae,Cercopithecus,lhoesti,cercopithecus lhoesti,3.00,5307.47,-999.00,510.00,-999.00,-999.00,-999.00,-999.00,3.00,-999.00,-999.00,-999.00,-999.00,-999.00,485.45,1.00,-999.00,192.00,-999.00,-999.00,4.99,-999.00,-999.00,17.40,-999,-999.00,2,-999.00,-999.00,-999.00,208;543;681;1297;1544;1547;1848;2344;2493;2655;2660;2986,-999.00,0.95,-999.00,-999.00,451166.22,3.74,-6.02,-1.13,31.05,25.05,28.05,1,48.91,2.00,0.15,127.13,225.56,1418.46,1597.58
Primates,Cercopithecidae,Cercopithecus,lowei,cercopithecus lowei,-999.00,-999.00,-999.00,-999.00,-999.00,-999.00,-999.00,-999.00,-999.00,-999.00,-999.00,-999.00,-999.00,-999.00,-999.00,-999.00,-999.00,-999.00,-999.00,-999.00,-999.00,-999.00,-999.00,-999.00,-999,-999.00,-999,-999.00,-999.00,-999.00,-999,-999.00,-999.00,-999.00,-999.00,271410.70,8.23,4.37,6.30,0.30,-8.40,-4.04,4,85.71,19.00,0.17,127.52,261.04,1329.06,1602.38
Primates,Cercopithecidae,Cercopithecus,mitis,cercopithecus mitis,3.00,5041.29,-999.00,575.00,-999.00,2087.80,3455.75,8650.00,4.00,-999.00,138.39,-999.00,0.10,0.16,565.75,1.00,-999.00,325.20,402.00,-999.00,70.39,-999.00,2049.25,16.00,-999,-999.00,2,688.08,-999.00,-999.00,208;543;681;730;1297;1544;1547;1748;1822;1848;2344;2489;2493;2655;2660;2986,-999.00,0.88,-999.00,-999.00,2341818.13,12.00,-15.82,-1.90,37.98,12.99,25.48,0,38.24,3.00,0.15,109.08,221.49,1116.18,1528.47
Primates,Cercopithecidae,Cercopithecus,mona,cercopithecus mona,3.00,3980.17,-999.00,510.00,-999.00,-999.00,-999.00,-999.00,-999.00,-999.00,-999.00,-999.00,-999.00,-999.00,-999.00,1.00,-999.00,360.00,280.49,-999.00,-999.00,-999.00,-999.00,-999.00,-999,-999.00,-999,-999.00,-999.00,-999.00,208;543;1297;1544;1547;1848;2344;2655;2660;2986,-999.00,-999.00,-999.00,-999.00,652362.31,10.08,3.58,6.83,13.40,-0.94,6.22,6,120.60,7.00,0.13,135.42,256.97,1141.88,1580.20
Primates,Cercopithecidae,Cercopithecus,neglectus,cercopithecus neglectus,3.00,5324.52,-999.00,510.00,-999.00,1704.55,-999.00,-999.00,3.00,-999.00,172.07,2.00,0.06,0.08,584.00,1.02,-999.00,315.60,259.95,-999.00,29.03,-999.00,2076.39,4.50,-999,2.00,2,417.62,1571.06,-999.00,208;543;681;730;904;930;1062;1297;1544;1547;1611;1763;1767;1848;2151;2344;2489;2493;2655;2660;2986,-999.00,0.86,-999.00,-999.00,2963266.50,8.48,-10.71,-1.11,36.62,9.31,22.96,0,18.75,1.00,0.11,138.29,241.12,1329.51,1559.68
Primates,Cercopithecidae,Cercopithecus,nictitans,cercopithecus nictitans,3.00,5256.91,-999.00,549.99,-999.00,-999.00,-999.00,-999.00,4.00,-999.00,169.51,1.00,1.15,1.74,-999.00,1.00,-999.00,276.00,403.83,-999.00,22.50,13.90,1684.59,16.00,-999,2.00,2,-999.00,-999.00,-999.00,208;543;681;730;904;930;1062;1297;1347;1544;1547;1611;1848;2344;2655;2660;2878;2986,-999.00,-999.00,-999.00,-999.00,2185668.95,9.44,-6.05,1.69,27.38,-11.45,7.96,0,44.49,1.00,0.09,148.27,246.96,1267.15,1553.94
Primates,Cercopithecidae,Cercopithecus,petaurista,cercopithecus petaurista,3.00,3233.67,-999.00,410.00,-999.00,-999.00,-999.00,-999.00,-999.00,-999.00,-999.00,-999.00,-999.00,-999.00,-999.00,1.02,-999.00,228.00,-999.00,-999.00,25.95,-999.00,-999.00,14.00,-999,-999.00,-999,-999.00,-999.00,-999.00,543;730;1544;1547;1848;2655;2660;2986,-999.00,-999.00,-999.00,-999.00,619437.28,13.52,4.35,8.93,1.80,-16.82,-7.50,3,73.60,10.00,0.09,167.77,258.85,1205.31,1560.01
Primates,Cercopithecidae,Cercopithecus,pogonias,cercopithecus pogonias,3.00,3578.27,-999.00,459.99,-999.00,1825.00,-999.00,-999.00,3.00,-999.00,169.51,1.00,1.15,1.74,-999.00,1.01,-999.00,289.20,337.19,-999.00,19.04,13.00,1684.59,15.00,-999,2.00,2,-999.00,-999.00,-999.00,208;543;681;730;904;930;1062;1347;1544;1547;1611;1848;2344;2493;2655;2660;2878;2986;3086,-999.00,-999.00,-999.00,-999.00,1592652.96,9.13,-6.05,1.53,24.14,7.92,16.03,0,19.87,1.00,0.09,146.05,245.26,1269.59,1538.71
Primates,Cercopithecidae,Cercopithecus,preussi,cercopithecus preussi,3.00,5132.57,-999.00,545.00,-999.00,-999.00,-999.00,-999.00,4.00,-999.00,-999.00,-999.00,-999.00,-999.00,-999.00,1.02,-999.00,-999.00,-999.00,-999.00,-999.00,-999.00,-999.00,3.00,-999,-999.00,2,-999.00,-999.00,-999.00,899;1544;1547;2655;2660,-999.00,-999.00,-999.00,-999.00,60552.81,6.42,3.14,4.78,10.48,7.86,9.17,9,121.40,10.00,0.10,234.82,245.41,1255.21,1565.51
Primates,Cercopithecidae,Cercopithecus,roloway,cercopithecus roloway,-999.00,-999.00,-999.00,-999.00,-999.00,-999.00,-999.00,-999.00,-999.00,-999.00,-999.00,-999.00,-999.00,-999.00,-999.00,-999.00,-999.00,-999.00,-999.00,-999.00,-999.00,-999.00,-999.00,-999.00,-999,-999.00,-999,-999.00,-999.00,-999.00,-999,-999.00,-999.00,-999.00,-999.00,136280.67,7.20,4.73,5.97,-0.68,-7.03,-3.86,20,102.30,26.00,0.16,124.70,262.42,1356.62,1586.28
Primates,Cercopithecidae,Cercopithecus,sclateri,cercopithecus sclateri,3.00,3067.29,-999.00,-999.00,-999.00,-999.00,-999.00,-999.00,-999.00,-999.00,-999.00,-999.00,-999.00,-999.00,-999.00,1.02,-999.00,-999.00,-999.00,-999.00,-999.00,-999.00,-999.00,-999.00,-999,-999.00,-999,-999.00,-999.00,-999.00,1544;1547;2655;2660,-999.00,-999.00,-999.00,-999.00,30025.23,6.44,4.37,5.40,8.32,6.69,7.50,85,376.17,85.00,0.14,193.22,260.33,1260.96,1563.28
Primates,Cercopithecidae,Cercopithecus,solatus,cercopithecus solatus,3.00,5256.91,-999.00,-999.00,-999.00,1733.75,-999.00,-999.00,-999.00,-999.00,-999.00,-999.00,-999.00,-999.00,547.50,1.01,-999.00,-999.00,-999.00,-999.00,-999.00,-999.00,-999.00,10.00,-999,-999.00,-999,-999.00,-999.00,-999.00,1544;1547;1848;2344;2655;2660,-999.00,0.89,-999.00,-999.00,14715.81,-0.03,-1.58,-0.80,12.55,11.29,11.92,1,1.58,1.00,0.00,173.49,248.16,1278.58,1502.74
Primates,Cercopithecidae,Cercopithecus,wolfi,cercopithecus wolfi,3.00,3255.18,-999.00,480.00,-999.00,-999.00,-999.00,-999.00,-999.00,-999.00,-999.00,-999.00,-999.00,-999.00,-999.00,1.02,-999.00,-999.00,435.00,-999.00,-999.00,-999.00,-999.00,-999.00,-999,-999.00,-999,-999.00,-999.00,-999.00,1297;1544;1547;1848;2655;2660,-999.00,-999.00,-999.00,-999.00,1419828.69,4.01,-7.77,-1.87,31.71,15.86,23.78,1,21.35,3.00,0.16,141.83,239.75,1430.74,1591.77
Carnivora,Canidae,Cerdocyon,thous,cerdocyon thous,1.00,5741.66,-999.00,648.06,14.00,-999.00,1556.56,5592.83,7.00,195.00,57.18,1.00,1.41,1.49,243.33,3.09,-999.00,138.00,140.00,-999.00,3.54,-999.00,279.15,-999.00,-999,1.00,2,72.33,-999.00,-999.00,367;543;730;890;1113;1297;1573;1822;2655,-999.00,1.35,-999.00,-999.00,7091683.41,12.22,-34.68,-11.22,-34.79,-76.57,-55.68,0,35.64,0.00,0.10,118.70,229.96,1176.04,1459.24
Artiodactyla,Cervidae,Cervus,elaphus,cervus elaphus,2.00,240867.13,-999.00,2136.72,-999.00,993.71,-999.00,-999.00,5.00,-999.00,235.61,1.00,58.42,54.81,-999.00,1.09,-999.00,321.60,8255.82,-999.00,2.90,-999.00,659.91,17.50,-999,1.00,1,104.64,43977.20,-999.00,177;216;511;543;653;730;764;1297;1404;1573;1577;1594;1763;2338;2525;2620;2655;2718;2986;3009;3010,-999.00,-999.00,-999.00,-999.00,14167735.33,64.59,28.23,46.41,141.54,-124.73,8.40,0,60.79,0.00,0.04,44.42,27.73,421.62,662.37
Artiodactyla,Cervidae,Cervus,nippon,cervus nippon,2.00,52999.99,-999.00,1200.51,-999.00,1095.00,-999.00,-999.00,2.00,-999.00,223.66,1.00,1.43,0.62,-999.00,1.00,-999.00,305.04,4277.11,570.00,0.75,-999.00,518.12,7.50,4,1.00,1,197.70,-999.00,-999.00,653;935;1015;1297;1573;1594;2152;2525;2655;2986;3010,-999.00,-999.00,-999.00,-999.00,2714652.61,47.71,20.22,33.97,145.82,107.98,126.90,1,331.55,16.00,0.04,88.81,98.55,789.14,883.95
Chiroptera,Molossidae,Chaerephon,aloysiisabaudiae,chaerephon aloysiisabaudiae,-999.00,-999.00,51.00,-999.00,-999.00,-999.00,-999.00,-999.00,-999.00,-999.00,-999.00,1.00,-999.00,-999.00,-999.00,-999.00,-999.00,-999.00,-999.00,-999.00,-999.00,-999.00,-999.00,-999.00,-999,2.00,-999,-999.00,-999.00,-999.00,1658;2151,19.54,-999.00,-999.00,-999.00,686927.63,9.03,-1.32,3.85,32.53,-3.33,14.59,0,23.06,1.00,0.13,143.46,244.58,1459.30,1577.69
Chiroptera,Molossidae,Chaerephon,ansorgei,chaerephon ansorgei,-999.00,-999.00,45.99,-999.00,-999.00,-999.00,-999.00,-999.00,-999.00,-999.00,68.43,1.00,-999.00,-999.00,-999.00,-999.00,-999.00,-999.00,-999.00,-999.00,-999.00,-999.00,-999.00,-999.00,-999,2.00,-999,72.83,-999.00,-999.00,1297;1658;2151,14.53,-999.00,-999.00,-999.00,5163213.18,4.78,-28.43,-11.82,37.83,13.39,25.61,0,27.89,2.00,0.16,111.51,226.89,1125.34,1509.98
Chiroptera,Molossidae,Chaerephon,bemmeleni,chaerephon bemmeleni,-999.00,-999.00,43.50,-999.00,-999.00,-999.00,-999.00,-999.00,-999.00,-999.00,-999.00,1.00,-999.00,-999.00,-999.00,-999.00,-999.00,-999.00,-999.00,-999.00,-999.00,-999.00,-999.00,-999.00,-999,2.00,-999,-999.00,-999.00,-999.00,1658;2151,12.39,-999.00,-999.00,-999.00,3206708.09,8.83,-6.01,1.40,37.12,-10.01,13.55,0,60.61,1.00,0.12,128.81,239.37,1269.15,1583.01
Chiroptera,Molossidae,Chaerephon,bivittatus,chaerephon bivittatus,-999.00,15.42,48.99,-999.00,-999.00,-999.00,-999.00,-999.00,-999.00,-999.00,-999.00,1.00,-999.00,-999.00,-999.00,-999.00,-999.00,-999.00,-999.00,-999.00,-999.00,-999.00,-999.00,-999.00,-999,2.00,-999,-999.00,-999.00,-999.00,1658;2151;2622;2655,-999.00,-999.00,-999.00,-999.00,3573026.75,16.83,-21.07,-2.12,44.06,26.14,35.10,0,46.04,3.00,0.13,73.12,220.86,871.55,1531.22
Chiroptera,Molossidae,Chaerephon,bregullae,chaerephon bregullae,-999.00,-999.00,-999.00,-999.00,-999.00,-999.00,-999.00,-999.00,-999.00,-999.00,-999.00,-999.00,-999.00,-999.00,-999.00,-999.00,-999.00,-999.00,-999.00,-999.00,-999.00,-999.00,-999.00,-999.00,-999,-999.00,-999,-999.00,-999.00,-999.00,-999,-999.00,-999.00,-999.00,-999.00,10238.58,-14.62,-17.01,-15.81,179.99,-179.99,0.00,14,32.07,14.00,0.10,293.36,236.30,-999.00,-999.00
Chiroptera,Molossidae,Chaerephon,chapini,chaerephon chapini,-999.00,-999.00,36.50,-999.00,-999.00,-999.00,-999.00,-999.00,-999.00,-999.00,-999.00,1.00,-999.00,-999.00,-999.00,-999.00,-999.00,-999.00,-999.00,-999.00,-999.00,-999.00,-999.00,-999.00,-999,2.00,-999,-999.00,-999.00,-999.00,1658;2151,7.49,-999.00,-999.00,-999.00,1035410.19,3.22,-1.45,0.88,37.75,12.17,24.96,0,36.75,1.00,0.14,135.76,236.69,1413.67,1573.23
Chiroptera,Molossidae,Chaerephon,gallagheri,chaerephon gallagheri,-999.00,-999.00,37.50,-999.00,-999.00,-999.00,-999.00,-999.00,-999.00,-999.00,-999.00,1.00,-999.00,-999.00,-999.00,-999.00,-999.00,-999.00,-999.00,-999.00,-999.00,-999.00,-999.00,-999.00,-999,2.00,-999,-999.00,-999.00,-999.00,1658;2151,8.10,-999.00,-999.00,-999.00,3529.03,-2.83,-3.44,-3.14,26.07,25.47,25.77,5,9.80,5.00,0.14,137.79,237.40,1411.79,1591.79
Chiroptera,Molossidae,Chaerephon,jobensis,chaerephon jobensis,-999.00,20.71,46.50,-999.00,-999.00,-999.00,-999.00,-999.00,1.00,-999.00,-999.00,1.00,-999.00,-999.00,-999.00,-999.00,-999.00,-999.00,-999.00,-999.00,-999.00,-999.00,-999.00,-999.00,-999,2.00,3,-999.00,-999.00,-999.00,196;679;1658;2151;2622;2655,-999.00,-999.00,-999.00,-999.00,2825882.53,-1.59,-27.10,-14.35,152.11,113.14,132.63,0,1.29,0.00,0.05,65.76,246.72,632.70,1614.74
Chiroptera,Molossidae,Chaerephon,johorensis,chaerephon johorensis,-999.00,-999.00,47.24,-999.00,-999.00,-999.00,-999.00,-999.00,1.00,-999.00,-999.00,1.00,-999.00,-999.00,-999.00,-999.00,-999.00,-999.00,-999.00,-999.00,-999.00,-999.00,-999.00,-999.00,-999,2.00,3,-999.00,-999.00,-999.00,76;679;1658;2151,15.69,-999.00,-999.00,-999.00,24699.24,5.45,2.17,3.81,103.92,98.50,101.21,3,105.65,3.00,0.11,210.92,252.00,1682.41,1808.30
Chiroptera,Molossidae,Chaerephon,leucogaster,chaerephon leucogaster,-999.00,-999.00,-999.00,-999.00,-999.00,-999.00,-999.00,-999.00,-999.00,-999.00,-999.00,-999.00,-999.00,-999.00,-999.00,-999.00,-999.00,-999.00,-999.00,-999.00,-999.00,-999.00,-999.00,-999.00,-999,-999.00,-999,-999.00,-999.00,-999.00,-999,-999.00,-999.00,-999.00,-999.00,6151633.14,13.36,-25.07,-5.85,49.16,-6.48,21.33,0,43.35,1.00,0.12,120.76,243.06,1197.84,1569.74
Chiroptera,Molossidae,Chaerephon,major,chaerephon major,-999.00,15.17,44.94,-999.00,-999.00,-999.00,-999.00,-999.00,-999.00,-999.00,-999.00,1.00,-999.00,-999.00,-999.00,1.00,-999.00,-999.00,-999.00,-999.00,-999.00,-999.00,-999.00,-999.00,-999,2.00,-999,-999.00,-999.00,-999.00,1658;1938;2151;2655,-999.00,-999.00,-999.00,-999.00,4903108.69,17.66,-8.26,4.70,39.59,-17.53,11.02,0,43.15,1.00,0.11,84.98,259.65,863.77,1619.59
Chiroptera,Molossidae,Chaerephon,nigeriae,chaerephon nigeriae,-999.00,20.14,47.00,-999.00,-999.00,-999.00,-999.00,-999.00,-999.00,-999.00,-999.00,1.00,-999.00,-999.00,-999.00,-999.00,-999.00,-999.00,-999.00,-999.00,-999.00,-999.00,-999.00,-999.00,-999,2.00,-999,-999.00,-999.00,-999.00,1658;2151;2622;2655,-999.00,-999.00,-999.00,-999.00,6732376.90,12.82,-24.74,-5.95,40.84,4.74,22.79,0,27.69,1.00,0.15,99.84,233.35,980.10,1532.09
Chiroptera,Molossidae,Chaerephon,plicatus,chaerephon plicatus,-999.00,21.83,46.39,-999.00,-999.00,-999.00,-999.00,-999.00,1.00,-999.00,88.64,1.00,-999.00,-999.00,-999.00,0.99,2.00,-999.00,4.50,-999.00,-999.00,1000.00,-999.00,-999.00,-999,2.00,3,-999.00,-999.00,-999.00,196;679;1297;1528;1621;1658;2143;2151;2655;2719,-999.00,-999.00,-999.00,-999.00,4893584.82,31.02,-8.96,11.03,126.60,71.16,98.88,1,244.83,9.00,0.10,155.19,250.06,1101.45,1563.04
Chiroptera,Molossidae,Chaerephon,pumilus,chaerephon pumilus,-999.00,10.98,38.99,-999.00,0.00,152.08,-999.00,-999.00,1.00,-999.00,62.57,1.00,-999.00,-999.00,-999.00,1.00,3.00,60.00,3.63,36.29,-999.00,56.00,140.97,-999.00,-999,2.00,3,24.50,-999.00,-999.00,44;196;1257;1258;1297;1384;1658;1685;1784;1885;1938;1956;2094;2143;2151;2295;2636;2655;2688;2719;2895;2896;2897;2900;3014;3023,-999.00,-999.00,-999.00,-999.00,14309050.10,17.23,-34.83,-8.80,50.26,-17.53,16.36,0,36.24,1.00,0.14,96.01,238.79,958.76,1545.68
Chiroptera,Molossidae,Chaerephon,russatus,chaerephon russatus,-999.00,16.98,44.49,-999.00,-999.00,-999.00,-999.00,-999.00,-999.00,-999.00,-999.00,1.00,-999.00,-999.00,-999.00,0.99,-999.00,-999.00,-999.00,-999.00,-999.00,-999.00,-999.00,-999.00,-999,2.00,-999,-999.00,-999.00,-999.00,1297;1658;2151;2271;2655,-999.00,-999.00,-999.00,-999.00,1671003.78,7.94,-1.84,3.05,35.92,-1.56,17.17,0,76.66,2.00,0.13,139.02,240.19,1348.94,1576.48
Chiroptera,Molossidae,Chaerephon,shortridgei,chaerephon shortridgei,-999.00,-999.00,-999.00,-999.00,-999.00,-999.00,-999.00,-999.00,-999.00,-999.00,-999.00,-999.00,-999.00,-999.00,-999.00,-999.00,-999.00,-999.00,-999.00,-999.00,-999.00,-999.00,-999.00,-999.00,-999,-999.00,-999,-999.00,-999.00,-999.00,-999,-999.00,-999.00,-999.00,-999.00,1435430.68,-10.00,-19.95,-14.97,33.16,14.31,23.74,0,8.19,1.00,0.18,75.33,214.71,748.39,1443.58
Chiroptera,Molossidae,Chaerephon,solomonis,chaerephon solomonis,-999.00,-999.00,-999.00,-999.00,-999.00,-999.00,-999.00,-999.00,-999.00,-999.00,-999.00,-999.00,-999.00,-999.00,-999.00,-999.00,-999.00,-999.00,-999.00,-999.00,-999.00,-999.00,-999.00,-999.00,-999,-999.00,-999,-999.00,-999.00,-999.00,-999,-999.00,-999.00,-999.00,-999.00,6980.78,-6.58,-8.58,-7.58,159.90,156.37,158.14,13,13.00,13.00,0.18,189.19,269.59,-999.00,-999.00
Chiroptera,Molossidae,Chaerephon,tomensis,chaerephon tomensis,-999.00,7.48,38.62,-999.00,-999.00,-999.00,-999.00,-999.00,-999.00,-999.00,-999.00,-999.00,-999.00,-999.00,-999.00,-999.00,-999.00,-999.00,-999.00,-999.00,-999.00,-999.00,-999.00,-999.00,-999,-999.00,-999,-999.00,-999.00,-999.00,1537,-999.00,-999.00,-999.00,-999.00,862.58,0.41,0.02,0.22,6.76,6.47,6.61,144,144.00,144.00,0.11,-999.00,-999.00,-999.00,-999.00
Peramelemorphia,Chaeropodidae,Chaeropus,ecaudatus,chaeropus ecaudatus,2.00,219.51,-999.00,-999.00,-999.00,-999.00,-999.00,-999.00,2.00,-999.00,-999.00,2.00,-999.00,-999.00,-999.00,1.41,-999.00,-999.00,-999.00,-999.00,-999.00,-999.00,-999.00,-999.00,-999,1.00,2,-999.00,-999.00,-999.00,955;1072;1297;1760;2655,-999.00,-999.00,-999.00,-999.00,-999.00,-999.00,-999.00,-999.00,-999.00,-999.00,-999.00,-999,-999.00,-999.00,-999.00,-999.00,-999.00,-999.00,-999.00
Rodentia,Gliridae,Chaetocauda,sichuanensis,chaetocauda sichuanensis,1.00,31.51,-999.00,91.80,-999.00,-999.00,-999.00,-999.00,-999.00,-999.00,-999.00,1.00,-999.00,-999.00,-999.00,-999.00,-999.00,-999.00,-999.00,-999.00,-999.00,-999.00,-999.00,-999.00,-999,2.00,-999,-999.00,-999.00,-999.00,2151,-999.00,-999.00,-999.00,-999.00,37.63,32.36,32.29,32.33,104.27,104.20,104.23,36,36.00,36.00,0.02,69.00,132.00,732.00,830.00
Rodentia,Heteromyidae,Chaetodipus,arenarius,chaetodipus arenarius,-999.00,23.00,-999.00,68.37,-999.00,-999.00,-999.00,-999.00,-999.00,-999.00,-999.00,-999.00,-999.00,-999.00,-999.00,2.91,-999.00,-999.00,-999.00,-999.00,-999.00,-999.00,-999.00,-999.00,-999,-999.00,-999,-999.00,-999.00,-999.00,1297;1724;2655,-999.00,-999.00,-999.00,-999.00,84613.78,32.57,23.08,27.83,-109.88,-116.33,-113.10,1,7.21,1.00,0.12,13.35,181.15,201.56,1191.51
Rodentia,Heteromyidae,Chaetodipus,artus,chaetodipus artus,-999.00,-999.00,-999.00,88.81,-999.00,-999.00,-999.00,-999.00,1.00,-999.00,-999.00,-999.00,-999.00,-999.00,-999.00,-999.00,-999.00,-999.00,-999.00,-999.00,-999.00,-999.00,-999.00,-999.00,-999,-999.00,1,-999.00,-999.00,-999.00,315,22.03,-999.00,-999.00,-999.00,89639.36,28.10,22.34,25.22,-105.29,-109.84,-107.57,2,30.76,4.00,0.08,39.44,195.18,775.70,1422.34
Rodentia,Heteromyidae,Chaetodipus,baileyi,chaetodipus baileyi,-999.00,28.44,-999.00,93.93,-999.00,-999.00,38.00,29.10,2.00,-999.00,-999.00,-999.00,-999.00,-999.00,-999.00,3.68,-999.00,-999.00,-999.00,-999.00,3548.51,-999.00,-999.00,-999.00,-999,-999.00,2,-999.00,-999.00,-999.00,730;808;1297;1514;1822;2233;2411;2415;2655,-999.00,-999.00,-999.00,-999.00,225471.23,34.36,25.56,29.96,-108.48,-114.93,-111.71,0,22.35,1.00,0.15,22.76,197.61,388.99,1191.29
Rodentia,Heteromyidae,Chaetodipus,californicus,chaetodipus californicus,-999.00,23.01,-999.00,-999.00,15.00,-999.00,21.45,22.00,-999.00,-999.00,25.16,-999.00,-999.00,-999.00,-999.00,4.00,-999.00,-999.00,1.50,-999.00,-999.00,-999.00,-999.00,-999.00,-999,-999.00,-999,23.00,10.00,-999.00,884;982;1297;1514;1822;1849;2655;2873,-999.00,-999.00,-999.00,-999.00,116215.94,38.95,30.61,34.78,-115.09,-122.51,-118.80,1,191.93,2.00,0.10,34.72,117.04,328.43,1146.70
Rodentia,Heteromyidae,Chaetodipus,dalquesti,chaetodipus dalquesti,-999.00,-999.00,-999.00,-999.00,-999.00,-999.00,-999.00,-999.00,-999.00,-999.00,-999.00,-999.00,-999.00,-999.00,-999.00,-999.00,-999.00,-999.00,-999.00,-999.00,-999.00,-999.00,-999.00,-999.00,-999,-999.00,-999,-999.00,-999.00,-999.00,-999,-999.00,-999.00,-999.00,-999.00,6751.03,24.08,22.86,23.47,-109.72,-110.92,-110.32,10,12.21,10.00,0.10,19.17,200.62,-999.00,-999.00
Rodentia,Heteromyidae,Chaetodipus,eremicus,chaetodipus eremicus,-999.00,-999.00,-999.00,-999.00,-999.00,-999.00,-999.00,-999.00,-999.00,-999.00,-999.00,-999.00,-999.00,-999.00,-999.00,-999.00,-999.00,-999.00,-999.00,-999.00,-999.00,-999.00,-999.00,-999.00,-999,-999.00,-999,-999.00,-999.00,-999.00,-999,-999.00,-999.00,-999.00,-999.00,541954.63,33.45,21.74,27.59,-99.41,-108.86,-104.13,0,13.13,0.00,0.12,26.29,174.40,445.42,1139.60
Rodentia,Heteromyidae,Chaetodipus,fallax,chaetodipus fallax,-999.00,19.19,-999.00,83.35,-999.00,-999.00,30.20,19.90,3.00,-999.00,25.00,1.00,2.300009e-03,2.940029e-03,-999.00,3.45,1.00,99.60,-999.00,-999.00,502.50,-999.00,168.83,1.00,-999,1.00,1,-999.00,-999.00,-999.00,543;808;1297;1726;1822;1849;2655,-999.00,-999.00,-999.00,-999.00,82998.20,34.73,27.56,31.14,-113.85,-117.82,-115.84,1,102.60,1.00,0.14,16.49,144.93,284.57,1150.02
Rodentia,Heteromyidae,Chaetodipus,formosus,chaetodipus formosus,-999.00,20.02,-999.00,193.91,-999.00,-999.00,-999.00,-999.00,-999.00,-999.00,28.00,-999.00,-999.00,-999.00,-999.00,5.28,1.00,60.00,1.00,-999.00,-999.00,-999.00,377.57,-999.00,-999,-999.00,-999,21.00,8.00,-999.00,543;1215;1297;1514;2655,-999.00,-999.00,-999.00,-999.00,397044.69,41.69,26.75,34.22,-111.08,-120.60,-115.84,0,20.16,0.00,0.13,17.81,117.14,258.62,1043.37
Rodentia,Heteromyidae,Chaetodipus,goldmani,chaetodipus goldmani,-999.00,-999.00,-999.00,-999.00,-999.00,-999.00,-999.00,-999.00,-999.00,-999.00,-999.00,-999.00,-999.00,-999.00,-999.00,-999.00,-999.00,-999.00,-999.00,-999.00,-999.00,-999.00,-999.00,-999.00,-999,-999.00,-999,-999.00,-999.00,-999.00,-999,-999.00,-999.00,-999.00,-999.00,59093.22,30.84,25.25,28.04,-108.08,-110.63,-109.35,1,24.08,1.00,0.17,25.66,205.20,588.25,1331.91
Rodentia,Heteromyidae,Chaetodipus,hispidus,chaetodipus hispidus,-999.00,37.24,-999.00,104.51,-999.00,-999.00,48.41,37.40,1.00,-999.00,-999.00,2.00,-999.00,-999.00,-999.00,5.34,2.00,-999.00,-999.00,-999.00,-999.00,-999.00,-999.00,1.00,-999,1.00,1,30.18,-999.00,-999.00,1297;1514;1822;1849;2234;2655,-999.00,-999.00,-999.00,-999.00,2344025.56,46.76,19.63,33.20,-93.12,-111.55,-102.34,0,23.87,0.00,0.07,44.13,149.22,617.57,1061.62
Rodentia,Heteromyidae,Chaetodipus,intermedius,chaetodipus intermedius,-999.00,14.94,-999.00,-999.00,-999.00,-999.00,15.62,14.60,-999.00,-999.00,-999.00,-999.00,-999.00,-999.00,-999.00,5.53,-999.00,-999.00,-999.00,-999.00,425.17,-999.00,-999.00,-999.00,-999,-999.00,-999,-999.00,-999.00,-999.00,730;1297;1514;1822;2411;2655,-999.00,-999.00,-999.00,-999.00,511920.17,37.45,26.99,32.22,-102.99,-114.94,-108.97,0,13.51,0.00,0.16,24.36,160.66,364.00,1166.00
Rodentia,Heteromyidae,Chaetodipus,lineatus,chaetodipus lineatus,1.00,23.00,-999.00,73.58,-999.00,-999.00,-999.00,-999.00,1.00,-999.00,-999.00,2.00,-999.00,-999.00,-999.00,-999.00,-999.00,-999.00,-999.00,-999.00,-999.00,-999.00,-999.00,-999.00,-999,1.00,1,-999.00,-999.00,-999.00,322;2655,-999.00,-999.00,-999.00,-999.00,18026.29,23.70,21.81,22.75,-100.42,-101.80,-101.11,9,36.07,9.00,0.07,30.66,144.54,575.69,1168.48
Rodentia,Heteromyidae,Chaetodipus,nelsoni,chaetodipus nelsoni,1.00,15.53,-999.00,79.83,-999.00,-999.00,-999.00,-999.00,3.00,-999.00,30.63,2.00,2.835545e-03,3.045448e-03,-999.00,3.46,-999.00,-999.00,-999.00,-999.00,473.46,-999.00,-999.00,-999.00,-999,1.00,2,-999.00,-999.00,-999.00,327;1297;1514;2473;2655,-999.00,-999.00,-999.00,-999.00,566702.48,32.46,21.08,26.77,-99.17,-106.12,-102.64,0,20.53,0.00,0.08,31.52,173.55,516.01,1155.75
Rodentia,Heteromyidae,Chaetodipus,penicillatus,chaetodipus penicillatus,-999.00,15.57,-999.00,77.36,14.00,-999.00,22.40,16.00,-999.00,-999.00,26.00,-999.00,5.027576e-03,6.412041e-03,-999.00,3.40,-999.00,-999.00,-999.00,-999.00,172.99,-999.00,-999.00,-999.00,-999,-999.00,-999,-999.00,-999.00,-999.00,377;730;884;1297;1514;1822;2415;2473;2655;2888;2978,-999.00,-999.00,-999.00,-999.00,407770.30,37.45,26.73,32.09,-108.40,-118.07,-113.23,0,22.26,0.00,0.17,20.78,171.96,333.65,1167.54
Rodentia,Heteromyidae,Chaetodipus,pernix,chaetodipus pernix,-999.00,17.00,-999.00,71.87,-999.00,-999.00,-999.00,-999.00,1.00,-999.00,-999.00,-999.00,-999.00,-999.00,-999.00,-999.00,-999.00,-999.00,-999.00,-999.00,-999.00,-999.00,-999.00,-999.00,-999,-999.00,1,-999.00,-999.00,-999.00,316;2655,-999.00,-999.00,-999.00,-999.00,99496.23,29.22,21.93,25.58,-104.89,-110.63,-107.76,1,31.79,3.00,0.09,38.96,212.41,733.83,1378.69
Rodentia,Heteromyidae,Chaetodipus,rudinoris,chaetodipus rudinoris,-999.00,-999.00,-999.00,-999.00,-999.00,-999.00,-999.00,-999.00,-999.00,-999.00,-999.00,-999.00,-999.00,-999.00,-999.00,-999.00,-999.00,-999.00,-999.00,-999.00,-999.00,-999.00,-999.00,-999.00,-999,-999.00,-999,-999.00,-999.00,-999.00,-999,-999.00,-999.00,-999.00,-999.00,100302.54,33.45,23.28,28.37,-109.84,-116.62,-113.23,0,12.23,1.00,0.12,12.01,179.57,216.94,1124.99
Rodentia,Heteromyidae,Chaetodipus,spinatus,chaetodipus spinatus,-999.00,16.34,-999.00,83.66,-999.00,-999.00,-999.00,-999.00,-999.00,-999.00,-999.00,-999.00,-999.00,-999.00,-999.00,3.50,-999.00,-999.00,-999.00,-999.00,-999.00,-999.00,-999.00,-999.00,-999,-999.00,-999,-999.00,-999.00,-999.00,1297;1723;2655,-999.00,-999.00,-999.00,-999.00,126559.57,35.34,22.86,29.10,-109.39,-116.76,-113.07,0,13.18,1.00,0.12,12.35,177.58,215.47,1139.44
Rodentia,Cricetidae,Cricetulus,barabensis,cricetulus barabensis,-999.00,-999.00,-999.00,-999.00,-999.00,-999.00,-999.00,-999.00,-999.00,-999.00,-999.00,-999.00,-999.00,-999.00,-999.00,6.06,-999.00,-999.00,2.00,-999.00,-999.00,-999.00,-999.00,-999.00,-999,-999.00,-999,20.00,14.00,-999.00,1297,-999.00,-999.00,-999.00,-999.00,3474277.84,55.70,29.92,42.81,134.24,75.34,104.79,0,129.33,1.00,0.03,34.34,11.91,433.81,587.45
Rodentia,Cricetidae,Cricetulus,kamensis,cricetulus kamensis,-999.00,-999.00,-999.00,-999.00,-999.00,-999.00,-999.00,-999.00,-999.00,-999.00,-999.00,-999.00,-999.00,-999.00,-999.00,-999.00,-999.00,-999.00,-999.00,-999.00,-999.00,-999.00,-999.00,-999.00,-999,-999.00,-999,-999.00,-999.00,-999.00,-999,-999.00,-999.00,-999.00,-999.00,2957.22,39.82,39.19,39.50,101.59,100.96,101.27,0,11.54,0.00,0.03,10.16,41.12,124.06,566.02
Rodentia,Cricetidae,Cricetulus,longicaudatus,cricetulus longicaudatus,-999.00,-999.00,-999.00,-999.00,-999.00,-999.00,-999.00,-999.00,-999.00,-999.00,-999.00,-999.00,-999.00,-999.00,-999.00,5.71,-999.00,-999.00,-999.00,-999.00,-999.00,-999.00,-999.00,-999.00,-999,-999.00,-999,-999.00,-999.00,-999.00,1297,-999.00,-999.00,-999.00,-999.00,2110470.47,56.09,31.33,43.71,115.21,96.17,105.69,0,61.13,0.00,0.06,31.22,6.60,378.76,636.29
Rodentia,Cricetidae,Cricetulus,migratorius,cricetulus migratorius,-999.00,30.59,-999.00,-999.00,-999.00,-999.00,-999.00,-999.00,-999.00,-999.00,12.00,-999.00,-999.00,-999.00,-999.00,5.20,2.00,-999.00,-999.00,-999.00,221.44,-999.00,-999.00,-999.00,-999,-999.00,-999,24.50,-999.00,-999.00,730;1297;2655,-999.00,-999.00,-999.00,-999.00,10345012.78,56.96,28.07,42.51,111.43,25.08,68.25,0,33.66,0.00,0.05,24.91,63.96,279.95,726.56
Rodentia,Cricetidae,Cricetulus,sokolovi,cricetulus sokolovi,-999.00,-999.00,-999.00,-999.00,-999.00,-999.00,-999.00,-999.00,-999.00,-999.00,-999.00,-999.00,-999.00,-999.00,-999.00,-999.00,-999.00,-999.00,-999.00,-999.00,-999.00,-999.00,-999.00,-999.00,-999,-999.00,-999,-999.00,-999.00,-999.00,-999,-999.00,-999.00,-999.00,-999.00,450811.92,47.18,40.76,43.97,118.61,103.46,111.04,0,5.46,1.00,0.04,23.56,14.25,277.56,558.34
Rodentia,Cricetidae,Cricetus,cricetus,cricetus cricetus,-999.00,428.95,-999.00,-999.00,-999.00,91.25,231.68,362.00,-999.00,-999.00,19.50,-999.00,-999.00,-999.00,131.40,7.14,2.00,48.00,4.71,-999.00,-999.00,-999.00,86.48,-999.00,-999,-999.00,-999,24.85,87.47,-999.00,543;1297;1822;2655,-999.00,-999.00,-999.00,-999.00,6712427.93,61.52,41.69,51.60,95.38,2.53,48.95,0,45.61,1.00,4.13007509427069e-03,37.91,35.60,392.13,499.88
Soricomorpha,Soricidae,Crocidura,aleksandrisi,crocidura aleksandrisi,-999.00,-999.00,-999.00,-999.00,-999.00,-999.00,-999.00,-999.00,-999.00,-999.00,-999.00,-999.00,-999.00,-999.00,-999.00,-999.00,-999.00,-999.00,-999.00,-999.00,-999.00,-999.00,-999.00,-999.00,-999,-999.00,-999,-999.00,-999.00,-999.00,-999,-999.00,-999.00,-999.00,-999.00,9752.34,31.53,30.44,30.99,22.84,21.76,22.30,1,4.20,1.00,0.10,1.21,205.56,101.96,1146.73
Soricomorpha,Soricidae,Crocidura,allex,crocidura allex,-999.00,-999.00,-999.00,-999.00,-999.00,-999.00,-999.00,-999.00,-999.00,-999.00,-999.00,-999.00,-999.00,-999.00,-999.00,3.99,-999.00,-999.00,-999.00,-999.00,-999.00,-999.00,-999.00,-999.00,-999,-999.00,-999,-999.00,-999.00,-999.00,1297,-999.00,-999.00,-999.00,-999.00,14179.21,-0.15,-3.49,-1.82,37.61,35.26,36.44,7,87.36,7.00,0.21,66.32,180.98,923.70,1560.64
Soricomorpha,Soricidae,Crocidura,andamanensis,crocidura andamanensis,-999.00,-999.00,-999.00,-999.00,-999.00,-999.00,-999.00,-999.00,-999.00,-999.00,-999.00,-999.00,-999.00,-999.00,-999.00,-999.00,-999.00,-999.00,-999.00,-999.00,-999.00,-999.00,-999.00,-999.00,-999,-999.00,-999,-999.00,-999.00,-999.00,-999,-999.00,-999.00,-999.00,-999.00,4526.74,13.57,11.47,12.52,93.09,92.52,92.81,41,50.24,41.00,0.21,215.00,268.00,-999.00,-999.00
Soricomorpha,Soricidae,Crocidura,ansellorum,crocidura ansellorum,-999.00,-999.00,-999.00,-999.00,-999.00,-999.00,-999.00,-999.00,-999.00,-999.00,-999.00,-999.00,-999.00,-999.00,-999.00,-999.00,-999.00,-999.00,-999.00,-999.00,-999.00,-999.00,-999.00,-999.00,-999,-999.00,-999,-999.00,-999.00,-999.00,-999,-999.00,-999.00,-999.00,-999.00,39928.17,-10.84,-12.65,-11.75,26.16,23.45,24.81,2,8.43,2.00,0.30,104.85,206.58,896.98,1434.71
Soricomorpha,Soricidae,Crocidura,arabica,crocidura arabica,-999.00,-999.00,-999.00,-999.00,-999.00,-999.00,-999.00,-999.00,-999.00,-999.00,-999.00,-999.00,-999.00,-999.00,-999.00,-999.00,-999.00,-999.00,-999.00,-999.00,-999.00,-999.00,-999.00,-999.00,-999,-999.00,-999,-999.00,-999.00,-999.00,-999,-999.00,-999.00,-999.00,-999.00,97952.06,26.38,12.59,19.48,59.83,43.82,51.83,0,33.85,0.00,0.26,5.22,235.22,158.23,1645.63
Soricomorpha,Soricidae,Crocidura,arispa,crocidura arispa,-999.00,-999.00,-999.00,-999.00,-999.00,-999.00,-999.00,-999.00,-999.00,-999.00,-999.00,-999.00,-999.00,-999.00,-999.00,-999.00,-999.00,-999.00,-999.00,-999.00,-999.00,-999.00,-999.00,-999.00,-999,-999.00,-999,-999.00,-999.00,-999.00,-999,-999.00,-999.00,-999.00,-999.00,74611.00,38.42,36.13,37.27,35.22,28.31,31.77,25,62.77,33.00,0.10,54.42,119.78,391.38,1111.57
Soricomorpha,Soricidae,Crocidura,armenica,crocidura armenica,-999.00,-999.00,-999.00,-999.00,-999.00,-999.00,-999.00,-999.00,-999.00,-999.00,-999.00,-999.00,-999.00,-999.00,-999.00,-999.00,-999.00,-999.00,-999.00,-999.00,-999.00,-999.00,-999.00,-999.00,-999,-999.00,-999,-999.00,-999.00,-999.00,-999,-999.00,-999.00,-999.00,-999.00,85332.27,41.63,38.97,40.30,47.50,42.70,45.10,23,85.28,29.00,0.02,39.05,68.89,516.17,802.05
Soricomorpha,Soricidae,Crocidura,attenuata,crocidura attenuata,-999.00,-999.00,-999.00,-999.00,-999.00,-999.00,-999.00,-999.00,-999.00,-999.00,-999.00,-999.00,-999.00,-999.00,-999.00,0.99,-999.00,-999.00,-999.00,-999.00,-999.00,-999.00,-999.00,-999.00,-999,-999.00,-999,-999.00,-999.00,-999.00,1297,-999.00,-999.00,-999.00,-999.00,3585977.83,29.64,-8.78,10.43,122.03,83.64,102.84,1,171.21,5.00,0.08,157.48,194.92,1112.36,1393.82
Soricomorpha,Soricidae,Crocidura,attila,crocidura attila,-999.00,-999.00,-999.00,-999.00,-999.00,-999.00,-999.00,-999.00,-999.00,-999.00,-999.00,-999.00,-999.00,-999.00,-999.00,-999.00,-999.00,-999.00,-999.00,-999.00,-999.00,-999.00,-999.00,-999.00,-999,-999.00,-999,-999.00,-999.00,-999.00,-999,-999.00,-999.00,-999.00,-999.00,320205.39,6.52,0.74,3.63,17.21,8.67,12.94,1,26.23,1.00,0.07,157.36,239.95,1306.77,1495.86
Soricomorpha,Soricidae,Crocidura,baileyi,crocidura baileyi,-999.00,-999.00,-999.00,-999.00,-999.00,-999.00,-999.00,-999.00,-999.00,-999.00,-999.00,-999.00,-999.00,-999.00,-999.00,-999.00,-999.00,-999.00,-999.00,-999.00,-999.00,-999.00,-999.00,-999.00,-999,-999.00,-999,-999.00,-999.00,-999.00,-999,-999.00,-999.00,-999.00,-999.00,72438.02,13.20,9.44,11.32,39.84,37.09,38.46,28,111.12,30.00,0.14,98.83,164.98,928.30,1504.60
Soricomorpha,Soricidae,Crocidura,baluensis,crocidura baluensis,-999.00,-999.00,-999.00,-999.00,-999.00,-999.00,-999.00,-999.00,-999.00,-999.00,-999.00,-999.00,-999.00,-999.00,-999.00,-999.00,-999.00,-999.00,-999.00,-999.00,-999.00,-999.00,-999.00,-999.00,-999,-999.00,-999,-999.00,-999.00,-999.00,-999,-999.00,-999.00,-999.00,-999.00,-999.00,-999.00,-999.00,-999.00,-999.00,-999.00,-999.00,-999,-999.00,-999.00,-999.00,-999.00,-999.00,-999.00,-999.00
Soricomorpha,Soricidae,Crocidura,batesi,crocidura batesi,-999.00,16.49,-999.00,68.79,-999.00,-999.00,-999.00,-999.00,-999.00,-999.00,-999.00,-999.00,-999.00,-999.00,-999.00,-999.00,-999.00,-999.00,-999.00,-999.00,-999.00,-999.00,-999.00,-999.00,-999,-999.00,-999,-999.00,-999.00,-999.00,1743;2399,-999.00,-999.00,-999.00,-999.00,37339.81,3.09,0.28,1.69,13.36,11.41,12.39,1,4.25,1.00,-3.27493514807811e-03,147.78,239.08,1338.91,1472.74
Soricomorpha,Soricidae,Crocidura,beatus,crocidura beatus,-999.00,10.55,-999.00,-999.00,-999.00,-999.00,-999.00,-999.00,-999.00,-999.00,-999.00,-999.00,-999.00,-999.00,-999.00,-999.00,-999.00,-999.00,-999.00,-999.00,-999.00,-999.00,-999.00,-999.00,-999,-999.00,-999,-999.00,-999.00,-999.00,2655,-999.00,-999.00,-999.00,-999.00,106437.39,11.81,5.55,8.68,126.60,121.89,124.24,33,178.94,55.00,0.11,173.61,240.08,1565.18,1739.39
Soricomorpha,Soricidae,Crocidura,beccarii,crocidura beccarii,-999.00,-999.00,-999.00,-999.00,-999.00,-999.00,-999.00,-999.00,-999.00,-999.00,-999.00,-999.00,-999.00,-999.00,-999.00,-999.00,-999.00,-999.00,-999.00,-999.00,-999.00,-999.00,-999.00,-999.00,-999,-999.00,-999,-999.00,-999.00,-999.00,-999,-999.00,-999.00,-999.00,-999.00,2324.82,0.39,-0.09,0.15,100.44,99.95,100.20,69,122.66,69.00,0.06,222.33,220.66,1581.33,1581.33
Soricomorpha,Soricidae,Crocidura,bottegi,crocidura bottegi,-999.00,3.49,-999.00,-999.00,-999.00,-999.00,-999.00,-999.00,-999.00,-999.00,-999.00,-999.00,-999.00,-999.00,-999.00,2.99,-999.00,-999.00,-999.00,-999.00,-999.00,-999.00,-999.00,-999.00,-999,-999.00,-999,-999.00,-999.00,-999.00,1297;2655,-999.00,-999.00,-999.00,-999.00,1848307.67,9.80,2.58,6.19,39.84,-13.76,13.04,0,60.21,1.00,0.08,135.33,248.38,1235.25,1564.55
Soricomorpha,Soricidae,Crocidura,bottegoides,crocidura bottegoides,-999.00,-999.00,-999.00,-999.00,-999.00,-999.00,-999.00,-999.00,-999.00,-999.00,-999.00,-999.00,-999.00,-999.00,-999.00,-999.00,-999.00,-999.00,-999.00,-999.00,-999.00,-999.00,-999.00,-999.00,-999,-999.00,-999,-999.00,-999.00,-999.00,-999,-999.00,-999.00,-999.00,-999.00,10135.59,7.90,6.55,7.23,40.01,39.09,39.55,22,64.22,22.00,0.15,72.12,-15.89,986.13,1411.12
Soricomorpha,Soricidae,Crocidura,brunnea,crocidura brunnea,-999.00,-999.00,-999.00,-999.00,-999.00,-999.00,-999.00,-999.00,-999.00,-999.00,-999.00,-999.00,-999.00,-999.00,-999.00,-999.00,-999.00,-999.00,-999.00,-999.00,-999.00,-999.00,-999.00,-999.00,-999,-999.00,-999,-999.00,-999.00,-999.00,-999,-999.00,-999.00,-999.00,-999.00,-999.00,-999.00,-999.00,-999.00,-999.00,-999.00,-999.00,-999,-999.00,-999.00,-999.00,-999.00,-999.00,-999.00,-999.00
Soricomorpha,Soricidae,Crocidura,buettikoferi,crocidura buettikoferi,-999.00,-999.00,-999.00,-999.00,-999.00,-999.00,-999.00,-999.00,-999.00,-999.00,-999.00,-999.00,-999.00,-999.00,-999.00,2.99,-999.00,-999.00,-999.00,-999.00,-999.00,-999.00,-999.00,-999.00,-999,-999.00,-999,-999.00,-999.00,-999.00,1297,-999.00,-999.00,-999.00,-999.00,601240.39,12.19,4.27,8.23,8.68,-15.55,-3.43,3,118.85,12.00,0.10,181.29,256.70,1230.20,1558.46
Soricomorpha,Soricidae,Crocidura,caliginea,crocidura caliginea,-999.00,-999.00,-999.00,-999.00,-999.00,-999.00,-999.00,-999.00,-999.00,-999.00,-999.00,-999.00,-999.00,-999.00,-999.00,-999.00,-999.00,-999.00,-999.00,-999.00,-999.00,-999.00,-999.00,-999.00,-999,-999.00,-999,-999.00,-999.00,-999.00,-999,-999.00,-999.00,-999.00,-999.00,9530.16,3.07,0.20,1.63,27.84,24.86,26.35,2,24.00,2.00,0.11,159.74,245.17,1520.35,1636.73
Soricomorpha,Soricidae,Crocidura,canariensis,crocidura canariensis,-999.00,7.50,-999.00,-999.00,-999.00,-999.00,-999.00,-999.00,-999.00,-999.00,-999.00,-999.00,-999.00,-999.00,-999.00,-999.00,-999.00,-999.00,-999.00,-999.00,-999.00,-999.00,-999.00,-999.00,-999,-999.00,-999,-999.00,-999.00,-999.00,2655,-999.00,-999.00,-999.00,-999.00,2488.94,29.30,28.04,28.67,-13.41,-14.50,-13.96,15,37.72,15.00,0.06,-999.00,-999.00,-999.00,-999.00
Soricomorpha,Soricidae,Crocidura,caspica,crocidura caspica,-999.00,-999.00,-999.00,-999.00,-999.00,-999.00,-999.00,-999.00,-999.00,-999.00,-999.00,-999.00,-999.00,-999.00,-999.00,-999.00,-999.00,-999.00,-999.00,-999.00,-999.00,-999.00,-999.00,-999.00,-999,-999.00,-999,-999.00,-999.00,-999.00,-999,-999.00,-999.00,-999.00,-999.00,-999.00,-999.00,-999.00,-999.00,-999.00,-999.00,-999.00,-999,-999.00,-999.00,-999.00,-999.00,-999.00,-999.00,-999.00
Soricomorpha,Soricidae,Crocidura,cinderella,crocidura cinderella,-999.00,-999.00,-999.00,-999.00,-999.00,-999.00,-999.00,-999.00,-999.00,-999.00,-999.00,-999.00,-999.00,-999.00,-999.00,-999.00,-999.00,-999.00,-999.00,-999.00,-999.00,-999.00,-999.00,-999.00,-999,-999.00,-999,-999.00,-999.00,-999.00,-999,-999.00,-999.00,-999.00,-999.00,358909.43,17.69,12.56,15.12,6.03,-17.53,-5.75,1,87.46,1.00,0.07,44.08,281.59,473.09,1508.46
Soricomorpha,Soricidae,Crocidura,congobelgica,crocidura congobelgica,-999.00,-999.00,-999.00,-999.00,-999.00,-999.00,-999.00,-999.00,-999.00,-999.00,-999.00,-999.00,-999.00,-999.00,-999.00,-999.00,-999.00,-999.00,-999.00,-999.00,-999.00,-999.00,-999.00,-999.00,-999,-999.00,-999,-999.00,-999.00,-999.00,-999,-999.00,-999.00,-999.00,-999.00,39431.51,2.23,-0.63,0.79,29.88,28.44,29.16,3,46.39,3.00,0.19,126.69,211.08,1494.51,1619.20
Soricomorpha,Soricidae,Crocidura,crenata,crocidura crenata,-999.00,-999.00,-999.00,-999.00,-999.00,-999.00,-999.00,-999.00,-999.00,-999.00,-999.00,-999.00,-999.00,-999.00,-999.00,-999.00,-999.00,-999.00,-999.00,-999.00,-999.00,-999.00,-999.00,-999.00,-999,-999.00,-999,-999.00,-999.00,-999.00,-999,-999.00,-999.00,-999.00,-999.00,192943.85,5.58,-0.07,2.75,15.50,8.56,12.03,0,30.92,1.00,0.04,170.65,239.09,1331.53,1486.49
Soricomorpha,Soricidae,Crocidura,crossei,crocidura crossei,-999.00,8.00,-999.00,-999.00,-999.00,-999.00,-999.00,-999.00,-999.00,-999.00,-999.00,-999.00,-999.00,-999.00,-999.00,3.00,-999.00,-999.00,-999.00,-999.00,-999.00,-999.00,-999.00,-999.00,-999,-999.00,-999,-999.00,-999.00,-999.00,1297;2655,-999.00,-999.00,-999.00,-999.00,638623.02,8.96,4.27,6.61,9.65,-13.00,-1.67,3,132.01,13.00,0.09,167.21,257.84,1286.54,1577.35
Soricomorpha,Soricidae,Crocidura,cyanea,crocidura cyanea,2.00,8.58,-999.00,-999.00,-999.00,-999.00,-999.00,-999.00,4.00,-999.00,-999.00,1.00,-999.00,-999.00,-999.00,3.59,-999.00,-999.00,-999.00,-999.00,-999.00,-999.00,-999.00,-999.00,-999,1.00,2,-999.00,-999.00,-999.00,626;801;1297;2629;2655;3054,-999.00,-999.00,-999.00,-999.00,2795963.10,-12.50,-34.47,-23.48,34.78,11.73,23.26,0,16.38,0.00,0.10,39.50,189.40,544.29,1304.20
Soricomorpha,Soricidae,Crocidura,denti,crocidura denti,-999.00,-999.00,-999.00,-999.00,-999.00,-999.00,-999.00,-999.00,-999.00,-999.00,-999.00,-999.00,-999.00,-999.00,-999.00,-999.00,-999.00,-999.00,-999.00,-999.00,-999.00,-999.00,-999.00,-999.00,-999,-999.00,-999,-999.00,-999.00,-999.00,-999,-999.00,-999.00,-999.00,-999.00,293305.47,4.35,-1.44,1.45,17.09,10.59,13.84,0,8.30,1.00,0.02,146.74,242.20,1364.18,1483.14
Soricomorpha,Soricidae,Crocidura,desperata,crocidura desperata,-999.00,-999.00,-999.00,-999.00,-999.00,-999.00,-999.00,-999.00,-999.00,-999.00,-999.00,-999.00,-999.00,-999.00,-999.00,-999.00,-999.00,-999.00,-999.00,-999.00,-999.00,-999.00,-999.00,-999.00,-999,-999.00,-999,-999.00,-999.00,-999.00,-999,-999.00,-999.00,-999.00,-999.00,32266.19,-7.75,-10.03,-8.89,36.23,33.14,34.68,17,33.51,19.00,0.16,82.32,202.39,914.42,1421.19
Soricomorpha,Soricidae,Crocidura,dhofarensis,crocidura dhofarensis,-999.00,-999.00,-999.00,-999.00,-999.00,-999.00,-999.00,-999.00,-999.00,-999.00,-999.00,-999.00,-999.00,-999.00,-999.00,-999.00,-999.00,-999.00,-999.00,-999.00,-999.00,-999.00,-999.00,-999.00,-999,-999.00,-999,-999.00,-999.00,-999.00,-999,-999.00,-999.00,-999.00,-999.00,3.52,17.05,17.03,17.04,54.17,54.15,54.16,8,8.00,8.00,0.14,7.00,211.00,174.00,1306.00
Soricomorpha,Soricidae,Crocidura,dolichura,crocidura dolichura,-999.00,5.63,-999.00,71.00,-999.00,-999.00,-999.00,-999.00,-999.00,-999.00,-999.00,-999.00,-999.00,-999.00,-999.00,-999.00,-999.00,-999.00,-999.00,-999.00,-999.00,-999.00,-999.00,-999.00,-999,-999.00,-999,-999.00,-999.00,-999.00,1743;2399;2655,-999.00,-999.00,-999.00,-999.00,2008582.62,7.98,-4.55,1.71,31.12,3.07,17.09,0,44.86,1.00,0.12,151.06,241.96,1418.63,1568.94
Soricomorpha,Soricidae,Crocidura,douceti,crocidura douceti,-999.00,4.30,-999.00,-999.00,-999.00,-999.00,-999.00,-999.00,-999.00,-999.00,-999.00,-999.00,-999.00,-999.00,-999.00,-999.00,-999.00,-999.00,-999.00,-999.00,-999.00,-999.00,-999.00,-999.00,-999,-999.00,-999,-999.00,-999.00,-999.00,2655,-999.00,-999.00,-999.00,-999.00,300718.28,10.72,5.84,8.28,9.36,-10.97,-0.80,4,78.31,8.00,0.11,128.17,259.78,1122.92,1533.72
Soricomorpha,Soricidae,Crocidura,dsinezumi,crocidura dsinezumi,-999.00,-999.00,-999.00,-999.00,-999.00,-999.00,-999.00,-999.00,-999.00,-999.00,-999.00,-999.00,-999.00,-999.00,-999.00,4.29,-999.00,-999.00,-999.00,-999.00,-999.00,-999.00,-999.00,-999.00,-999,-999.00,-999,-999.00,-999.00,-999.00,1297,-999.00,-999.00,-999.00,-999.00,401721.50,45.52,21.90,33.71,145.82,120.04,132.93,56,348.51,73.00,0.01,134.61,97.59,743.50,799.35
Soricomorpha,Soricidae,Crocidura,eisentrauti,crocidura eisentrauti,-999.00,-999.00,-999.00,-999.00,-999.00,-999.00,-999.00,-999.00,-999.00,-999.00,-999.00,-999.00,-999.00,-999.00,-999.00,1.99,-999.00,-999.00,-999.00,-999.00,-999.00,-999.00,-999.00,-999.00,-999,-999.00,-999,-999.00,-999.00,-999.00,1297,-999.00,-999.00,-999.00,-999.00,1023.13,4.42,4.04,4.23,9.32,9.00,9.16,120,120.00,120.00,0.14,303.00,214.00,1279.00,1644.00
Soricomorpha,Soricidae,Crocidura,elgonius,crocidura elgonius,-999.00,6.50,-999.00,-999.00,-999.00,-999.00,-999.00,-999.00,-999.00,-999.00,-999.00,-999.00,-999.00,-999.00,-999.00,-999.00,-999.00,-999.00,-999.00,-999.00,-999.00,-999.00,-999.00,-999.00,-999,-999.00,-999,-999.00,-999.00,-999.00,2655,-999.00,-999.00,-999.00,-999.00,28984.98,1.42,-5.15,-1.86,38.81,34.21,36.51,5,80.06,5.00,0.17,86.44,212.64,1002.98,1559.72
Soricomorpha,Soricidae,Crocidura,elongata,crocidura elongata,-999.00,-999.00,-999.00,-999.00,-999.00,-999.00,-999.00,-999.00,-999.00,-999.00,-999.00,-999.00,-999.00,-999.00,-999.00,-999.00,-999.00,-999.00,-999.00,-999.00,-999.00,-999.00,-999.00,-999.00,-999,-999.00,-999,-999.00,-999.00,-999.00,-999,-999.00,-999.00,-999.00,-999.00,26519.84,1.75,-2.68,-0.46,125.24,119.59,122.42,17,99.52,20.00,0.09,220.93,188.54,1818.27,1877.91
Soricomorpha,Soricidae,Crocidura,erica,crocidura erica,-999.00,-999.00,-999.00,-999.00,-999.00,-999.00,-999.00,-999.00,-999.00,-999.00,-999.00,-999.00,-999.00,-999.00,-999.00,-999.00,-999.00,-999.00,-999.00,-999.00,-999.00,-999.00,-999.00,-999.00,-999,-999.00,-999,-999.00,-999.00,-999.00,-999,-999.00,-999.00,-999.00,-999.00,111398.21,-8.44,-13.82,-11.13,16.67,14.42,15.55,11,20.11,11.00,0.13,103.73,200.66,995.66,1394.30
Soricomorpha,Soricidae,Crocidura,fischeri,crocidura fischeri,-999.00,-999.00,-999.00,-999.00,-999.00,-999.00,-999.00,-999.00,-999.00,-999.00,-999.00,-999.00,-999.00,-999.00,-999.00,-999.00,-999.00,-999.00,-999.00,-999.00,-999.00,-999.00,-999.00,-999.00,-999,-999.00,-999,-999.00,-999.00,-999.00,-999,-999.00,-999.00,-999.00,-999.00,8016.47,-1.67,-3.61,-2.64,37.68,35.99,36.83,9,57.07,9.00,0.20,59.72,213.45,925.38,1589.73
Soricomorpha,Soricidae,Crocidura,flavescens,crocidura flavescens,2.00,31.22,-999.00,-999.00,-999.00,-999.00,44.48,33.20,1.00,-999.00,25.00,-999.00,-999.00,-999.00,-999.00,3.37,-999.00,-999.00,2.25,-999.00,-999.00,-999.00,-999.00,-999.00,-999,-999.00,3,-999.00,20.69,-999.00,1297;1822;2629;2655,-999.00,-999.00,-999.00,-999.00,428284.66,-27.05,-34.83,-30.94,32.62,17.84,25.23,0,59.06,1.00,0.10,51.51,153.04,728.56,1166.45
Soricomorpha,Soricidae,Crocidura,floweri,crocidura floweri,-999.00,-999.00,-999.00,-999.00,-999.00,-999.00,-999.00,-999.00,-999.00,-999.00,-999.00,-999.00,-999.00,-999.00,-999.00,-999.00,-999.00,-999.00,-999.00,-999.00,-999.00,-999.00,-999.00,-999.00,-999,-999.00,-999,-999.00,-999.00,-999.00,-999,-999.00,-999.00,-999.00,-999.00,279190.89,31.60,23.53,27.56,32.45,28.65,30.55,0,187.22,0.00,0.08,1.33,211.05,25.12,1248.18
Soricomorpha,Soricidae,Crocidura,foetida,crocidura foetida,-999.00,-999.00,-999.00,-999.00,-999.00,-999.00,-999.00,-999.00,-999.00,-999.00,-999.00,-999.00,-999.00,-999.00,-999.00,-999.00,-999.00,-999.00,-999.00,-999.00,-999.00,-999.00,-999.00,-999.00,-999,-999.00,-999,-999.00,-999.00,-999.00,-999,-999.00,-999.00,-999.00,-999.00,-999.00,-999.00,-999.00,-999.00,-999.00,-999.00,-999.00,-999,-999.00,-999.00,-999.00,-999.00,-999.00,-999.00,-999.00
Soricomorpha,Soricidae,Crocidura,foxi,crocidura foxi,-999.00,21.00,-999.00,-999.00,-999.00,-999.00,-999.00,-999.00,-999.00,-999.00,-999.00,-999.00,-999.00,-999.00,-999.00,1.99,-999.00,-999.00,-999.00,-999.00,-999.00,-999.00,-999.00,-999.00,-999,-999.00,-999,-999.00,-999.00,-999.00,1297;2655,-999.00,-999.00,-999.00,-999.00,13366.60,10.61,9.06,9.83,9.68,8.37,9.02,36,90.10,36.00,0.10,112.66,247.99,847.71,1599.38
Soricomorpha,Soricidae,Crocidura,fuliginosa,crocidura fuliginosa,-999.00,12.00,-999.00,-999.00,-999.00,-999.00,-999.00,-999.00,-999.00,-999.00,-999.00,-999.00,-999.00,-999.00,-999.00,1.73,-999.00,-999.00,-999.00,-999.00,-999.00,-999.00,-999.00,-999.00,-999,-999.00,-999,-999.00,-999.00,-999.00,1297;2655,-999.00,-999.00,-999.00,-999.00,2819121.50,27.90,1.26,14.58,119.71,90.02,104.87,1,173.30,9.00,0.08,154.28,215.54,1134.55,1432.18
Soricomorpha,Soricidae,Crocidura,fulvastra,crocidura fulvastra,-999.00,10.00,-999.00,-999.00,-999.00,-999.00,-999.00,-999.00,-999.00,-999.00,-999.00,-999.00,-999.00,-999.00,-999.00,-999.00,-999.00,-999.00,-999.00,-999.00,-999.00,-999.00,-999.00,-999.00,-999,-999.00,-999,-999.00,-999.00,-999.00,2655,-999.00,-999.00,-999.00,-999.00,2581429.54,15.07,3.75,9.41,36.51,-11.28,12.61,0,31.30,1.00,0.12,84.24,265.93,848.02,1626.52
Soricomorpha,Soricidae,Crocidura,fumosa,crocidura fumosa,-999.00,14.49,-999.00,-999.00,-999.00,-999.00,-999.00,-999.00,-999.00,-999.00,-999.00,-999.00,-999.00,-999.00,-999.00,3.74,-999.00,-999.00,-999.00,-999.00,-999.00,-999.00,-999.00,-999.00,-999,-999.00,-999,-999.00,-999.00,-999.00,1297;2655,-999.00,-999.00,-999.00,-999.00,19575.94,1.13,-0.13,0.50,37.42,35.17,36.30,9,86.66,9.00,0.18,77.73,175.33,993.86,1464.80
Soricomorpha,Soricidae,Crocidura,fuscomurina,crocidura fuscomurina,2.00,5.60,-999.00,60.21,10.00,-999.00,-999.00,-999.00,3.00,-999.00,-999.00,1.00,-999.00,-999.00,-999.00,3.00,-999.00,-999.00,0.59,19.33,135.52,-999.00,-999.00,-999.00,-999,1.00,2,17.29,3.00,-999.00,99;626;730;801;1297;1428;2629;2655;2952,-999.00,-999.00,-999.00,-999.00,8975539.37,15.43,-33.70,-9.13,43.29,-17.53,12.87,0,44.21,2.00,0.13,86.93,237.12,909.13,1538.86
Soricomorpha,Soricidae,Crocidura,glassi,crocidura glassi,-999.00,-999.00,-999.00,-999.00,-999.00,-999.00,-999.00,-999.00,-999.00,-999.00,-999.00,-999.00,-999.00,-999.00,-999.00,-999.00,-999.00,-999.00,-999.00,-999.00,-999.00,-999.00,-999.00,-999.00,-999,-999.00,-999,-999.00,-999.00,-999.00,-999,-999.00,-999.00,-999.00,-999.00,26724.54,9.50,6.74,8.12,42.02,39.07,40.54,22,89.52,33.00,0.15,64.33,100.55,979.00,1487.10
Soricomorpha,Soricidae,Crocidura,gmelini,crocidura gmelini,-999.00,-999.00,-999.00,-999.00,-999.00,-999.00,-999.00,-999.00,-999.00,-999.00,-999.00,-999.00,-999.00,-999.00,-999.00,-999.00,-999.00,-999.00,-999.00,-999.00,-999.00,-999.00,-999.00,-999.00,-999,-999.00,-999,-999.00,-999.00,-999.00,-999,-999.00,-999.00,-999.00,-999.00,-999.00,-999.00,-999.00,-999.00,-999.00,-999.00,-999.00,-999,-999.00,-999.00,-999.00,-999.00,-999.00,-999.00,-999.00
Soricomorpha,Soricidae,Crocidura,goliath,crocidura goliath,-999.00,87.92,-999.00,147.42,-999.00,-999.00,-999.00,-999.00,-999.00,-999.00,-999.00,-999.00,-999.00,-999.00,-999.00,-999.00,-999.00,-999.00,-999.00,-999.00,-999.00,-999.00,-999.00,-999.00,-999,-999.00,-999,-999.00,-999.00,-999.00,1743;2399,-999.00,-999.00,-999.00,-999.00,362264.14,4.54,-0.84,1.85,17.84,11.13,14.49,0,7.36,1.00,0.03,143.28,242.73,1369.91,1495.93
Soricomorpha,Soricidae,Crocidura,gracilipes,crocidura gracilipes,-999.00,6.69,-999.00,-999.00,-999.00,-999.00,-999.00,-999.00,-999.00,-999.00,-999.00,-999.00,-999.00,-999.00,-999.00,2.99,-999.00,-999.00,-999.00,-999.00,-999.00,-999.00,-999.00,-999.00,-999,-999.00,-999,-999.00,-999.00,-999.00,1297;2655,-999.00,-999.00,-999.00,-999.00,941.78,-2.91,-3.20,-3.06,37.56,37.14,37.35,42,104.32,42.00,0.14,68.99,186.00,867.99,1586.00
Soricomorpha,Soricidae,Crocidura,grandiceps,crocidura grandiceps,-999.00,23.00,-999.00,-999.00,-999.00,-999.00,-999.00,-999.00,-999.00,-999.00,-999.00,-999.00,-999.00,-999.00,-999.00,-999.00,-999.00,-999.00,-999.00,-999.00,-999.00,-999.00,-999.00,-999.00,-999,-999.00,-999,-999.00,-999.00,-999.00,2655,-999.00,-999.00,-999.00,-999.00,444066.20,9.63,4.27,6.95,8.73,-9.97,-0.61,4,140.04,16.50,0.15,143.68,258.56,1282.64,1577.04
Soricomorpha,Soricidae,Crocidura,grandis,crocidura grandis,-999.00,-999.00,-999.00,-999.00,-999.00,-999.00,-999.00,-999.00,-999.00,-999.00,-999.00,-999.00,-999.00,-999.00,-999.00,-999.00,-999.00,-999.00,-999.00,-999.00,-999.00,-999.00,-999.00,-999.00,-999,-999.00,-999,-999.00,-999.00,-999.00,-999,-999.00,-999.00,-999.00,-999.00,159.87,8.28,8.15,8.21,123.69,123.56,123.63,240,240.00,240.00,0.11,203.00,249.00,-999.00,-999.00
Soricomorpha,Soricidae,Crocidura,grassei,crocidura grassei,-999.00,-999.00,-999.00,62.99,-999.00,-999.00,-999.00,-999.00,-999.00,-999.00,-999.00,-999.00,-999.00,-999.00,-999.00,-999.00,-999.00,-999.00,-999.00,-999.00,-999.00,-999.00,-999.00,-999.00,-999,-999.00,-999,-999.00,-999.00,-999.00,1743,8.17,-999.00,-999.00,-999.00,225706.53,4.20,0.19,2.19,18.06,11.36,14.71,0,9.60,1.00,0.03,138.90,239.83,1353.14,1494.04
Soricomorpha,Soricidae,Crocidura,grayi,crocidura grayi,-999.00,10.70,-999.00,-999.00,-999.00,-999.00,-999.00,-999.00,1.00,-999.00,-999.00,-999.00,-999.00,-999.00,-999.00,-999.00,-999.00,-999.00,-999.00,-999.00,-999.00,-999.00,-999.00,-999.00,-999,-999.00,3,-999.00,-999.00,-999.00,2446;2655,-999.00,-999.00,-999.00,-999.00,117062.79,18.65,12.20,15.42,124.42,119.74,122.08,19,279.22,29.00,0.09,233.78,240.62,1367.82,1715.75
Soricomorpha,Soricidae,Crocidura,greenwoodi,crocidura greenwoodi,-999.00,-999.00,-999.00,-999.00,-999.00,-999.00,-999.00,-999.00,-999.00,-999.00,-999.00,-999.00,-999.00,-999.00,-999.00,-999.00,-999.00,-999.00,-999.00,-999.00,-999.00,-999.00,-999.00,-999.00,-999,-999.00,-999,-999.00,-999.00,-999.00,-999,-999.00,-999.00,-999.00,-999.00,47947.78,4.21,0.26,2.24,45.99,42.58,44.28,9,33.07,9.00,0.05,40.57,269.21,515.27,1794.81
Soricomorpha,Soricidae,Crocidura,harenna,crocidura harenna,-999.00,-999.00,-999.00,-999.00,-999.00,-999.00,-999.00,-999.00,-999.00,-999.00,-999.00,-999.00,-999.00,-999.00,-999.00,-999.00,-999.00,-999.00,-999.00,-999.00,-999.00,-999.00,-999.00,-999.00,-999,-999.00,-999,-999.00,-999.00,-999.00,-999,-999.00,-999.00,-999.00,-999.00,133.85,6.76,6.65,6.71,39.79,39.68,39.73,33,33.00,33.00,0.13,71.00,-85.00,1030.00,1418.00
Soricomorpha,Soricidae,Crocidura,hildegardeae,crocidura hildegardeae,-999.00,10.28,-999.00,-999.00,-999.00,-999.00,29.90,11.50,-999.00,-999.00,-999.00,-999.00,-999.00,-999.00,-999.00,-999.00,-999.00,-999.00,-999.00,-999.00,347.22,-999.00,-999.00,-999.00,-999,-999.00,-999,-999.00,-999.00,-999.00,730;1822;2399;2655,-999.00,-999.00,-999.00,-999.00,1955205.86,4.96,-4.64,0.16,36.82,16.78,26.80,0,43.36,2.00,0.15,131.45,233.67,1383.70,1595.35
Soricomorpha,Soricidae,Crocidura,hilliana,crocidura hilliana,-999.00,-999.00,-999.00,-999.00,-999.00,-999.00,-999.00,-999.00,-999.00,-999.00,-999.00,-999.00,-999.00,-999.00,-999.00,-999.00,-999.00,-999.00,-999.00,-999.00,-999.00,-999.00,-999.00,-999.00,-999,-999.00,-999,-999.00,-999.00,-999.00,-999,-999.00,-999.00,-999.00,-999.00,-999.00,-999.00,-999.00,-999.00,-999.00,-999.00,-999.00,-999,-999.00,-999.00,-999.00,-999.00,-999.00,-999.00,-999.00
Soricomorpha,Soricidae,Crocidura,hirta,crocidura hirta,2.00,15.80,-999.00,-999.00,-999.00,-999.00,-999.00,-999.00,4.00,-999.00,18.00,1.00,-999.00,-999.00,59.00,3.89,-999.00,-999.00,1.00,30.00,44.12,-999.00,-999.00,1.00,-999,1.00,2,17.74,10.00,-999.00,626;801;1297;1798;2629;2655,-999.00,2.76,-999.00,-999.00,7864395.60,4.23,-34.05,-14.91,47.10,12.33,29.71,0,28.81,1.00,0.15,72.77,216.76,810.69,1462.54
Soricomorpha,Soricidae,Crocidura,hispida,crocidura hispida,-999.00,-999.00,-999.00,-999.00,-999.00,-999.00,-999.00,-999.00,-999.00,-999.00,-999.00,-999.00,-999.00,-999.00,-999.00,-999.00,-999.00,-999.00,-999.00,-999.00,-999.00,-999.00,-999.00,-999.00,-999,-999.00,-999,-999.00,-999.00,-999.00,-999,-999.00,-999.00,-999.00,-999.00,1535.89,12.90,12.31,12.61,92.98,92.69,92.84,41,46.50,41.00,0.20,215.00,268.00,-999.00,-999.00
Soricomorpha,Soricidae,Crocidura,orii,crocidura orii,-999.00,-999.00,-999.00,-999.00,-999.00,-999.00,-999.00,-999.00,-999.00,-999.00,-999.00,-999.00,-999.00,-999.00,-999.00,-999.00,-999.00,-999.00,-999.00,-999.00,-999.00,-999.00,-999.00,-999.00,-999,-999.00,-999,-999.00,-999.00,-999.00,-999,-999.00,-999.00,-999.00,-999.00,960.37,28.51,27.65,28.08,129.72,128.88,129.30,365,365.00,365.00,0.04,-999.00,-999.00,-999.00,-999.00
Soricomorpha,Soricidae,Crocidura,palawanensis,crocidura palawanensis,-999.00,-999.00,-999.00,-999.00,-999.00,-999.00,-999.00,-999.00,-999.00,-999.00,-999.00,-999.00,-999.00,-999.00,-999.00,-999.00,-999.00,-999.00,-999.00,-999.00,-999.00,-999.00,-999.00,-999.00,-999,-999.00,-999,-999.00,-999.00,-999.00,-999,-999.00,-999.00,-999.00,-999.00,11562.34,11.42,8.32,9.87,119.71,117.17,118.44,22,42.93,22.00,0.21,224.00,249.78,-999.00,-999.00
Soricomorpha,Soricidae,Crocidura,paradoxura,crocidura paradoxura,-999.00,-999.00,-999.00,-999.00,-999.00,-999.00,-999.00,-999.00,-999.00,-999.00,-999.00,-999.00,-999.00,-999.00,-999.00,-999.00,-999.00,-999.00,-999.00,-999.00,-999.00,-999.00,-999.00,-999.00,-999,-999.00,-999,-999.00,-999.00,-999.00,-999,-999.00,-999.00,-999.00,-999.00,6689.37,-0.30,-1.31,-0.80,101.15,100.56,100.85,30,78.33,30.00,0.04,298.66,226.66,1651.32,1827.31
Soricomorpha,Soricidae,Crocidura,parvipes,crocidura parvipes,-999.00,-999.00,-999.00,-999.00,-999.00,-999.00,-999.00,-999.00,-999.00,-999.00,-999.00,-999.00,-999.00,-999.00,-999.00,-999.00,-999.00,-999.00,-999.00,-999.00,-999.00,-999.00,-999.00,-999.00,-999,-999.00,-999,-999.00,-999.00,-999.00,-999,-999.00,-999.00,-999.00,-999.00,3227353.22,8.89,-16.14,-3.62,39.45,10.82,25.14,0,31.89,1.00,0.16,99.70,226.51,1026.56,1544.22
Soricomorpha,Soricidae,Crocidura,pasha,crocidura pasha,-999.00,6.50,-999.00,-999.00,-999.00,-999.00,-999.00,-999.00,-999.00,-999.00,-999.00,-999.00,-999.00,-999.00,-999.00,-999.00,-999.00,-999.00,-999.00,-999.00,-999.00,-999.00,-999.00,-999.00,-999,-999.00,-999,-999.00,-999.00,-999.00,2655,-999.00,-999.00,-999.00,-999.00,191006.19,20.40,16.38,18.39,33.87,29.58,31.73,0,7.58,0.00,0.05,4.13,265.42,63.67,1412.83
Soricomorpha,Soricidae,Crocidura,pergrisea,crocidura pergrisea,-999.00,-999.00,-999.00,-999.00,-999.00,-999.00,-999.00,-999.00,-999.00,-999.00,-999.00,-999.00,-999.00,-999.00,-999.00,-999.00,-999.00,-999.00,-999.00,-999.00,-999.00,-999.00,-999.00,-999.00,-999,-999.00,-999,-999.00,-999.00,-999.00,-999,-999.00,-999.00,-999.00,-999.00,433223.03,41.92,31.49,36.70,77.15,69.57,73.36,0,98.28,1.00,0.12,25.93,6.70,340.69,916.92
Soricomorpha,Soricidae,Crocidura,phaeura,crocidura phaeura,-999.00,-999.00,-999.00,-999.00,-999.00,-999.00,-999.00,-999.00,-999.00,-999.00,-999.00,-999.00,-999.00,-999.00,-999.00,-999.00,-999.00,-999.00,-999.00,-999.00,-999.00,-999.00,-999.00,-999.00,-999,-999.00,-999,-999.00,-999.00,-999.00,-999,-999.00,-999.00,-999.00,-999.00,114.40,6.83,6.68,6.75,38.52,38.43,38.47,190,261.00,190.00,0.15,65.00,157.50,1022.00,1150.50
Soricomorpha,Soricidae,Crocidura,picea,crocidura picea,-999.00,-999.00,-999.00,-999.00,-999.00,-999.00,-999.00,-999.00,-999.00,-999.00,-999.00,-999.00,-999.00,-999.00,-999.00,-999.00,-999.00,-999.00,-999.00,-999.00,-999.00,-999.00,-999.00,-999.00,-999,-999.00,-999,-999.00,-999.00,-999.00,-999,-999.00,-999.00,-999.00,-999.00,413.32,6.35,6.14,6.25,9.62,9.42,9.52,50,51.50,50.00,0.07,216.50,221.50,1235.50,1525.00
Soricomorpha,Soricidae,Crocidura,pitmani,crocidura pitmani,-999.00,-999.00,-999.00,-999.00,-999.00,-999.00,-999.00,-999.00,-999.00,-999.00,-999.00,-999.00,-999.00,-999.00,-999.00,-999.00,-999.00,-999.00,-999.00,-999.00,-999.00,-999.00,-999.00,-999.00,-999,-999.00,-999,-999.00,-999.00,-999.00,-999,-999.00,-999.00,-999.00,-999.00,102228.01,-10.40,-15.41,-12.91,33.17,28.19,30.68,3,15.69,3.00,0.15,81.17,212.21,771.35,1427.08
Soricomorpha,Soricidae,Crocidura,planiceps,crocidura planiceps,-999.00,2.50,-999.00,-999.00,-999.00,-999.00,-999.00,-999.00,-999.00,-999.00,-999.00,-999.00,-999.00,-999.00,-999.00,3.00,-999.00,-999.00,-999.00,-999.00,-999.00,-999.00,-999.00,-999.00,-999,-999.00,-999,-999.00,-999.00,-999.00,1297;2655,-999.00,-999.00,-999.00,-999.00,1928145.76,9.71,0.65,5.18,37.95,7.45,22.70,0,21.47,1.00,0.08,109.57,248.18,1098.16,1592.85
Soricomorpha,Soricidae,Crocidura,poensis,crocidura poensis,-999.00,17.05,-999.00,-999.00,-999.00,-999.00,30.42,16.90,-999.00,-999.00,-999.00,-999.00,-999.00,-999.00,-999.00,2.44,-999.00,-999.00,-999.00,-999.00,-999.00,-999.00,-999.00,-999.00,-999,-999.00,-999,-999.00,-999.00,-999.00,1297;1822;2655,-999.00,-999.00,-999.00,-999.00,782442.10,8.07,-1.93,3.06,14.00,-11.17,1.41,1,107.14,1.00,0.09,161.81,252.81,1295.87,1554.35
Soricomorpha,Soricidae,Crocidura,polia,crocidura polia,-999.00,-999.00,-999.00,-999.00,-999.00,-999.00,-999.00,-999.00,-999.00,-999.00,-999.00,-999.00,-999.00,-999.00,-999.00,-999.00,-999.00,-999.00,-999.00,-999.00,-999.00,-999.00,-999.00,-999.00,-999,-999.00,-999,-999.00,-999.00,-999.00,-999,-999.00,-999.00,-999.00,-999.00,77.81,2.46,2.37,2.42,27.34,27.25,27.30,23,23.00,23.00,0.09,151.00,240.00,1520.00,1671.00
Soricomorpha,Soricidae,Crocidura,pullata,crocidura pullata,-999.00,-999.00,-999.00,-999.00,-999.00,-999.00,-999.00,-999.00,-999.00,-999.00,-999.00,-999.00,-999.00,-999.00,-999.00,-999.00,-999.00,-999.00,-999.00,-999.00,-999.00,-999.00,-999.00,-999.00,-999,-999.00,-999,-999.00,-999.00,-999.00,-999,-999.00,-999.00,-999.00,-999.00,549138.40,37.59,31.28,34.44,79.51,67.14,73.33,0,136.42,5.00,0.16,39.09,58.84,471.34,1059.12
Soricomorpha,Soricidae,Crocidura,raineyi,crocidura raineyi,-999.00,14.49,-999.00,-999.00,-999.00,-999.00,-999.00,-999.00,-999.00,-999.00,-999.00,-999.00,-999.00,-999.00,-999.00,-999.00,-999.00,-999.00,-999.00,-999.00,-999.00,-999.00,-999.00,-999.00,-999,-999.00,-999,-999.00,-999.00,-999.00,2655,-999.00,-999.00,-999.00,-999.00,78.45,1.00,0.91,0.95,37.45,37.36,37.41,5,7.00,5.00,0.18,72.99,215.49,871.00,1410.00
Soricomorpha,Soricidae,Crocidura,ramona,crocidura ramona,-999.00,-999.00,-999.00,-999.00,-999.00,-999.00,-999.00,-999.00,-999.00,-999.00,-999.00,-999.00,-999.00,-999.00,-999.00,-999.00,-999.00,-999.00,-999.00,-999.00,-999.00,-999.00,-999.00,-999.00,-999,-999.00,-999,-999.00,-999.00,-999.00,-999,-999.00,-999.00,-999.00,-999.00,-999.00,-999.00,-999.00,-999.00,-999.00,-999.00,-999.00,-999,-999.00,-999.00,-999.00,-999.00,-999.00,-999.00,-999.00
Soricomorpha,Soricidae,Crocidura,rapax,crocidura rapax,-999.00,-999.00,-999.00,-999.00,-999.00,-999.00,-999.00,-999.00,-999.00,-999.00,-999.00,-999.00,-999.00,-999.00,-999.00,-999.00,-999.00,-999.00,-999.00,-999.00,-999.00,-999.00,-999.00,-999.00,-999,-999.00,-999,-999.00,-999.00,-999.00,-999,-999.00,-999.00,-999.00,-999.00,-999.00,-999.00,-999.00,-999.00,-999.00,-999.00,-999.00,-999,-999.00,-999.00,-999.00,-999.00,-999.00,-999.00,-999.00
Soricomorpha,Soricidae,Crocidura,religiosa,crocidura religiosa,-999.00,7.00,-999.00,-999.00,-999.00,-999.00,-999.00,-999.00,-999.00,-999.00,-999.00,-999.00,-999.00,-999.00,-999.00,-999.00,-999.00,-999.00,-999.00,-999.00,-999.00,-999.00,-999.00,-999.00,-999,-999.00,-999,-999.00,-999.00,-999.00,2655,-999.00,-999.00,-999.00,-999.00,190264.68,31.28,23.22,27.25,33.80,29.85,31.83,0,198.59,0.00,0.07,1.07,219.09,21.67,1249.37
Soricomorpha,Soricidae,Crocidura,rhoditis,crocidura rhoditis,-999.00,-999.00,-999.00,-999.00,-999.00,-999.00,-999.00,-999.00,-999.00,-999.00,-999.00,-999.00,-999.00,-999.00,-999.00,-999.00,-999.00,-999.00,-999.00,-999.00,-999.00,-999.00,-999.00,-999.00,-999,-999.00,-999,-999.00,-999.00,-999.00,-999,-999.00,-999.00,-999.00,-999.00,97134.65,1.35,-5.54,-2.09,123.74,118.85,121.29,17,83.61,19.00,0.08,222.87,208.96,1815.09,1902.82
Soricomorpha,Soricidae,Crocidura,roosevelti,crocidura roosevelti,-999.00,-999.00,-999.00,-999.00,-999.00,-999.00,-999.00,-999.00,-999.00,-999.00,-999.00,-999.00,-999.00,-999.00,-999.00,-999.00,-999.00,-999.00,-999.00,-999.00,-999.00,-999.00,-999.00,-999.00,-999,-999.00,-999,-999.00,-999.00,-999.00,-999,-999.00,-999.00,-999.00,-999.00,2063923.09,7.87,-9.65,-0.88,33.86,12.57,23.22,0,30.38,1.00,0.12,119.39,234.59,1176.22,1568.26
Soricomorpha,Soricidae,Crocidura,russula,crocidura russula,-999.00,9.89,-999.00,69.29,10.00,95.20,29.79,10.10,2.00,-999.00,29.00,1.00,1.65903e-04,2.35e-04,28.50,4.04,-999.00,38.40,0.80,29.49,8850.00,-999.00,66.88,-999.00,-999,1.00,3,23.82,5.89,-999.00,543;626;1297;1317;1318;1430;1594;1822;1849;2655;2952,-999.00,4.00,-999.00,-999.00,3344352.67,53.24,27.73,40.48,29.11,-15.83,6.64,3,152.90,18.00,0.01,59.06,100.48,509.80,736.05
Soricomorpha,Soricidae,Crocidura,selina,crocidura selina,-999.00,-999.00,-999.00,-999.00,-999.00,-999.00,-999.00,-999.00,-999.00,-999.00,-999.00,-999.00,-999.00,-999.00,-999.00,-999.00,-999.00,-999.00,-999.00,-999.00,-999.00,-999.00,-999.00,-999.00,-999,-999.00,-999,-999.00,-999.00,-999.00,-999,-999.00,-999.00,-999.00,-999.00,25492.41,1.71,0.07,0.89,33.09,31.04,32.07,32,146.01,32.00,0.13,102.00,229.06,1344.87,1565.99
Soricomorpha,Soricidae,Crocidura,serezkyensis,crocidura serezkyensis,-999.00,-999.00,-999.00,-999.00,-999.00,-999.00,-999.00,-999.00,-999.00,-999.00,-999.00,-999.00,-999.00,-999.00,-999.00,-999.00,-999.00,-999.00,-999.00,-999.00,-999.00,-999.00,-999.00,-999.00,-999,-999.00,-999,-999.00,-999.00,-999.00,-999,-999.00,-999.00,-999.00,-999.00,71197.69,39.93,37.33,38.63,60.00,54.59,57.30,2,7.04,2.00,0.09,16.64,144.47,218.67,830.43
Soricomorpha,Soricidae,Crocidura,shantungensis,crocidura shantungensis,-999.00,-999.00,-999.00,-999.00,-999.00,-999.00,-999.00,-999.00,-999.00,-999.00,-999.00,-999.00,-999.00,-999.00,-999.00,-999.00,-999.00,-999.00,-999.00,-999.00,-999.00,-999.00,-999.00,-999.00,-999,-999.00,-999,-999.00,-999.00,-999.00,-999,-999.00,-999.00,-999.00,-999.00,-999.00,-999.00,-999.00,-999.00,-999.00,-999.00,-999.00,-999,-999.00,-999.00,-999.00,-999.00,-999.00,-999.00,-999.00
Soricomorpha,Soricidae,Crocidura,sibirica,crocidura sibirica,-999.00,-999.00,-999.00,-999.00,-999.00,-999.00,-999.00,-999.00,-999.00,-999.00,-999.00,-999.00,-999.00,-999.00,-999.00,-999.00,-999.00,-999.00,-999.00,-999.00,-999.00,-999.00,-999.00,-999.00,-999,-999.00,-999,-999.00,-999.00,-999.00,-999,-999.00,-999.00,-999.00,-999.00,1064425.53,59.30,42.04,50.67,109.69,74.83,92.26,0,13.11,1.00,0.02,29.54,-0.88,330.90,517.91
Soricomorpha,Soricidae,Crocidura,sicula,crocidura sicula,-999.00,-999.00,-999.00,-999.00,-999.00,-999.00,-999.00,-999.00,-999.00,-999.00,-999.00,-999.00,-999.00,-999.00,-999.00,-999.00,-999.00,-999.00,-999.00,-999.00,-999.00,-999.00,-999.00,-999.00,-999,-999.00,-999,-999.00,-999.00,-999.00,-999,-999.00,-999.00,-999.00,-999.00,9968.23,38.22,35.81,37.01,15.37,12.26,13.82,156,347.82,156.00,0.01,52.99,160.37,-999.00,-999.00
Soricomorpha,Soricidae,Crocidura,silacea,crocidura silacea,-999.00,7.00,-999.00,-999.00,-999.00,-999.00,-999.00,-999.00,1.00,-999.00,-999.00,-999.00,-999.00,-999.00,-999.00,3.99,-999.00,-999.00,-999.00,-999.00,-999.00,-999.00,-999.00,-999.00,-999,-999.00,3,-999.00,-999.00,-999.00,1297;2629;2655,-999.00,-999.00,-999.00,-999.00,1619566.15,-19.58,-34.83,-27.21,35.60,17.24,26.42,0,35.79,1.00,0.12,45.58,181.84,629.04,1243.63
Soricomorpha,Soricidae,Crocidura,smithii,crocidura smithii,-999.00,-999.00,-999.00,-999.00,-999.00,-999.00,-999.00,-999.00,-999.00,-999.00,-999.00,-999.00,-999.00,-999.00,-999.00,-999.00,-999.00,-999.00,-999.00,-999.00,-999.00,-999.00,-999.00,-999.00,-999,-999.00,-999,-999.00,-999.00,-999.00,-999,-999.00,-999.00,-999.00,-999.00,187242.95,16.24,6.01,11.13,44.07,-14.54,14.76,3,22.35,4.00,0.11,55.83,241.00,657.44,1576.75
Soricomorpha,Soricidae,Crocidura,somalica,crocidura somalica,-999.00,11.50,-999.00,-999.00,-999.00,-999.00,-999.00,-999.00,-999.00,-999.00,-999.00,-999.00,-999.00,-999.00,-999.00,-999.00,-999.00,-999.00,-999.00,-999.00,-999.00,-999.00,-999.00,-999.00,-999,-999.00,-999,-999.00,-999.00,-999.00,2655,-999.00,-999.00,-999.00,-999.00,1748436.59,13.94,4.82,9.38,48.67,25.69,37.18,1,32.85,3.00,0.10,65.67,231.33,778.87,1578.34
Soricomorpha,Soricidae,Crocidura,stenocephala,crocidura stenocephala,-999.00,-999.00,-999.00,-999.00,-999.00,-999.00,-999.00,-999.00,-999.00,-999.00,-999.00,-999.00,-999.00,-999.00,-999.00,-999.00,-999.00,-999.00,-999.00,-999.00,-999.00,-999.00,-999.00,-999.00,-999,-999.00,-999,-999.00,-999.00,-999.00,-999,-999.00,-999.00,-999.00,-999.00,347.38,-1.86,-2.12,-1.99,28.85,28.70,28.77,135,136.99,135.00,0.15,146.99,174.50,1446.49,1507.99
Soricomorpha,Soricidae,Crocidura,suaveolens,crocidura suaveolens,2.00,7.35,-999.00,-999.00,9.00,-999.00,-999.00,-999.00,4.00,-999.00,27.15,-999.00,-999.00,-999.00,-999.00,3.49,-999.00,32.40,0.53,-999.00,5541.66,-999.00,68.97,-999.00,-999,-999.00,2,28.03,54.00,-999.00,409;540;543;626;1297;1577;2254;2655;2951,-999.00,-999.00,-999.00,-999.00,-999.00,-999.00,-999.00,-999.00,-999.00,-999.00,-999.00,-999,-999.00,-999.00,-999.00,-999.00,-999.00,-999.00,-999.00
Soricomorpha,Soricidae,Crocidura,susiana,crocidura susiana,-999.00,-999.00,-999.00,-999.00,-999.00,-999.00,-999.00,-999.00,-999.00,-999.00,-999.00,-999.00,-999.00,-999.00,-999.00,-999.00,-999.00,-999.00,-999.00,-999.00,-999.00,-999.00,-999.00,-999.00,-999,-999.00,-999,-999.00,-999.00,-999.00,-999,-999.00,-999.00,-999.00,-999.00,73.72,32.24,32.14,32.19,48.24,48.14,48.19,57,57.00,57.00,0.16,31.00,229.00,298.00,1371.00
Chiroptera,Vespertilionidae,Eptesicus,kobayashii,eptesicus kobayashii,-999.00,-999.00,45.99,-999.00,-999.00,-999.00,-999.00,-999.00,-999.00,-999.00,-999.00,1.00,-999.00,-999.00,-999.00,-999.00,-999.00,-999.00,-999.00,-999.00,-999.00,-999.00,-999.00,-999.00,-999,2.00,-999,-999.00,-999.00,-999.00,1658;2151,14.53,-999.00,-999.00,-999.00,-999.00,-999.00,-999.00,-999.00,-999.00,-999.00,-999.00,-999,-999.00,-999.00,-999.00,-999.00,-999.00,-999.00,-999.00
Chiroptera,Vespertilionidae,Eptesicus,matroka,eptesicus matroka,-999.00,6.57,32.49,82.49,-999.00,-999.00,-999.00,-999.00,1.00,-999.00,-999.00,-999.00,-999.00,-999.00,-999.00,1.22,-999.00,-999.00,-999.00,-999.00,-999.00,-999.00,-999.00,-999.00,-999,-999.00,3,-999.00,-999.00,-999.00,1048,-999.00,-999.00,-999.00,-999.00,536252.04,-11.94,-25.20,-18.57,50.48,43.23,46.85,2,26.31,3.00,0.19,126.16,218.75,1102.06,1565.43
Chiroptera,Vespertilionidae,Eptesicus,nasutus,eptesicus nasutus,-999.00,7.91,37.00,-999.00,-999.00,-999.00,-999.00,-999.00,-999.00,-999.00,-999.00,1.00,-999.00,-999.00,-999.00,-999.00,-999.00,-999.00,-999.00,-999.00,-999.00,-999.00,-999.00,-999.00,-999,2.00,-999,-999.00,-999.00,-999.00,1658;2151;2622;2655,-999.00,-999.00,-999.00,-999.00,850548.76,34.83,13.27,24.05,75.38,38.94,57.16,0,119.88,2.00,0.15,18.56,214.42,256.39,1317.19
Chiroptera,Vespertilionidae,Eptesicus,nilssonii,eptesicus nilssonii,-999.00,10.72,40.24,-999.00,-999.00,-999.00,-999.00,-999.00,1.00,-999.00,-999.00,1.00,-999.00,-999.00,-999.00,1.50,1.00,186.00,4.52,-999.00,-999.00,-999.00,-999.00,-999.00,-999,2.00,3,26.00,-999.00,-999.00,1297;1658;1784;2143;2151;2517;2518;2622;2655,-999.00,-999.00,-999.00,-999.00,10151783.96,69.97,37.59,53.78,155.92,4.94,80.43,0,33.38,0.00,7.92147772906141e-04,40.55,2.73,366.60,422.84
Chiroptera,Vespertilionidae,Eptesicus,pachyotis,eptesicus pachyotis,-999.00,8.10,38.49,-999.00,-999.00,-999.00,-999.00,-999.00,-999.00,-999.00,-999.00,1.00,-999.00,-999.00,-999.00,-999.00,-999.00,-999.00,-999.00,-999.00,-999.00,-999.00,-999.00,-999.00,-999,2.00,-999,-999.00,-999.00,-999.00,196;1658;2151;2622;2655,-999.00,-999.00,-999.00,-999.00,412871.13,27.39,18.15,22.77,102.38,91.16,96.77,2,68.44,6.00,0.08,141.35,200.23,1086.75,1383.43
Perissodactyla,Equidae,Equus,kiang,equus kiang,-999.00,281138.63,-999.00,-999.00,-999.00,-999.00,-999.00,-999.00,-999.00,-999.00,260.76,1.00,-999.00,-999.00,-999.00,-999.00,-999.00,-999.00,-999.00,-999.00,-999.00,-999.00,-999.00,40.00,-999,1.00,-999,-999.00,-999.00,-999.00,511;899;1297;2655,-999.00,-999.00,-999.00,-999.00,538675.46,39.16,27.75,33.45,99.69,75.24,87.46,0,7.01,0.00,0.06,36.44,-50.88,271.24,798.85
Perissodactyla,Equidae,Equus,quagga,equus quagga,-999.00,400000.00,-999.00,-999.00,-999.00,-999.00,-999.00,-999.00,-999.00,-999.00,-999.00,-999.00,-999.00,-999.00,-999.00,-999.00,-999.00,240.00,-999.00,-999.00,-999.00,-999.00,-999.00,-999.00,-999,-999.00,-999,-999.00,-999.00,-999.00,543;2655,-999.00,-999.00,-999.00,-999.00,-999.00,-999.00,-999.00,-999.00,-999.00,-999.00,-999.00,-999,-999.00,-999.00,-999.00,-999.00,-999.00,-999.00,-999.00
Perissodactyla,Equidae,Equus,zebra,equus zebra,3.00,282462.13,-999.00,2350.00,-999.00,1633.37,-999.00,-999.00,2.00,655.29,363.49,1.00,7.40,6.88,653.95,1.00,0.35,288.00,29496.68,1000.00,1.32,4.00,963.17,13.00,-999,1.00,1,181.46,117097.78,-999.00,127;543;730;899;1297;1573;1763;1801;2247;2248;2629;2655;2996,-999.00,-999.00,-999.00,-999.00,143855.82,-16.50,-34.66,-25.58,26.79,12.23,19.51,0,4.38,0.00,0.09,19.95,144.42,352.93,1135.61
Afrosoricida,Chrysochloridae,Eremitalpa,granti,eremitalpa granti,1.00,22.04,-999.00,76.02,-999.00,-999.00,15.39,26.10,3.00,-999.00,-999.00,2.00,0.03,0.03,-999.00,1.36,-999.00,24.00,-999.00,-999.00,37.21,1.00,-999.00,1.00,4,1.00,2,-999.00,-999.00,-999.00,948;949;966;1297;1338;1339;1573;1822;1848;2131;2260;2629;2655;2786,-999.00,-999.00,-999.00,-999.00,66653.99,-22.72,-32.27,-27.49,18.66,14.40,16.53,0,1.95,0.00,0.16,5.49,150.87,178.79,947.97
Rodentia,Dipodidae,Eremodipus,lichtensteini,eremodipus lichtensteini,-999.00,-999.00,-999.00,-999.00,-999.00,-999.00,-999.00,-999.00,-999.00,-999.00,-999.00,-999.00,-999.00,-999.00,-999.00,4.86,1.00,-999.00,-999.00,-999.00,-999.00,-999.00,-999.00,-999.00,-999,-999.00,-999,-999.00,-999.00,-999.00,1297;2151,-999.00,-999.00,-999.00,-999.00,935335.91,47.47,37.48,42.48,78.02,52.70,65.36,0,14.85,0.00,0.04,14.09,114.93,200.69,712.11
Rodentia,Erethizontidae,Erethizon,dorsatum,erethizon dorsatum,1.00,7419.46,-999.00,837.50,0.00,-999.00,-999.00,-999.00,6.00,1048.39,210.99,2.00,0.10,0.11,-999.00,1.00,-999.00,216.00,490.59,-999.00,3.49,-999.00,772.57,1.00,4,2.00,1,16.27,-999.00,-999.00,210;511;543;713;730;1297;1573;2151;2457;2589;2590;2592;2655;2749;2781;2782;3077,-999.00,-999.00,-999.00,-999.00,11016215.61,70.83,28.71,49.77,-55.61,-160.44,-108.02,0,9.14,0.00,0.05,44.71,9.03,363.45,536.43
Carnivora,Phocidae,Erignathus,barbatus,erignathus barbatus,-999.00,279999.99,-999.00,2293.15,0.00,2190.00,-999.00,-999.00,6.00,18.00,285.24,2.00,-999.00,-999.00,547.50,1.00,-999.00,377.43,34536.93,-999.00,0.01,-999.00,2199.16,-999.00,-999,1.00,2,20.94,78004.01,-999.00,367;543;1297;1763;2151;2655;2986,-999.00,0.89,-999.00,-999.00,-999.00,-999.00,-999.00,-999.00,-999.00,-999.00,-999.00,-999,-999.00,-999.00,-999.00,-999.00,-999.00,-999.00,-999.00
Erinaceomorpha,Erinaceidae,Erinaceus,amurensis,erinaceus amurensis,1.00,-999.00,-999.00,249.64,-999.00,-999.00,-999.00,-999.00,1.00,-999.00,-999.00,1.00,-999.00,-999.00,-999.00,-999.00,-999.00,-999.00,-999.00,-999.00,-999.00,-999.00,-999.00,-999.00,-999,1.00,3,-999.00,-999.00,-999.00,678;1456,435.41,-999.00,-999.00,-999.00,2819497.45,50.69,25.94,38.32,134.24,102.47,118.36,1,321.59,16.00,0.04,67.19,91.73,728.54,828.65
Erinaceomorpha,Erinaceidae,Erinaceus,concolor,erinaceus concolor,1.00,665.99,-999.00,231.89,-999.00,-999.00,-999.00,-999.00,8.00,-999.00,34.99,1.00,0.01,0.01,-999.00,5.23,1.50,-999.00,17.54,54.99,-999.00,-999.00,199.35,-999.00,10,1.00,2,41.30,-999.00,-999.00,678;1271;1297;1456;2408;2566;2655;2786,-999.00,-999.00,-999.00,-999.00,-999.00,-999.00,-999.00,-999.00,-999.00,-999.00,-999.00,-999,-999.00,-999.00,-999.00,-999.00,-999.00,-999.00,-999.00
Erinaceomorpha,Erinaceidae,Erinaceus,europaeus,erinaceus europaeus,2.00,777.95,-999.00,237.17,-999.00,349.79,404.60,970.60,8.00,-999.00,36.98,1.00,0.08,0.07,-999.00,4.64,1.50,168.00,15.54,70.00,123.00,-999.00,265.80,-999.00,9,1.00,2,40.00,235.00,-999.00,294;402;543;678;730;799;821;826;966;1297;1411;1456;1465;1573;1577;1822;1946;2060;2062;2063;2064;2080;2219;2338;2408;2566;2655;2786;3095,-999.00,-999.00,-999.00,-999.00,3201699.12,69.90,37.67,53.78,39.87,-9.11,15.38,0,90.66,1.00,3.52732250347998e-03,54.11,60.39,431.18,476.38
Erinaceomorpha,Erinaceidae,Erinaceus,roumanicus,erinaceus roumanicus,-999.00,-999.00,-999.00,-999.00,-999.00,-999.00,-999.00,-999.00,-999.00,-999.00,-999.00,-999.00,-999.00,-999.00,-999.00,-999.00,-999.00,-999.00,-999.00,-999.00,-999.00,-999.00,-999.00,-999.00,-999,-999.00,-999,-999.00,-999.00,-999.00,-999,-999.00,-999.00,-999.00,-999.00,-999.00,-999.00,-999.00,-999.00,-999.00,-999.00,-999.00,-999,-999.00,-999.00,-999.00,-999.00,-999.00,-999.00,-999.00
Rodentia,Muridae,Eropeplus,canus,eropeplus canus,-999.00,-999.00,-999.00,-999.00,-999.00,-999.00,-999.00,-999.00,-999.00,-999.00,-999.00,-999.00,-999.00,-999.00,-999.00,-999.00,-999.00,-999.00,-999.00,-999.00,-999.00,-999.00,-999.00,-999.00,-999,-999.00,-999,-999.00,-999.00,-999.00,-999,-999.00,-999.00,-999.00,-999.00,1002.75,-1.32,-1.64,-1.48,120.27,119.95,120.11,32,40.50,32.00,0.13,207.99,173.00,1813.49,1927.25
Chiroptera,Phyllostomidae,Erophylla,bombifrons,erophylla bombifrons,-999.00,16.28,47.11,-999.00,-999.00,-999.00,17.71,16.10,1.00,-999.00,-999.00,-999.00,-999.00,-999.00,-999.00,-999.00,-999.00,-999.00,-999.00,-999.00,-999.00,-999.00,-999.00,-999.00,-999,-999.00,1,-999.00,-999.00,-999.00,108;1658;2469,-999.00,-999.00,-999.00,-999.00,83334.50,19.95,17.60,18.77,-65.59,-74.47,-70.03,10,236.47,38.00,0.07,104.87,239.16,1406.39,1578.86
Chiroptera,Phyllostomidae,Erophylla,sezekorni,erophylla sezekorni,-999.00,15.87,47.50,-999.00,-999.00,-999.00,-999.00,-999.00,-999.00,-999.00,-999.00,1.00,-999.00,-999.00,-999.00,1.00,-999.00,-999.00,0.85,25.40,-999.00,-999.00,-999.00,-999.00,-999,2.00,-999,-999.00,-999.00,-999.00,503;1222;1297;1658;2143;2151;2655,-999.00,-999.00,-999.00,-999.00,123555.55,26.91,17.70,22.31,-74.00,-84.95,-79.48,1,114.85,5.00,0.03,108.01,251.47,1271.00,1782.03
Primates,Cercopithecidae,Erythrocebus,patas,erythrocebus patas,3.00,7966.30,-999.00,665.00,-999.00,1079.79,-999.00,-999.00,4.00,-999.00,167.20,-999.00,28.24,40.79,365.00,1.01,-999.00,286.80,621.67,-999.00,0.26,20.50,1246.07,28.00,-999,-999.00,2,211.79,2202.46,-999.00,208;543;681;730;1297;1347;1544;1547;1611;1763;1767;1848;2344;2489;2493;2655;2660;2986,-999.00,1.10,-999.00,-999.00,6948334.33,19.93,-3.98,7.97,37.99,-17.53,10.22,0,32.77,1.00,0.10,73.39,263.60,760.42,1596.49
Chiroptera,Vespertilionidae,Eptesicus,platyops,eptesicus platyops,-999.00,-999.00,-999.00,-999.00,-999.00,-999.00,-999.00,-999.00,-999.00,-999.00,-999.00,1.00,-999.00,-999.00,-999.00,-999.00,-999.00,-999.00,-999.00,-999.00,-999.00,-999.00,-999.00,-999.00,-999,2.00,-999,-999.00,-999.00,-999.00,2151,-999.00,-999.00,-999.00,-999.00,174149.89,15.53,3.20,9.37,8.93,-17.53,-4.29,5,305.18,10.00,0.14,125.05,265.53,990.29,1588.29
Chiroptera,Vespertilionidae,Eptesicus,serotinus,eptesicus serotinus,-999.00,23.09,50.30,67.99,8.00,-999.00,-999.00,-999.00,1.00,-999.00,65.44,1.00,-999.00,-999.00,-999.00,1.50,1.00,72.00,5.28,-999.00,-999.00,-999.00,-999.00,-999.00,-999,2.00,3,30.80,14.74,-999.00,185;196;543;696;892;1161;1297;1624;1658;1668;1705;2143;2151;2350;2622;2655;2719,-999.00,-999.00,-999.00,-999.00,8742253.51,57.74,18.14,37.94,122.00,-9.49,56.25,0,150.61,1.00,0.04,59.65,99.39,557.37,844.59
Chiroptera,Vespertilionidae,Eptesicus,tatei,eptesicus tatei,-999.00,-999.00,45.00,-999.00,-999.00,-999.00,-999.00,-999.00,-999.00,-999.00,-999.00,1.00,-999.00,-999.00,-999.00,-999.00,-999.00,-999.00,-999.00,-999.00,-999.00,-999.00,-999.00,-999.00,-999,2.00,-999,-999.00,-999.00,-999.00,1658;2151,13.65,-999.00,-999.00,-999.00,1133.48,27.24,26.88,27.06,88.66,88.29,88.47,123,341.65,123.00,0.11,187.76,170.90,1006.12,1179.55
Perissodactyla,Equidae,Equus,asinus,equus asinus,-999.00,164998.49,-999.00,-999.00,-999.00,866.87,-999.00,-999.00,-999.00,-999.00,367.00,1.00,139.69,-999.00,-999.00,1.00,-999.00,564.00,29249.99,-999.00,3.06,-999.00,742.46,-999.00,-999,1.00,-999,-999.00,32500.00,-999.00,33;127;511;543;614;1016;1297;1458;1594;2655;3134,-999.00,-999.00,-999.00,-999.00,-999.00,-999.00,-999.00,-999.00,-999.00,-999.00,-999.00,-999,-999.00,-999.00,-999.00,-999.00,-999.00,-999.00,-999.00
Perissodactyla,Equidae,Equus,burchellii,equus burchellii,-999.00,279160.65,-999.00,-999.00,-999.00,1277.50,-999.00,-999.00,3.00,-999.00,371.20,1.00,127.99,120.07,385.00,1.00,-999.00,480.00,32274.54,-999.00,7.00,5.10,709.82,-999.00,-999,1.00,1,294.11,165361.14,-999.00,127;543;730;854;1199;1297;1573;1763;2338;2620;2629;2655,-999.00,1.07,-999.00,-999.00,4696974.13,6.91,-29.10,-11.09,40.73,11.73,26.23,0,34.32,1.00,0.16,75.72,221.51,871.81,1491.98
Perissodactyla,Equidae,Equus,caballus,equus caballus,2.00,403598.53,-999.00,-999.00,0.00,912.50,-999.00,-999.00,1.00,742.31,338.97,1.00,15.62,16.32,547.50,1.00,1.00,744.00,37899.99,-999.00,-999.00,-999.00,834.72,-999.00,2,1.00,1,341.76,-999.00,-999.00,54;120;127;141;251;423;511;535;543;715;899;1052;1056;1297;1556;1557;1573;1577;1589;1594;2205;2250;2502;2655,-999.00,-999.00,-999.00,-999.00,-999.00,-999.00,-999.00,-999.00,-999.00,-999.00,-999.00,-999,-999.00,-999.00,-999.00,-999.00,-999.00,-999.00,-999.00
Perissodactyla,Equidae,Equus,grevyi,equus grevyi,-999.00,408000.35,-999.00,2700.00,-999.00,1642.50,-999.00,-999.00,1.00,843.65,406.00,1.00,-999.00,-999.00,-999.00,1.00,0.50,312.00,39999.99,-999.00,2.27,-999.00,1341.92,-999.00,-999,1.00,1,271.70,-999.00,-999.00,127;511;543;619;730;899;1297;2655,-999.00,-999.00,-999.00,-999.00,192991.31,9.57,-1.28,4.14,40.78,35.98,38.38,1,16.08,1.00,0.08,50.35,248.21,808.59,1474.65
Perissodactyla,Equidae,Equus,hemionus,equus hemionus,-999.00,235248.07,-999.00,2250.00,-999.00,1277.50,-999.00,-999.00,2.00,547.50,346.00,1.00,-999.00,-999.00,547.50,1.00,-999.00,465.60,-999.00,-999.00,0.69,3.00,1184.16,3.00,-999,1.00,1,456.25,-999.00,-999.00,127;141;511;543;679;899;934;1198;1297;1785;2401;2655,-999.00,0.89,-999.00,-999.00,1325419.50,50.78,22.49,36.64,117.95,50.04,84.00,0,31.65,0.00,0.09,21.11,82.53,253.84,841.66
Carnivora,Viverridae,Genetta,bourloni,genetta bourloni,-999.00,-999.00,-999.00,-999.00,-999.00,-999.00,-999.00,-999.00,-999.00,-999.00,-999.00,-999.00,-999.00,-999.00,-999.00,-999.00,-999.00,-999.00,-999.00,-999.00,-999.00,-999.00,-999.00,-999.00,-999,-999.00,-999,-999.00,-999.00,-999.00,-999,-999.00,-999.00,-999.00,-999.00,-999.00,-999.00,-999.00,-999.00,-999.00,-999.00,-999.00,-999,-999.00,-999.00,-999.00,-999.00,-999.00,-999.00,-999.00
Carnivora,Viverridae,Genetta,cristata,genetta cristata,1.00,1863.23,-999.00,515.00,-999.00,-999.00,-999.00,-999.00,2.00,-999.00,-999.00,-999.00,-999.00,-999.00,-999.00,2.50,2.00,408.00,-999.00,-999.00,-999.00,-999.00,-999.00,-999.00,-999,-999.00,3,-999.00,-999.00,-999.00,1015,-999.00,-999.00,-999.00,-999.00,210874.67,7.38,3.56,5.47,14.63,5.32,9.98,6,113.75,6.00,0.12,179.62,241.95,1198.07,1517.51
Carnivora,Viverridae,Genetta,genetta,genetta genetta,1.00,1756.17,-999.00,552.44,8.00,-999.00,-999.00,-999.00,6.00,-999.00,74.18,1.00,10.90,11.54,182.50,2.29,-999.00,408.00,77.75,146.00,1.88,-999.00,1262.74,-999.00,-999,1.00,2,71.80,-999.00,-999.00,543;730;1113;1297;1573;2655,-999.00,1.56,-999.00,-999.00,17766920.65,49.90,-34.83,7.53,51.41,-17.53,16.93,0,39.75,0.00,0.10,53.49,228.99,601.60,1450.99
Carnivora,Viverridae,Genetta,johnstoni,genetta johnstoni,-999.00,2225.00,-999.00,-999.00,-999.00,-999.00,-999.00,-999.00,-999.00,-999.00,-999.00,1.00,-999.00,-999.00,-999.00,-999.00,-999.00,-999.00,-999.00,-999.00,-999.00,-999.00,-999.00,-999.00,-999,1.00,-999,-999.00,-999.00,-999.00,1113;2655,-999.00,-999.00,-999.00,-999.00,180606.44,9.37,4.35,6.86,-5.91,-11.99,-8.95,3,35.89,5.00,0.03,219.22,246.68,1335.21,1536.02
Carnivora,Viverridae,Genetta,maculata,genetta maculata,1.00,1950.00,-999.00,-999.00,-999.00,-999.00,-999.00,-999.00,6.00,-999.00,-999.00,1.00,-999.00,-999.00,-999.00,2.12,-999.00,-999.00,-999.00,-999.00,-999.00,-999.00,-999.00,-999.00,-999,1.00,2,-999.00,-999.00,-999.00,1113;1297;2655,-999.00,-999.00,-999.00,-999.00,12805950.62,18.20,-30.00,-5.90,47.59,-1.40,23.09,0,34.65,1.00,0.14,96.79,233.19,993.46,1540.37
Carnivora,Viverridae,Genetta,pardina,genetta pardina,-999.00,-999.00,-999.00,-999.00,-999.00,-999.00,-999.00,-999.00,-999.00,-999.00,-999.00,-999.00,-999.00,-999.00,-999.00,-999.00,-999.00,-999.00,-999.00,-999.00,-999.00,-999.00,-999.00,-999.00,-999,-999.00,-999,-999.00,-999.00,-999.00,-999,-999.00,-999.00,-999.00,-999.00,1125427.08,13.58,4.35,8.96,0.68,-16.82,-8.07,3,50.48,6.00,0.11,146.26,262.43,1081.23,1551.87
Carnivora,Viverridae,Genetta,piscivora,genetta piscivora,1.00,1648.05,-999.00,456.13,-999.00,-999.00,-999.00,-999.00,1.00,-999.00,-999.00,2.00,-999.00,-999.00,-999.00,0.96,-999.00,-999.00,-999.00,-999.00,-999.00,-999.00,-999.00,-999.00,-999,1.00,3,-999.00,-999.00,-999.00,1113;1297;2655,-999.00,-999.00,-999.00,-999.00,222754.63,3.98,-2.75,0.61,29.30,20.27,24.78,1,18.80,2.00,0.18,144.85,236.26,1521.36,1608.43
Carnivora,Viverridae,Genetta,poensis,genetta poensis,-999.00,-999.00,-999.00,-999.00,-999.00,-999.00,-999.00,-999.00,-999.00,-999.00,-999.00,-999.00,-999.00,-999.00,-999.00,-999.00,-999.00,-999.00,-999.00,-999.00,-999.00,-999.00,-999.00,-999.00,-999,-999.00,-999,-999.00,-999.00,-999.00,-999,-999.00,-999.00,-999.00,-999.00,-999.00,-999.00,-999.00,-999.00,-999.00,-999.00,-999.00,-999,-999.00,-999.00,-999.00,-999.00,-999.00,-999.00,-999.00
Rodentia,Cricetidae,Delomys,collinus,delomys collinus,-999.00,-999.00,-999.00,-999.00,-999.00,-999.00,-999.00,-999.00,-999.00,-999.00,-999.00,-999.00,-999.00,-999.00,-999.00,-999.00,-999.00,-999.00,-999.00,-999.00,-999.00,-999.00,-999.00,-999.00,-999,-999.00,-999,-999.00,-999.00,-999.00,-999,-999.00,-999.00,-999.00,-999.00,-999.00,-999.00,-999.00,-999.00,-999.00,-999.00,-999.00,-999,-999.00,-999.00,-999.00,-999.00,-999.00,-999.00,-999.00
Rodentia,Cricetidae,Delomys,dorsalis,delomys dorsalis,3.00,67.50,-999.00,-999.00,-999.00,-999.00,-999.00,-999.00,-999.00,-999.00,-999.00,1.00,-999.00,-999.00,-999.00,-999.00,-999.00,-999.00,-999.00,-999.00,-999.00,-999.00,-999.00,-999.00,-999,1.00,-999,-999.00,-999.00,-999.00,905;2655,-999.00,-999.00,-999.00,-999.00,91990.81,-22.23,-29.90,-26.07,-42.05,-53.15,-47.60,5,208.14,12.00,0.06,144.21,175.06,1202.50,1311.94
Rodentia,Cricetidae,Delomys,sublineatus,delomys sublineatus,3.00,89.99,-999.00,-999.00,-999.00,-999.00,-999.00,-999.00,-999.00,-999.00,-999.00,1.00,-999.00,-999.00,-999.00,-999.00,-999.00,-999.00,-999.00,-999.00,-999.00,-999.00,-999.00,-999.00,-999,1.00,-999,-999.00,-999.00,-999.00,905;2655,-999.00,-999.00,-999.00,-999.00,176241.08,-18.28,-26.76,-22.52,-40.14,-49.86,-45.00,10,200.86,15.00,0.05,119.42,200.39,1182.89,1360.55
Cetacea,Monodontidae,Delphinapterus,leucas,delphinapterus leucas,-999.00,1381640.73,-999.00,4249.83,-999.00,-999.00,-999.00,-999.00,2.00,-999.00,394.24,1.00,-999.00,-999.00,1003.75,1.02,0.41,480.00,57000.00,-999.00,-999.00,-999.00,2104.57,10.00,-999,-999.00,3,689.92,-999.00,-999.00,234;511;543;1004;1015;1297;2655,-999.00,-999.00,-999.00,-999.00,-999.00,-999.00,-999.00,-999.00,-999.00,-999.00,-999.00,-999,-999.00,-999.00,-999.00,-999.00,-999.00,-999.00,-999.00
Cetacea,Delphinidae,Delphinus,capensis,delphinus capensis,-999.00,-999.00,-999.00,-999.00,-999.00,-999.00,-999.00,-999.00,-999.00,-999.00,-999.00,-999.00,-999.00,-999.00,-999.00,-999.00,-999.00,-999.00,-999.00,-999.00,-999.00,1000.00,-999.00,-999.00,-999,-999.00,-999,-999.00,-999.00,-999.00,2475,-999.00,-999.00,-999.00,-999.00,-999.00,-999.00,-999.00,-999.00,-999.00,-999.00,-999.00,-999,-999.00,-999.00,-999.00,-999.00,-999.00,-999.00,-999.00
Cetacea,Delphinidae,Delphinus,delphis,delphinus delphis,-999.00,79271.69,-999.00,2439.99,-999.00,-999.00,-999.00,-999.00,-999.00,-999.00,296.89,1.00,-999.00,-999.00,-999.00,0.98,-999.00,240.00,7069.65,-999.00,-999.00,365.00,1473.20,-999.00,-999,-999.00,-999,405.05,39999.99,-999.00,56;93;511;543;1217;1297;1577;2151;2655,-999.00,-999.00,-999.00,-999.00,-999.00,-999.00,-999.00,-999.00,-999.00,-999.00,-999.00,-999,-999.00,-999.00,-999.00,-999.00,-999.00,-999.00,-999.00
Rodentia,Cricetidae,Deltamys,kempi,deltamys kempi,-999.00,26.40,-999.00,-999.00,-999.00,-999.00,-999.00,-999.00,-999.00,-999.00,-999.00,1.00,-999.00,-999.00,-999.00,-999.00,-999.00,-999.00,-999.00,-999.00,-999.00,-999.00,-999.00,-999.00,-999,1.00,-999,-999.00,-999.00,-999.00,890;2655,-999.00,-999.00,-999.00,-999.00,10556.19,-33.90,-35.02,-34.46,-56.51,-59.25,-57.88,8,497.35,8.00,0.05,81.02,160.83,914.31,1051.75
Scandentia,Tupaiidae,Dendrogale,melanura,dendrogale melanura,-999.00,59.99,-999.00,125.00,-999.00,-999.00,-999.00,-999.00,-999.00,-999.00,-999.00,2.00,-999.00,-999.00,-999.00,-999.00,-999.00,-999.00,-999.00,-999.00,-999.00,-999.00,-999.00,-999.00,-999,2.00,-999,-999.00,-999.00,-999.00,2152;2655,-999.00,-999.00,-999.00,-999.00,66841.07,7.03,3.52,5.28,118.06,114.14,116.10,3,36.17,3.50,0.25,270.18,237.17,1772.57,1825.19
Scandentia,Tupaiidae,Dendrogale,murina,dendrogale murina,-999.00,49.99,-999.00,-999.00,-999.00,-999.00,-999.00,-999.00,-999.00,-999.00,-999.00,-999.00,-999.00,-999.00,-999.00,-999.00,-999.00,-999.00,-999.00,-999.00,-999.00,-999.00,-999.00,-999.00,-999,-999.00,-999,-999.00,-999.00,-999.00,2655,-999.00,-999.00,-999.00,-999.00,303576.92,14.43,8.55,11.49,109.46,100.85,105.15,2,152.42,5.00,0.12,145.06,257.44,1191.83,1595.19
Hyracoidea,Procaviidae,Dendrohyrax,arboreus,dendrohyrax arboreus,1.00,2981.11,-999.00,499.99,-999.00,-999.00,-999.00,-999.00,3.00,-999.00,229.06,1.00,-999.00,-999.00,-999.00,1.51,-999.00,147.60,-999.00,-999.00,22.67,-999.00,510.44,1.00,-999,2.00,1,152.08,-999.00,-999.00,543;658;730;1015;1063;1297;1848;2151;2629;2655,-999.00,-999.00,-999.00,-999.00,2556176.38,1.56,-33.75,-16.09,40.07,21.66,30.86,0,47.80,2.00,0.18,84.78,214.69,926.84,1497.20
Hyracoidea,Procaviidae,Dendrohyrax,dorsalis,dendrohyrax dorsalis,1.00,3174.99,-999.00,-999.00,-999.00,-999.00,751.40,2210.00,2.00,-999.00,236.57,2.00,-999.00,-999.00,-999.00,1.22,-999.00,120.00,200.00,-999.00,-999.00,1.00,439.01,1.00,2,2.00,1,-999.00,-999.00,-999.00,543;904;1297;1511;1822;1848;2151;2655,-999.00,-999.00,-999.00,-999.00,3307902.32,14.00,-6.05,3.97,32.83,-16.82,8.00,0,46.49,1.00,0.11,151.82,245.11,1341.99,1565.05
Diprotodontia,Macropodidae,Dendrolagus,bennettianus,dendrolagus bennettianus,-999.00,10458.82,-999.00,-999.00,-999.00,-999.00,-999.00,-999.00,-999.00,-999.00,-999.00,2.00,-999.00,-999.00,365.00,1.00,-999.00,240.00,-999.00,-999.00,27.38,-999.00,-999.00,-999.00,-999,2.00,-999,717.95,2900.00,-999.00,511;955;1848;2655,-999.00,1.10,-999.00,-999.00,10942.65,-15.79,-17.20,-16.49,145.95,144.77,145.36,0,12.64,0.00,0.07,126.88,216.13,1158.52,1721.06
Diprotodontia,Macropodidae,Dendrolagus,dorianus,dendrolagus dorianus,2.00,8976.58,-999.00,603.43,-999.00,-999.00,-999.00,-999.00,3.00,-999.00,-999.00,2.00,-999.00,-999.00,-999.00,1.01,-999.00,96.00,-999.00,-999.00,-999.00,-999.00,-999.00,2.00,4,2.00,2,598.29,-999.00,-999.00,511;543;955;977;1848;1991;2152;2655,-999.00,-999.00,-999.00,-999.00,217597.09,-2.54,-10.70,-6.62,150.87,134.51,142.69,1,10.71,2.00,0.12,272.01,194.63,1678.93,1695.72
Diprotodontia,Macropodidae,Dendrolagus,goodfellowi,dendrolagus goodfellowi,2.00,7948.78,-999.00,-999.00,-999.00,-999.00,-999.00,-999.00,2.00,-999.00,37.94,2.00,-999.00,-999.00,-999.00,1.00,-999.00,252.00,-999.00,-999.00,-999.00,-999.00,-999.00,-999.00,4,2.00,1,359.99,-999.00,-999.00,511;543;955;1015;1848;2152;2655,-999.00,-999.00,-999.00,-999.00,111020.15,-3.93,-10.44,-7.19,150.18,142.01,146.10,4,12.31,5.00,0.10,293.65,192.80,1652.84,1676.53
Rodentia,Cricetidae,Bibimys,torresi,bibimys torresi,-999.00,28.00,-999.00,-999.00,-999.00,-999.00,-999.00,-999.00,-999.00,-999.00,-999.00,-999.00,-999.00,-999.00,-999.00,-999.00,-999.00,-999.00,-999.00,-999.00,-999.00,-999.00,-999.00,-999.00,-999,-999.00,-999,-999.00,-999.00,-999.00,2655,-999.00,-999.00,-999.00,-999.00,117883.97,-26.78,-34.62,-30.70,-54.10,-59.02,-56.56,3,47.71,3.00,0.07,113.47,197.37,1151.52,1252.86
Artiodactyla,Bovidae,Bison,bison,bison bison,2.00,624577.07,-999.00,2849.24,-999.00,1095.00,-999.00,-999.00,2.00,-999.00,283.17,2.00,47.39,65.71,399.00,0.98,1.00,396.00,20000.00,-999.00,0.28,1000.00,921.77,30.00,-999,1.00,1,287.32,157500.00,-999.00,511;543;730;764;899;1297;1404;1525;1573;1848;1962;2655;2718;2957;2986,-999.00,-999.00,-999.00,-999.00,10388.04,44.97,43.65,44.31,-109.99,-111.12,-110.56,0,0.70,0.00,0.08,33.59,-5.35,409.79,742.48
Artiodactyla,Bovidae,Bison,bonasus,bison bonasus,2.00,675876.70,-999.00,2900.00,-999.00,1068.38,-999.00,-999.00,2.00,-999.00,265.99,2.00,7.91,7.42,638.75,1.00,1.00,324.00,23358.61,-999.00,0.88,-999.00,841.82,35.00,-999,1.00,1,287.32,-999.00,-999.00,511;543;730;899;1297;1525;1573;1848;1864;2655,-999.00,-999.00,-999.00,-999.00,-999.00,-999.00,-999.00,-999.00,-999.00,-999.00,-999.00,-999,-999.00,-999.00,-999.00,-999.00,-999.00,-999.00,-999.00
Rodentia,Sciuridae,Biswamoyopterus,biswasi,biswamoyopterus biswasi,-999.00,-999.00,-999.00,-999.00,-999.00,-999.00,-999.00,-999.00,-999.00,-999.00,-999.00,-999.00,-999.00,-999.00,-999.00,-999.00,-999.00,-999.00,-999.00,-999.00,-999.00,-999.00,-999.00,-999.00,-999,-999.00,-999,-999.00,-999.00,-999.00,-999,-999.00,-999.00,-999.00,-999.00,253.30,27.56,27.39,27.47,96.55,96.38,96.46,6,11.74,6.00,0.12,224.74,150.28,1238.03,1285.49
Rodentia,Cricetidae,Blanfordimys,afghanus,blanfordimys afghanus,-999.00,-999.00,-999.00,-999.00,-999.00,-999.00,-999.00,-999.00,-999.00,-999.00,-999.00,-999.00,-999.00,-999.00,-999.00,3.40,-999.00,-999.00,-999.00,-999.00,-999.00,-999.00,-999.00,-999.00,-999,-999.00,-999,-999.00,-999.00,-999.00,1297,-999.00,-999.00,-999.00,-999.00,410888.95,39.43,32.64,36.03,71.26,54.11,62.68,2,34.38,5.00,0.23,22.93,90.78,266.03,1043.29
Rodentia,Cricetidae,Blanfordimys,bucharensis,blanfordimys bucharensis,-999.00,-999.00,-999.00,-999.00,-999.00,-999.00,-999.00,-999.00,-999.00,-999.00,-999.00,-999.00,-999.00,-999.00,-999.00,-999.00,-999.00,-999.00,-999.00,-999.00,-999.00,-999.00,-999.00,-999.00,-999,-999.00,-999,-999.00,-999.00,-999.00,-999,-999.00,-999.00,-999.00,-999.00,53428.69,39.85,37.64,38.75,70.41,67.12,68.77,12,71.78,18.00,0.08,14.12,43.66,249.23,872.60
Soricomorpha,Soricidae,Blarina,brevicauda,blarina brevicauda,1.00,18.56,-999.00,120.82,18.50,64.00,59.36,20.40,6.00,-999.00,20.58,2.00,3.539783e-03,4.260773e-03,-999.00,5.39,3.00,33.00,0.89,-999.00,922.93,1.00,71.19,-999.00,6,1.00,2,21.91,-999.00,-999.00,34;35;500;543;626;730;734;966;1020;1022;1081;1092;1101;1103;1209;1211;1229;1297;1445;1822;2001;2080;2166;2170;2236;2655;2730;2786;2819,-999.00,-999.00,-999.00,-999.00,4102748.94,55.61,32.87,44.24,-60.96,-109.85,-85.41,0,44.62,0.00,0.02,64.11,70.88,613.55,695.57
Soricomorpha,Soricidae,Blarina,carolinensis,blarina carolinensis,-999.00,11.91,-999.00,73.20,-999.00,-999.00,-999.00,-999.00,2.00,-999.00,-999.00,2.00,9.95781e-03,9.556486e-03,-999.00,3.95,-999.00,-999.00,-999.00,-999.00,629.99,-999.00,-999.00,-999.00,-999,1.00,2,-999.00,-999.00,-999.00,626;1297;1445;1924;2655;2819,-999.00,-999.00,-999.00,-999.00,868525.35,38.29,26.95,32.62,-75.71,-96.37,-86.04,1,47.22,5.00,0.05,104.19,182.89,1023.16,1143.05
Soricomorpha,Soricidae,Blarina,hylophaga,blarina hylophaga,-999.00,14.49,-999.00,-999.00,-999.00,-999.00,-999.00,-999.00,-999.00,-999.00,-999.00,2.00,-999.00,-999.00,-999.00,-999.00,-999.00,-999.00,-999.00,-999.00,-999.00,-999.00,-999.00,-999.00,-999,1.00,-999,-999.00,-999.00,-999.00,626;2655,-999.00,-999.00,-999.00,-999.00,730382.19,40.68,31.99,36.34,-87.47,-100.60,-94.03,1,23.44,2.00,0.03,78.34,144.85,841.01,955.38
Soricomorpha,Soricidae,Blarina,peninsulae,blarina peninsulae,-999.00,-999.00,-999.00,-999.00,-999.00,-999.00,-999.00,-999.00,-999.00,-999.00,-999.00,-999.00,-999.00,-999.00,-999.00,-999.00,-999.00,-999.00,-999.00,-999.00,-999.00,-999.00,-999.00,-999.00,-999,-999.00,-999,-999.00,-999.00,-999.00,-999,-999.00,-999.00,-999.00,-999.00,-999.00,-999.00,-999.00,-999.00,-999.00,-999.00,-999.00,-999,-999.00,-999.00,-999.00,-999.00,-999.00,-999.00,-999.00
Artiodactyla,Suidae,Babyrousa,togeanensis,babyrousa togeanensis,-999.00,-999.00,-999.00,-999.00,-999.00,-999.00,-999.00,-999.00,-999.00,-999.00,-999.00,-999.00,-999.00,-999.00,-999.00,-999.00,-999.00,-999.00,-999.00,-999.00,-999.00,-999.00,-999.00,-999.00,-999,-999.00,-999,-999.00,-999.00,-999.00,-999,-999.00,-999.00,-999.00,-999.00,536.65,-0.23,-0.57,-0.40,122.14,121.64,121.89,21,27.66,21.00,0.10,-999.00,-999.00,-999.00,-999.00
Rodentia,Cricetidae,Baiomys,musculus,baiomys musculus,2.00,8.99,-999.00,75.59,-999.00,-999.00,-999.00,-999.00,4.00,-999.00,-999.00,2.00,-999.00,-999.00,-999.00,2.62,-999.00,-999.00,1.66,-999.00,-999.00,-999.00,-999.00,-999.00,-999,1.00,1,-999.00,-999.00,-999.00,1297;2207;2655,-999.00,-999.00,-999.00,-999.00,452712.43,21.27,12.62,16.95,-86.01,-105.70,-95.85,6,103.54,11.00,0.08,109.05,207.07,1041.37,1588.04
Rodentia,Cricetidae,Baiomys,taylori,baiomys taylori,2.00,7.43,-999.00,63.90,13.37,81.50,17.08,7.15,4.00,-999.00,21.99,-999.00,3.84598e-04,4.11199e-04,23.00,2.52,10.00,39.12,1.15,-999.00,2464.99,-999.00,68.35,-999.00,-999,-999.00,1,20.38,-999.00,-999.00,375;543;730;914;1166;1297;1402;1822;2345;2655,-999.00,-999.00,-999.00,-999.00,1097470.53,33.89,18.50,26.19,-93.88,-111.06,-102.47,0,59.41,2.00,0.09,55.48,188.74,739.36,1290.11
Cetacea,Balaenidae,Balaena,mysticetus,balaena mysticetus,-999.00,79691178.99,-999.00,12187.12,-999.00,-999.00,-999.00,-999.00,1.00,-999.00,379.90,1.00,-999.00,-999.00,1642.50,1.00,0.41,480.00,-999.00,-999.00,-999.00,-999.00,6041.21,5.00,-999,-999.00,3,352.00,-999.00,-999.00,96;543;555;899;1004;1015;1297;2655,-999.00,-999.00,-999.00,-999.00,-999.00,-999.00,-999.00,-999.00,-999.00,-999.00,-999.00,-999,-999.00,-999.00,-999.00,-999.00,-999.00,-999.00,-999.00
Cetacea,Balaenopteridae,Balaenoptera,acutorostrata,balaenoptera acutorostrata,-999.00,5587093.59,-999.00,5529.31,-999.00,-999.00,-999.00,-999.00,2.00,-999.00,304.16,1.00,-999.00,-999.00,469.93,1.00,1.00,600.00,-999.00,7599.99,-999.00,1.00,2680.62,2.00,-999,-999.00,3,182.50,-999.00,-999.00,29;101;122;511;543;1004;1217;1297;2151;2655,-999.00,-999.00,2458093.70,-999.00,-999.00,-999.00,-999.00,-999.00,-999.00,-999.00,-999.00,-999,-999.00,-999.00,-999.00,-999.00,-999.00,-999.00,-999.00
Cetacea,Balaenopteridae,Balaenoptera,bonaerensis,balaenoptera bonaerensis,-999.00,-999.00,-999.00,-999.00,-999.00,-999.00,-999.00,-999.00,-999.00,-999.00,-999.00,-999.00,-999.00,-999.00,-999.00,-999.00,-999.00,-999.00,-999.00,-999.00,-999.00,-999.00,-999.00,-999.00,-999,-999.00,-999,-999.00,-999.00,-999.00,-999,-999.00,-999.00,-999.00,-999.00,-999.00,-999.00,-999.00,-999.00,-999.00,-999.00,-999.00,-999,-999.00,-999.00,-999.00,-999.00,-999.00,-999.00,-999.00
Cetacea,Balaenopteridae,Balaenoptera,borealis,balaenoptera borealis,-999.00,22106251.95,-999.00,18382.16,-999.00,-999.00,-999.00,-999.00,2.00,-999.00,334.58,1.00,-999.00,-999.00,730.00,1.02,0.41,888.00,649999.99,4729.99,-999.00,-999.00,3274.59,4.25,-999,-999.00,3,203.46,-999.00,-999.00,511;543;899;1004;1217;1297;2151;2655,-999.00,-999.00,-999.00,-999.00,-999.00,-999.00,-999.00,-999.00,-999.00,-999.00,-999.00,-999,-999.00,-999.00,-999.00,-999.00,-999.00,-999.00,-999.00
Cetacea,Balaenopteridae,Balaenoptera,edeni,balaenoptera edeni,-999.00,19999999.97,-999.00,13846.17,-999.00,-999.00,-999.00,-999.00,2.00,-999.00,383.46,1.00,-999.00,-999.00,-999.00,0.97,-999.00,864.00,-999.00,3890.00,-999.00,3.00,1886.85,6.00,-999,-999.00,3,273.75,-999.00,-999.00,172;349;351;511;543;1217;1297;2151;2409;2475;2655,-999.00,-999.00,451860.98,-999.00,-999.00,-999.00,-999.00,-999.00,-999.00,-999.00,-999.00,-999,-999.00,-999.00,-999.00,-999.00,-999.00,-999.00,-999.00
Soricomorpha,Soricidae,Blarinella,griselda,blarinella griselda,-999.00,-999.00,-999.00,-999.00,-999.00,-999.00,-999.00,-999.00,-999.00,-999.00,-999.00,-999.00,-999.00,-999.00,-999.00,-999.00,-999.00,-999.00,-999.00,-999.00,-999.00,-999.00,-999.00,-999.00,-999,-999.00,-999,-999.00,-999.00,-999.00,-999,-999.00,-999.00,-999.00,-999.00,-999.00,-999.00,-999.00,-999.00,-999.00,-999.00,-999.00,-999,-999.00,-999.00,-999.00,-999.00,-999.00,-999.00,-999.00
Soricomorpha,Soricidae,Blarinella,quadraticauda,blarinella quadraticauda,-999.00,12.50,-999.00,67.50,-999.00,-999.00,-999.00,-999.00,-999.00,-999.00,-999.00,2.00,-999.00,-999.00,-999.00,-999.00,-999.00,-999.00,-999.00,-999.00,-999.00,-999.00,-999.00,-999.00,-999,1.00,-999,-999.00,-999.00,-999.00,626;1456;2655,-999.00,-999.00,-999.00,-999.00,-999.00,-999.00,-999.00,-999.00,-999.00,-999.00,-999.00,-999,-999.00,-999.00,-999.00,-999.00,-999.00,-999.00,-999.00
Soricomorpha,Soricidae,Blarinella,wardi,blarinella wardi,-999.00,-999.00,-999.00,-999.00,-999.00,-999.00,-999.00,-999.00,-999.00,-999.00,-999.00,2.00,-999.00,-999.00,-999.00,-999.00,-999.00,-999.00,-999.00,-999.00,-999.00,-999.00,-999.00,-999.00,-999,1.00,-999,-999.00,-999.00,-999.00,626,-999.00,-999.00,-999.00,-999.00,83336.25,26.50,23.92,25.21,101.67,97.59,99.63,1,91.14,20.00,0.07,120.82,78.09,1010.17,1228.27
Rodentia,Cricetidae,Blarinomys,breviceps,blarinomys breviceps,-999.00,36.79,-999.00,104.55,-999.00,-999.00,-999.00,-999.00,1.00,-999.00,-999.00,2.00,-999.00,-999.00,-999.00,1.21,-999.00,-999.00,-999.00,-999.00,-999.00,-999.00,-999.00,-999.00,-999,1.00,3,-999.00,-999.00,-999.00,890;905;1297;1900;2655,-999.00,-999.00,-999.00,-999.00,143514.03,-14.86,-22.79,-18.83,-39.00,-44.78,-41.89,11,105.09,14.00,0.06,119.91,212.50,1260.75,1445.91
Artiodactyla,Cervidae,Blastocerus,dichotomus,blastocerus dichotomus,2.00,112518.53,-999.00,1720.00,-999.00,-999.00,-999.00,-999.00,3.00,-999.00,272.37,1.00,-999.00,-999.00,-999.00,0.98,1.00,-999.00,4199.99,-999.00,0.12,-999.00,-999.00,3.00,-999,1.00,1,-999.00,-999.00,-999.00,730;890;899;1297;2286;2655;3010,-999.00,-999.00,-999.00,-999.00,2004539.09,-3.88,-35.10,-19.49,-46.54,-69.28,-57.91,0,11.65,0.00,0.13,121.57,233.21,1195.43,1404.04
Rodentia,Echimyidae,Boromys,offella,boromys offella,-999.00,-999.00,-999.00,-999.00,-999.00,-999.00,-999.00,-999.00,-999.00,-999.00,-999.00,-999.00,-999.00,-999.00,-999.00,-999.00,-999.00,-999.00,-999.00,-999.00,-999.00,-999.00,-999.00,-999.00,-999,-999.00,-999,-999.00,-999.00,-999.00,-999,-999.00,-999.00,-999.00,-999.00,-999.00,-999.00,-999.00,-999.00,-999.00,-999.00,-999.00,-999,-999.00,-999.00,-999.00,-999.00,-999.00,-999.00,-999.00
Rodentia,Echimyidae,Boromys,torrei,boromys torrei,-999.00,-999.00,-999.00,-999.00,-999.00,-999.00,-999.00,-999.00,-999.00,-999.00,-999.00,-999.00,-999.00,-999.00,-999.00,-999.00,-999.00,-999.00,-999.00,-999.00,-999.00,-999.00,-999.00,-999.00,-999,-999.00,-999,-999.00,-999.00,-999.00,-999,-999.00,-999.00,-999.00,-999.00,-999.00,-999.00,-999.00,-999.00,-999.00,-999.00,-999.00,-999,-999.00,-999.00,-999.00,-999.00,-999.00,-999.00,-999.00
Lagomorpha,Leporidae,Brachylagus,idahoensis,brachylagus idahoensis,2.00,431.19,-999.00,265.10,-999.00,-999.00,-999.00,-999.00,2.00,-999.00,38.99,2.00,3.792025e-03,3.557593e-03,39.00,5.81,2.00,-999.00,-999.00,72.00,864.86,-999.00,252.73,-999.00,-999,1.00,1,-999.00,-999.00,-999.00,95;1178;1297;1573;2124;2655,-999.00,-999.00,18.75,-999.00,506906.10,47.84,37.39,42.62,-110.71,-121.49,-116.10,0,5.86,0.00,0.07,23.12,68.98,292.21,842.69
Chiroptera,Phyllostomidae,Brachyphylla,cavernarum,brachyphylla cavernarum,-999.00,45.50,66.21,81.26,-999.00,-999.00,-999.00,-999.00,3.00,-999.00,-999.00,1.00,-999.00,-999.00,-999.00,1.00,1.50,-999.00,-999.00,-999.00,-999.00,-999.00,-999.00,-999.00,-999,2.00,2,73.44,-999.00,-999.00,108;196;892;1297;1658;2020;2123;2151;2655;2719;2778;3023,-999.00,-999.00,-999.00,-999.00,14649.83,18.52,13.03,15.78,-59.42,-67.26,-63.34,0,334.38,8.00,0.04,104.75,240.00,-999.00,-999.00
Chiroptera,Phyllostomidae,Brachyphylla,nana,brachyphylla nana,-999.00,37.25,58.26,84.19,-999.00,-999.00,-999.00,-999.00,-999.00,-999.00,-999.00,1.00,-999.00,-999.00,-999.00,0.98,-999.00,-999.00,13.34,-999.00,-999.00,-999.00,-999.00,-999.00,-999,2.00,-999,-999.00,-999.00,-999.00,108;1297;1658;2020;2151;2655;2779,-999.00,-999.00,-999.00,-999.00,184267.85,23.19,17.60,20.39,-68.31,-84.95,-76.63,2,145.17,23.00,0.04,103.98,246.61,1361.58,1646.11
Rodentia,Nesomyidae,Brachytarsomys,albicauda,brachytarsomys albicauda,-999.00,200.00,-999.00,225.00,-999.00,-999.00,-999.00,-999.00,2.00,-999.00,-999.00,1.00,-999.00,-999.00,-999.00,-999.00,-999.00,-999.00,-999.00,-999.00,-999.00,-999.00,-999.00,-999.00,-999,2.00,1,-999.00,-999.00,-999.00,1048;2152;2333;2655,-999.00,-999.00,-999.00,-999.00,75743.16,-13.96,-22.95,-18.45,50.45,46.77,48.61,8,37.82,11.00,0.18,181.85,195.81,1362.92,1604.94
Rodentia,Nesomyidae,Brachytarsomys,villosa,brachytarsomys villosa,-999.00,219.99,-999.00,-999.00,-999.00,-999.00,-999.00,-999.00,-999.00,-999.00,-999.00,-999.00,-999.00,-999.00,-999.00,-999.00,-999.00,-999.00,-999.00,-999.00,-999.00,-999.00,-999.00,-999.00,-999,-999.00,-999,-999.00,-999.00,-999.00,2655,-999.00,-999.00,-999.00,-999.00,-999.00,-999.00,-999.00,-999.00,-999.00,-999.00,-999.00,-999,-999.00,-999.00,-999.00,-999.00,-999.00,-999.00,-999.00
Primates,Atelidae,Brachyteles,arachnoides,brachyteles arachnoides,3.00,10537.31,-999.00,578.19,-999.00,2737.50,-999.00,-999.00,5.00,-999.00,221.75,1.00,1.04,2.12,1028.69,1.02,-999.00,-999.00,-999.00,-999.00,5.49,-999.00,2876.24,19.60,-999,2.00,2,734.82,-999.00,-999.00,208;730;890;899;905;1132;1297;1544;1547;1767;1848;2140;2145;2151;2344;2463;2488;2493;2655;2660;2986;3086,-999.00,0.65,-999.00,-999.00,6796.12,-22.21,-23.11,-22.66,-48.24,-49.07,-48.65,24,50.30,24.00,0.08,132.70,211.76,1243.51,1361.17
Primates,Atelidae,Brachyteles,hypoxanthus,brachyteles hypoxanthus,3.00,-999.00,-999.00,-999.00,-999.00,-999.00,-999.00,-999.00,-999.00,-999.00,-999.00,-999.00,-999.00,-999.00,-999.00,-999.00,-999.00,-999.00,-999.00,-999.00,-999.00,-999.00,-999.00,-999.00,-999,-999.00,-999,-999.00,-999.00,-999.00,1544,-999.00,-999.00,-999.00,-999.00,5564.78,-20.13,-20.89,-20.51,-43.90,-44.70,-44.30,21,66.87,21.00,0.05,122.82,193.67,1097.49,1297.03
Rodentia,Nesomyidae,Brachyuromys,betsileoensis,brachyuromys betsileoensis,2.00,93.58,-999.00,162.50,-999.00,-999.00,-999.00,-999.00,-999.00,-999.00,-999.00,1.00,-999.00,-999.00,-999.00,-999.00,-999.00,-999.00,-999.00,-999.00,-999.00,-999.00,-999.00,-999.00,-999,1.00,-999,-999.00,-999.00,-999.00,2152;2655,-999.00,-999.00,-999.00,-999.00,37287.31,-17.50,-22.64,-20.07,48.94,46.83,47.88,8,61.62,13.00,0.18,167.80,184.84,1274.34,1503.13
Rodentia,Nesomyidae,Brachyuromys,ramirohitra,brachyuromys ramirohitra,2.00,92.31,-999.00,162.50,-999.00,-999.00,-999.00,-999.00,-999.00,-999.00,-999.00,1.00,-999.00,-999.00,-999.00,-999.00,-999.00,-999.00,-999.00,-999.00,-999.00,-999.00,-999.00,-999.00,-999,1.00,-999,-999.00,-999.00,-999.00,2152;2655,-999.00,-999.00,-999.00,-999.00,11677.60,-20.06,-22.82,-21.44,48.06,46.76,47.41,8,44.48,8.00,0.17,169.25,185.49,1331.92,1509.75
Pilosa,Bradypodidae,Bradypus,pygmaeus,bradypus pygmaeus,-999.00,-999.00,-999.00,-999.00,-999.00,-999.00,-999.00,-999.00,-999.00,-999.00,-999.00,-999.00,-999.00,-999.00,-999.00,-999.00,-999.00,-999.00,-999.00,-999.00,-999.00,-999.00,-999.00,-999.00,-999,-999.00,-999,-999.00,-999.00,-999.00,-999,-999.00,-999.00,-999.00,-999.00,3.43,9.10,9.09,9.09,-81.54,-81.56,-81.55,7,7.00,7.00,-0.22,-999.00,-999.00,-999.00,-999.00
Soricomorpha,Soricidae,Crocidura,olivieri,crocidura olivieri,-999.00,34.42,-999.00,108.11,-999.00,-999.00,57.45,38.30,-999.00,-999.00,-999.00,-999.00,-999.00,-999.00,-999.00,-999.00,-999.00,-999.00,-999.00,-999.00,72.36,-999.00,-999.00,-999.00,-999,-999.00,-999,-999.00,-999.00,-999.00,626;730;1743;1822;2399;2655,-999.00,-999.00,-999.00,-999.00,5194375.82,31.62,1.72,16.67,51.41,-12.98,19.21,0,38.36,1.00,0.09,96.21,243.00,944.77,1578.50
Soricomorpha,Soricidae,Crocidura,orientalis,crocidura orientalis,-999.00,-999.00,-999.00,-999.00,-999.00,-999.00,-999.00,-999.00,-999.00,-999.00,-999.00,-999.00,-999.00,-999.00,-999.00,-999.00,-999.00,-999.00,-999.00,-999.00,-999.00,-999.00,-999.00,-999.00,-999,-999.00,-999,-999.00,-999.00,-999.00,-999,-999.00,-999.00,-999.00,-999.00,-999.00,-999.00,-999.00,-999.00,-999.00,-999.00,-999.00,-999,-999.00,-999.00,-999.00,-999.00,-999.00,-999.00,-999.00
Artiodactyla,Bovidae,Cephalophus,dorsalis,cephalophus dorsalis,1.00,20000.00,-999.00,849.99,-999.00,760.41,-999.00,-999.00,4.00,-999.00,238.00,1.00,0.27,0.26,-999.00,1.00,-999.00,204.96,1611.37,-999.00,-999.00,-999.00,547.46,1.00,4,1.00,2,-999.00,-999.00,-999.00,904;1297;1525;1573;1848;2655;2693;3044;3046,-999.00,-999.00,-999.00,-999.00,2874503.05,9.35,-7.06,1.14,30.66,-13.29,8.68,0,34.08,1.00,0.12,151.81,244.44,1371.07,1558.56
Artiodactyla,Bovidae,Cephalophus,jentinki,cephalophus jentinki,1.00,68489.54,-999.00,1349.99,-999.00,-999.00,-999.00,-999.00,4.00,-999.00,-999.00,-999.00,-999.00,-999.00,-999.00,1.00,-999.00,210.00,4581.46,-999.00,0.10,-999.00,-999.00,-999.00,4,-999.00,1,-999.00,-999.00,-999.00,899;1525;1848;2655;2693;3046,-999.00,-999.00,-999.00,-999.00,130952.07,9.22,4.35,6.79,-4.91,-13.20,-9.05,4,55.44,8.00,0.06,210.72,251.50,1345.35,1553.43
Artiodactyla,Bovidae,Cephalophus,leucogaster,cephalophus leucogaster,3.00,13208.69,-999.00,939.32,-999.00,-999.00,-999.00,-999.00,5.00,-999.00,-999.00,1.00,-999.00,-999.00,-999.00,1.00,-999.00,63.96,-999.00,-999.00,-999.00,-999.00,-999.00,-999.00,4,1.00,2,-999.00,-999.00,-999.00,904;1297;1525;1848;2655;2693;3046,-999.00,-999.00,-999.00,-999.00,1396673.01,5.15,-6.05,-0.45,30.64,8.69,19.67,0,19.68,1.00,0.11,145.99,239.75,1385.58,1555.72
Artiodactyla,Bovidae,Cephalophus,natalensis,cephalophus natalensis,3.00,12724.51,-999.00,786.14,-999.00,-999.00,-999.00,-999.00,4.00,-999.00,212.97,1.00,0.06,0.09,235.00,1.00,-999.00,180.00,954.89,-999.00,6.92,-999.00,-999.00,2.00,4,1.00,1,-999.00,-999.00,-999.00,730;869;1297;1525;1848;2629;2655;2693;2986;3046,-999.00,1.37,-999.00,-999.00,1208751.28,-7.38,-31.13,-19.25,40.84,29.23,35.03,1,37.40,2.00,0.17,79.36,228.97,924.61,1494.49
Rodentia,Erethizontidae,Chaetomys,subspinosus,chaetomys subspinosus,1.00,1299.99,-999.00,599.52,-999.00,-999.00,-999.00,-999.00,3.00,-999.00,-999.00,1.00,-999.00,-999.00,-999.00,-999.00,-999.00,-999.00,-999.00,-999.00,-999.00,-999.00,-999.00,1.00,-999,2.00,1,-999.00,-999.00,-999.00,603;890;899;2655,-999.00,-999.00,-999.00,-999.00,110201.56,-11.15,-21.41,-16.28,-37.29,-41.84,-39.57,7,111.29,12.00,0.08,127.76,227.64,1367.24,1632.72
Cingulata,Dasypodidae,Chaetophractus,nationi,chaetophractus nationi,-999.00,2110.04,-999.00,-999.00,-999.00,-999.00,559.00,2150.00,1.00,-999.00,-999.00,2.00,-999.00,-999.00,-999.00,-999.00,-999.00,-999.00,-999.00,-999.00,-999.00,-999.00,-999.00,-999.00,-999,1.00,3,-999.00,-999.00,-999.00,890;1822;1946;2151;2655,-999.00,-999.00,-999.00,-999.00,334227.31,-14.76,-23.71,-19.24,-64.98,-70.49,-67.74,0,15.02,0.00,0.06,47.35,43.91,510.76,1249.03
Cingulata,Dasypodidae,Chaetophractus,vellerosus,chaetophractus vellerosus,2.00,930.16,-999.00,-999.00,-999.00,-999.00,303.60,1100.00,5.00,-999.00,-999.00,2.00,0.02,0.03,-999.00,-999.00,-999.00,-999.00,-999.00,-999.00,-999.00,-999.00,-999.00,-999.00,-999,1.00,2,-999.00,-999.00,-999.00,890;1170;1171;1172;1822;1946;2151;2655,-999.00,-999.00,-999.00,-999.00,2372278.01,-9.69,-36.82,-23.25,-55.05,-69.37,-62.21,0,14.76,0.00,0.13,85.17,202.01,940.29,1254.06
Cingulata,Dasypodidae,Chaetophractus,villosus,chaetophractus villosus,-999.00,4372.80,-999.00,-999.00,23.00,-999.00,808.12,4540.00,-999.00,-999.00,68.93,2.00,-999.00,-999.00,-999.00,1.62,-999.00,240.00,124.48,-999.00,-999.00,-999.00,280.79,-999.00,-999,1.00,-999,76.56,-999.00,-999.00,543;1297;1822;1946;2151;2655,-999.00,-999.00,-999.00,-999.00,2743631.76,-13.83,-53.51,-33.67,-51.85,-72.80,-62.32,0,13.77,0.00,0.10,72.15,180.66,827.02,1085.20
Chiroptera,Vespertilionidae,Chalinolobus,dwyeri,chalinolobus dwyeri,-999.00,8.74,40.00,-999.00,-999.00,-999.00,-999.00,-999.00,-999.00,-999.00,-999.00,1.00,-999.00,-999.00,-999.00,1.34,1.00,-999.00,-999.00,-999.00,-999.00,-999.00,-999.00,-999.00,-999,2.00,-999,36.41,4.70,-999.00,861;1297;1658;2143;2151;2622;2655,-999.00,-999.00,-999.00,-999.00,521325.88,-22.13,-35.65,-28.89,153.63,147.82,150.73,0,22.70,0.00,0.06,65.83,176.14,753.57,1281.88
Chiroptera,Vespertilionidae,Chalinolobus,gouldii,chalinolobus gouldii,-999.00,14.24,43.87,-999.00,-999.00,-999.00,25.20,17.50,1.00,-999.00,92.54,1.00,-999.00,-999.00,-999.00,1.41,1.00,-999.00,-999.00,-999.00,-999.00,20.00,-999.00,-999.00,-999,2.00,3,-999.00,-999.00,-999.00,196;1297;1384;1385;1388;1617;1658;1835;2143;2151;2186;2655;2719;3023,-999.00,-999.00,-999.00,-999.00,7346335.67,-11.11,-43.64,-27.37,168.09,113.14,140.61,0,3.44,0.00,0.03,36.09,208.38,434.79,1334.78
Chiroptera,Vespertilionidae,Chalinolobus,morio,chalinolobus morio,-999.00,8.91,37.00,-999.00,-999.00,-999.00,-999.00,-999.00,1.00,-999.00,-999.00,1.00,-999.00,-999.00,-999.00,1.38,1.00,-999.00,1.68,-999.00,-999.00,-999.00,-999.00,-999.00,-999,2.00,3,-999.00,-999.00,-999.00,196;1297;1388;1658;1784;1835;1838;2143;2151;2186;2655;2719;3116,-999.00,-999.00,-999.00,-999.00,2259579.36,-19.70,-43.64,-31.67,153.63,114.14,133.89,0,9.06,0.00,0.04,40.72,172.07,455.18,1179.23
Chiroptera,Vespertilionidae,Chalinolobus,neocaledonicus,chalinolobus neocaledonicus,-999.00,-999.00,-999.00,-999.00,-999.00,-999.00,-999.00,-999.00,-999.00,-999.00,-999.00,-999.00,-999.00,-999.00,-999.00,-999.00,-999.00,-999.00,-999.00,-999.00,-999.00,-999.00,-999.00,-999.00,-999,-999.00,-999,-999.00,-999.00,-999.00,-999,-999.00,-999.00,-999.00,-999.00,16470.95,-20.08,-22.39,-21.24,167.02,163.98,165.50,10,10.00,10.00,0.11,87.85,205.31,-999.00,-999.00
Diprotodontia,Macropodidae,Dendrolagus,inustus,dendrolagus inustus,2.00,12625.00,-999.00,716.21,-999.00,-999.00,-999.00,-999.00,2.00,-999.00,-999.00,2.00,-999.00,-999.00,-999.00,1.11,-999.00,240.00,-999.00,-999.00,-999.00,-999.00,578.24,-999.00,4,2.00,1,538.46,1800.00,-999.00,511;543;955;977;1848;1991;2152;2655,-999.00,-999.00,-999.00,-999.00,126998.25,-7.690149e-03,-4.11,-2.05,142.75,130.20,136.48,2,5.44,2.00,0.14,216.33,259.98,1714.00,1807.89
Diprotodontia,Macropodidae,Dendrolagus,lumholtzi,dendrolagus lumholtzi,1.00,6649.97,-999.00,-999.00,-999.00,-999.00,-999.00,-999.00,-999.00,-999.00,-999.00,2.00,0.01,0.01,435.00,1.00,-999.00,-999.00,-999.00,-999.00,116.18,-999.00,816.35,-999.00,-999,2.00,-999,539.29,1299.99,-999.00,511;955;1573;1848;2337;2655;2986,-999.00,1.00,-999.00,-999.00,12095.48,-17.70,-19.32,-18.51,146.77,145.51,146.14,0,11.64,0.00,0.06,152.07,213.54,1127.89,1769.58
Diprotodontia,Macropodidae,Dendrolagus,matschiei,dendrolagus matschiei,2.00,8293.40,-999.00,537.81,-999.00,-999.00,1426.80,6960.00,2.00,-999.00,33.95,2.00,0.23,0.18,410.00,1.01,-999.00,286.00,-999.00,-999.00,-999.00,-999.00,949.16,-999.00,4,2.00,1,509.10,-999.00,-999.00,511;543;955;977;1297;1412;1762;1822;1848;1991;2152;2178;2655,-999.00,1.03,-999.00,-999.00,10844.37,-5.45,-6.82,-6.13,148.08,146.63,147.36,9,12.45,9.00,0.08,285.33,225.82,1714.99,1826.38
Diprotodontia,Macropodidae,Dendrolagus,mbaiso,dendrolagus mbaiso,-999.00,9395.06,-999.00,674.54,-999.00,-999.00,-999.00,-999.00,-999.00,-999.00,-999.00,-999.00,-999.00,-999.00,-999.00,-999.00,-999.00,-999.00,-999.00,-999.00,-999.00,-999.00,-999.00,-999.00,-999,-999.00,-999,-999.00,-999.00,-999.00,976,-999.00,-999.00,-999.00,-999.00,3937.45,-3.54,-3.98,-3.76,137.62,136.71,137.17,6,6.00,6.00,0.20,180.33,114.00,1776.00,1776.00
Diprotodontia,Macropodidae,Dendrolagus,pulcherrimus,dendrolagus pulcherrimus,-999.00,-999.00,-999.00,-999.00,-999.00,-999.00,-999.00,-999.00,-999.00,-999.00,-999.00,-999.00,-999.00,-999.00,-999.00,-999.00,-999.00,-999.00,-999.00,-999.00,-999.00,-999.00,-999.00,-999.00,-999,-999.00,-999,-999.00,-999.00,-999.00,-999,-999.00,-999.00,-999.00,-999.00,3520.91,-3.04,-3.53,-3.29,142.40,141.48,141.94,5,5.00,5.00,0.25,219.49,301.25,1702.00,1767.75
Diprotodontia,Macropodidae,Dendrolagus,scottae,dendrolagus scottae,2.00,9958.58,-999.00,615.55,-999.00,-999.00,-999.00,-999.00,2.00,-999.00,-999.00,2.00,-999.00,-999.00,365.00,1.01,-999.00,-999.00,-999.00,-999.00,-999.00,-999.00,-999.00,-999.00,4,2.00,1,-999.00,-999.00,-999.00,511;977;1848;2152;2655,-999.00,1.10,-999.00,-999.00,153.85,-3.48,-3.61,-3.54,142.54,142.41,142.47,5,5.24,5.00,0.18,232.49,298.25,1695.00,1695.50
Diprotodontia,Macropodidae,Dendrolagus,spadix,dendrolagus spadix,2.00,8468.20,-999.00,602.65,-999.00,-999.00,-999.00,-999.00,2.00,-999.00,-999.00,2.00,-999.00,-999.00,-999.00,1.00,-999.00,-999.00,-999.00,-999.00,-999.00,-999.00,-999.00,-999.00,4,2.00,1,-999.00,945.25,-999.00,511;977;1848;2152;2655,-999.00,-999.00,-999.00,-999.00,35926.62,-6.35,-8.17,-7.26,145.22,142.06,143.64,1,4.27,1.00,0.03,411.38,243.28,1639.10,1647.00
Diprotodontia,Macropodidae,Dendrolagus,stellarum,dendrolagus stellarum,-999.00,-999.00,-999.00,-999.00,-999.00,-999.00,-999.00,-999.00,-999.00,-999.00,-999.00,-999.00,-999.00,-999.00,-999.00,-999.00,-999.00,-999.00,-999.00,-999.00,-999.00,-999.00,-999.00,-999.00,-999,-999.00,-999,-999.00,-999.00,-999.00,-999,-999.00,-999.00,-999.00,-999.00,45017.53,-3.43,-5.30,-4.36,141.78,136.18,138.98,2,5.62,2.00,0.20,205.37,199.23,1728.29,1739.12
Diprotodontia,Macropodidae,Dendrolagus,ursinus,dendrolagus ursinus,2.00,13249.99,-999.00,623.07,-999.00,-999.00,-999.00,-999.00,1.00,-999.00,-999.00,2.00,-999.00,-999.00,-999.00,1.01,-999.00,242.40,-999.00,-999.00,-999.00,-999.00,-999.00,-999.00,4,2.00,1,-999.00,-999.00,-999.00,511;543;977;1297;1848;1991;2152;2178;2655,-999.00,-999.00,-999.00,-999.00,17925.03,-0.75,-1.51,-1.13,134.29,131.29,132.79,5,6.40,5.00,0.18,216.45,218.90,1723.50,1894.25
Rodentia,Nesomyidae,Dendromus,insignis,dendromus insignis,-999.00,-999.00,-999.00,-999.00,-999.00,-999.00,-999.00,-999.00,-999.00,-999.00,-999.00,-999.00,-999.00,-999.00,-999.00,-999.00,-999.00,-999.00,-999.00,-999.00,-999.00,-999.00,-999.00,-999.00,-999,-999.00,-999,-999.00,-999.00,-999.00,-999,-999.00,-999.00,-999.00,-999.00,218282.07,10.02,-4.05,2.98,41.83,28.80,35.31,2,116.56,6.00,0.12,76.36,165.53,1007.11,1478.34
Rodentia,Nesomyidae,Dendromus,kahuziensis,dendromus kahuziensis,-999.00,-999.00,-999.00,-999.00,-999.00,-999.00,-999.00,-999.00,-999.00,-999.00,-999.00,-999.00,-999.00,-999.00,-999.00,3.49,-999.00,-999.00,-999.00,-999.00,-999.00,-999.00,-999.00,-999.00,-999,-999.00,-999,-999.00,-999.00,-999.00,1297,-999.00,-999.00,-999.00,-999.00,21928.26,-1.57,-3.13,-2.35,29.04,27.59,28.31,8,91.42,8.00,0.16,129.07,206.07,1445.49,1555.48
Rodentia,Nesomyidae,Dendromus,leucostomus,dendromus leucostomus,-999.00,-999.00,-999.00,-999.00,-999.00,-999.00,-999.00,-999.00,-999.00,-999.00,-999.00,-999.00,-999.00,-999.00,-999.00,-999.00,-999.00,-999.00,-999.00,-999.00,-999.00,-999.00,-999.00,-999.00,-999,-999.00,-999,-999.00,-999.00,-999.00,-999,-999.00,-999.00,-999.00,-999.00,-999.00,-999.00,-999.00,-999.00,-999.00,-999.00,-999.00,-999,-999.00,-999.00,-999.00,-999.00,-999.00,-999.00,-999.00
Rodentia,Nesomyidae,Dendromus,lovati,dendromus lovati,-999.00,12.00,-999.00,-999.00,-999.00,-999.00,-999.00,-999.00,-999.00,-999.00,-999.00,-999.00,-999.00,-999.00,-999.00,-999.00,-999.00,-999.00,-999.00,-999.00,-999.00,-999.00,-999.00,-999.00,-999,-999.00,-999,-999.00,-999.00,-999.00,2655,-999.00,-999.00,-999.00,-999.00,193162.56,11.91,6.26,9.08,40.69,36.91,38.80,5,114.29,18.00,0.15,89.72,149.37,959.84,1407.83
Rodentia,Nesomyidae,Dendromus,melanotis,dendromus melanotis,-999.00,9.10,-999.00,-999.00,-999.00,-999.00,-999.00,-999.00,-999.00,-999.00,25.00,-999.00,-999.00,-999.00,-999.00,3.97,-999.00,-999.00,-999.00,-999.00,-999.00,-999.00,-999.00,-999.00,-999,-999.00,-999,-999.00,-999.00,-999.00,1297;2655,-999.00,-999.00,-999.00,-999.00,11031261.31,11.54,-34.44,-11.44,40.84,-9.29,15.77,0,34.99,1.00,0.15,96.40,224.97,994.37,1484.01
Rodentia,Nesomyidae,Dendromus,mesomelas,dendromus mesomelas,1.00,10.20,-999.00,-999.00,-999.00,-999.00,-999.00,-999.00,-999.00,-999.00,-999.00,1.00,-999.00,-999.00,-999.00,3.94,-999.00,39.60,-999.00,-999.00,1753.83,-999.00,-999.00,-999.00,-999,2.00,-999,-999.00,-999.00,-999.00,543;730;904;1297;2361;2655,-999.00,-999.00,-999.00,-999.00,3423076.47,5.19,-34.68,-14.74,39.18,18.25,28.72,0,37.27,1.00,0.15,82.63,211.19,913.32,1465.95
Rodentia,Nesomyidae,Dendromus,messorius,dendromus messorius,-999.00,-999.00,-999.00,-999.00,-999.00,-999.00,-999.00,-999.00,-999.00,-999.00,-999.00,-999.00,-999.00,-999.00,-999.00,2.95,-999.00,-999.00,-999.00,-999.00,-999.00,-999.00,-999.00,-999.00,-999,-999.00,-999,-999.00,-999.00,-999.00,1297,-999.00,-999.00,-999.00,-999.00,2336490.65,9.46,-1.64,3.90,37.24,1.69,19.47,0,45.64,1.00,0.10,132.62,243.09,1280.55,1581.87
Rodentia,Nesomyidae,Dendromus,mystacalis,dendromus mystacalis,-999.00,8.17,-999.00,-999.00,-999.00,-999.00,-999.00,-999.00,-999.00,-999.00,-999.00,-999.00,-999.00,-999.00,-999.00,3.45,-999.00,-999.00,-999.00,-999.00,1036.35,-999.00,-999.00,-999.00,-999,-999.00,-999,-999.00,-999.00,-999.00,730;1297;2655;3054,-999.00,-999.00,-999.00,-999.00,5794924.77,12.88,-34.10,-10.60,42.13,12.44,27.29,0,39.94,2.00,0.16,88.83,215.07,954.26,1468.53
Rodentia,Nesomyidae,Dendromus,nyasae,dendromus nyasae,-999.00,-999.00,-999.00,-999.00,-999.00,-999.00,-999.00,-999.00,-999.00,-999.00,-999.00,-999.00,-999.00,-999.00,-999.00,-999.00,-999.00,-999.00,-999.00,-999.00,-999.00,-999.00,-999.00,-999.00,-999,-999.00,-999,-999.00,-999.00,-999.00,-999,-999.00,-999.00,-999.00,-999.00,50091.76,1.05,-2.00,-0.47,30.48,28.54,29.51,14,139.77,51.00,0.11,112.07,191.25,1377.25,1520.11
Rodentia,Nesomyidae,Dendromus,nyikae,dendromus nyikae,-999.00,15.00,-999.00,-999.00,-999.00,-999.00,-999.00,-999.00,-999.00,-999.00,-999.00,-999.00,-999.00,-999.00,-999.00,4.62,-999.00,-999.00,-999.00,-999.00,-999.00,-999.00,-999.00,-999.00,-999,-999.00,-999,-999.00,-999.00,-999.00,1297;2655,-999.00,-999.00,-999.00,-999.00,2955843.08,-2.99,-23.63,-13.31,38.83,13.43,26.13,1,18.42,2.00,0.18,88.05,217.19,873.40,1446.20
Rodentia,Nesomyidae,Dendromus,oreas,dendromus oreas,-999.00,-999.00,-999.00,-999.00,-999.00,-999.00,-999.00,-999.00,-999.00,-999.00,-999.00,-999.00,-999.00,-999.00,-999.00,-999.00,-999.00,-999.00,-999.00,-999.00,-999.00,-999.00,-999.00,-999.00,-999,-999.00,-999,-999.00,-999.00,-999.00,-999,-999.00,-999.00,-999.00,-999.00,13754.34,5.61,4.13,4.87,10.13,9.05,9.59,13,97.09,13.00,0.09,251.22,230.81,1259.40,1527.53
Rodentia,Nesomyidae,Dendromus,vernayi,dendromus vernayi,-999.00,-999.00,-999.00,-999.00,-999.00,-999.00,-999.00,-999.00,-999.00,-999.00,-999.00,-999.00,-999.00,-999.00,-999.00,-999.00,-999.00,-999.00,-999.00,-999.00,-999.00,-999.00,-999.00,-999.00,-999,-999.00,-999,-999.00,-999.00,-999.00,-999,-999.00,-999.00,-999.00,-999.00,7879.79,-10.92,-11.86,-11.39,17.84,17.01,17.43,11,13.49,11.00,0.16,101.65,212.33,921.01,1294.83
Rodentia,Nesomyidae,Dendroprionomys,rousseloti,dendroprionomys rousseloti,-999.00,-999.00,-999.00,-999.00,-999.00,-999.00,-999.00,-999.00,-999.00,-999.00,-999.00,-999.00,-999.00,-999.00,-999.00,-999.00,-999.00,-999.00,-999.00,-999.00,-999.00,-999.00,-999.00,-999.00,-999,-999.00,-999,-999.00,-999.00,-999.00,-999,-999.00,-999.00,-999.00,-999.00,2830.43,-4.02,-4.63,-4.32,15.52,14.98,15.25,17,369.69,17.00,0.25,116.19,240.00,1119.80,1472.80
Rodentia,Muridae,Deomys,ferrugineus,deomys ferrugineus,-999.00,57.60,-999.00,-999.00,-999.00,-999.00,-999.00,-999.00,-999.00,-999.00,-999.00,-999.00,-999.00,-999.00,-999.00,1.70,-999.00,-999.00,-999.00,-999.00,-999.00,-999.00,-999.00,-999.00,-999,-999.00,-999,-999.00,-999.00,-999.00,1297;2361;2399;2655,-999.00,-999.00,-999.00,-999.00,1689421.98,6.04,-4.94,0.54,32.11,8.60,20.35,0,28.86,1.00,0.11,148.34,238.65,1377.45,1546.65
Rodentia,Muridae,Dephomys,defua,dephomys defua,-999.00,43.05,-999.00,-999.00,-999.00,-999.00,-999.00,-999.00,-999.00,-999.00,-999.00,-999.00,-999.00,-999.00,-999.00,2.75,-999.00,-999.00,-999.00,-999.00,-999.00,-999.00,-999.00,-999.00,-999,-999.00,-999,-999.00,-999.00,-999.00,1297;2655,-999.00,-999.00,-999.00,-999.00,414109.82,9.46,4.35,6.91,-0.10,-13.30,-6.70,3,74.96,8.00,0.07,179.68,255.64,1320.86,1563.99
Rodentia,Muridae,Dephomys,eburneae,dephomys eburneae,-999.00,52.50,-999.00,-999.00,-999.00,-999.00,-999.00,-999.00,-999.00,-999.00,-999.00,-999.00,-999.00,-999.00,-999.00,-999.00,-999.00,-999.00,-999.00,-999.00,-999.00,-999.00,-999.00,-999.00,-999,-999.00,-999,-999.00,-999.00,-999.00,2655,-999.00,-999.00,-999.00,-999.00,246050.22,8.28,4.35,6.32,-3.12,-10.76,-6.94,3,56.60,8.00,0.06,182.94,252.54,1326.54,1539.23
Soricomorpha,Talpidae,Desmana,moschata,desmana moschata,2.00,427.64,-999.00,203.10,-999.00,-999.00,-999.00,-999.00,4.00,-999.00,46.53,3.00,4.907674e-03,5.270968e-03,-999.00,3.63,2.00,-999.00,-999.00,-999.00,-999.00,2.00,-999.00,-999.00,-999,1.00,2,39.70,-999.00,-999.00,511;899;1297;1848;2187;2346;2655;2670;2740;2741;2786,-999.00,-999.00,-999.00,-999.00,1225328.60,59.55,45.53,52.54,56.68,30.69,43.69,1,54.46,3.00,8.51416791130262e-03,36.13,50.31,374.60,498.38
Rodentia,Muridae,Desmodilliscus,braueri,desmodilliscus braueri,-999.00,10.00,-999.00,-999.00,-999.00,-999.00,-999.00,-999.00,-999.00,-999.00,30.16,-999.00,-999.00,-999.00,-999.00,2.60,-999.00,-999.00,0.90,-999.00,-999.00,-999.00,-999.00,-999.00,-999,-999.00,-999,-999.00,-999.00,-999.00,1297;2655,-999.00,-999.00,-999.00,-999.00,3069834.82,19.85,11.17,15.51,35.29,-16.51,9.38,0,11.52,0.00,0.06,21.11,274.75,311.17,1525.96
Rodentia,Muridae,Desmodillus,auricularis,desmodillus auricularis,-999.00,54.81,-999.00,-999.00,22.00,-999.00,87.75,71.93,1.00,-999.00,27.11,-999.00,-999.00,-999.00,-999.00,2.62,-999.00,-999.00,2.84,28.20,1265.76,-999.00,-999.00,-999.00,-999,-999.00,1,32.99,-999.00,-999.00,730;1297;1584;1822;2121;2390;2655;2978,-999.00,-999.00,-999.00,-999.00,1924878.41,-15.47,-34.38,-24.93,30.97,11.71,21.34,0,8.00,0.00,0.09,26.00,183.45,390.54,1270.71
Chiroptera,Phyllostomidae,Desmodus,rotundus,desmodus rotundus,-999.00,33.16,58.29,78.00,0.50,-999.00,26.75,29.40,1.00,-999.00,209.35,1.00,-999.00,-999.00,288.95,1.00,1.26,234.00,6.94,-999.00,-999.00,31.50,-999.00,-999.00,-999,2.00,3,253.01,-999.00,-999.00,108;196;507;536;543;889;892;1182;1297;1536;1658;1704;1705;1784;1815;1822;1948;2032;2143;2151;2295;2562;2563;2622;2655;2719;2751;3023;3037;30483049,-999.00,-999.00,-999.00,-999.00,17803912.83,28.12,-34.94,-3.40,-34.79,-110.90,-72.84,0,28.84,0.00,0.10,130.09,216.33,1157.17,1460.68
Rodentia,Muridae,Desmomys,harringtoni,desmomys harringtoni,-999.00,89.99,-999.00,-999.00,-999.00,-999.00,-999.00,-999.00,-999.00,-999.00,-999.00,-999.00,-999.00,-999.00,-999.00,-999.00,-999.00,-999.00,-999.00,-999.00,-999.00,-999.00,-999.00,-999.00,-999,-999.00,-999,-999.00,-999.00,-999.00,2655,-999.00,-999.00,-999.00,-999.00,286640.37,12.99,7.17,10.08,41.99,34.94,38.47,3,96.39,8.00,0.14,93.59,184.81,950.59,1456.22
Rodentia,Muridae,Desmomys,yaldeni,desmomys yaldeni,-999.00,-999.00,-999.00,-999.00,-999.00,-999.00,-999.00,-999.00,-999.00,-999.00,-999.00,-999.00,-999.00,-999.00,-999.00,-999.00,-999.00,-999.00,-999.00,-999.00,-999.00,-999.00,-999.00,-999.00,-999,-999.00,-999,-999.00,-999.00,-999.00,-999,-999.00,-999.00,-999.00,-999.00,-999.00,-999.00,-999.00,-999.00,-999.00,-999.00,-999.00,-999,-999.00,-999.00,-999.00,-999.00,-999.00,-999.00,-999.00
Chiroptera,Phyllostomidae,Diaemus,youngi,diaemus youngi,-999.00,36.71,50.78,-999.00,-999.00,-999.00,34.22,36.80,1.00,-999.00,-999.00,1.00,-999.00,-999.00,-999.00,-999.00,-999.00,-999.00,-999.00,-999.00,-999.00,-999.00,-999.00,-999.00,-999,2.00,3,-999.00,-999.00,-999.00,108;196;889;1658;1822;1948;2143;2151;2295;2622;2655;2719,-999.00,-999.00,-999.00,-999.00,13545719.31,23.86,-30.24,-3.19,-34.79,-99.59,-67.19,0,25.30,0.00,0.11,150.09,237.93,1291.37,1525.36
Perissodactyla,Rhinocerotidae,Dicerorhinus,sumatrensis,dicerorhinus sumatrensis,2.00,1046156.04,-999.00,2769.99,-999.00,-999.00,-999.00,-999.00,2.00,-999.00,310.19,2.00,11.87,12.72,1277.50,1.00,-999.00,420.00,22849.50,911.99,1.05,1.00,2784.26,-999.00,-999,1.00,1,362.93,-999.00,-999.00,511;543;730;899;997;1197;1297;2152;2335;2628;2655;3105,-999.00,0.58,-999.00,-999.00,594010.97,6.73,-5.38,0.67,119.26,95.34,107.30,3,79.31,4.00,0.17,238.66,248.86,1703.18,1778.81
Perissodactyla,Rhinocerotidae,Diceros,bicornis,diceros bicornis,-999.00,995940.54,-999.00,2849.99,-999.00,2053.12,-999.00,-999.00,2.00,-999.00,466.24,1.00,11.48,13.24,1049.37,1.00,-999.00,564.00,34999.99,-999.00,0.11,1.00,2199.16,1.00,-999,1.00,1,583.09,426865.48,-999.00,453;543;674;730;899;997;1053;1297;1349;1573;1594;1622;1623;1763;1894;2335;2494;2629;2655;2687;2962;3105;3136,-999.00,0.64,-999.00,-999.00,11451482.02,13.52,-34.83,-10.65,49.60,-12.45,18.57,0,30.49,1.00,0.12,70.41,225.90,782.26,1502.76
Chiroptera,Emballonuridae,Diclidurus,albus,diclidurus albus,1.00,16.56,66.00,69.99,-999.00,-999.00,-999.00,-999.00,1.00,-999.00,-999.00,1.00,-999.00,-999.00,-999.00,1.00,1.00,-999.00,0.51,23.77,-999.00,1.00,-999.00,1.00,-999,2.00,3,-999.00,-999.00,-999.00,428;567;889;1297;1645;1658;2151;2622;2655;3022,-999.00,-999.00,-999.00,-999.00,7898368.07,22.70,-17.72,2.48,-34.79,-105.70,-70.24,0,27.60,0.00,0.10,157.72,245.62,1334.46,1602.10
Chiroptera,Emballonuridae,Diclidurus,ingens,diclidurus ingens,1.00,12.30,71.50,-999.00,-999.00,-999.00,-999.00,-999.00,-999.00,-999.00,-999.00,1.00,-999.00,-999.00,-999.00,-999.00,-999.00,-999.00,-999.00,-999.00,-999.00,-999.00,-999.00,-999.00,-999,2.00,-999,-999.00,-999.00,-999.00,889;1658;2151;2622,-999.00,-999.00,-999.00,-999.00,2138238.00,9.38,-6.52,1.42,-58.32,-75.61,-66.97,0,1.77,0.00,0.12,196.17,252.94,1531.19,1607.22
Chiroptera,Emballonuridae,Diclidurus,isabellus,diclidurus isabellus,1.00,12.61,54.00,-999.00,-999.00,-999.00,-999.00,-999.00,-999.00,-999.00,-999.00,1.00,-999.00,-999.00,-999.00,-999.00,-999.00,-999.00,-999.00,-999.00,-999.00,-999.00,-999.00,-999.00,-999,2.00,-999,-999.00,-999.00,-999.00,889;1658;2151;2622;2655,-999.00,-999.00,-999.00,-999.00,710901.14,6.15,-7.31,-0.57,-60.45,-67.65,-64.05,0,1.71,0.00,0.07,181.99,253.50,1581.15,1652.52
Chiroptera,Emballonuridae,Diclidurus,scutatus,diclidurus scutatus,1.00,13.62,54.50,-999.00,-999.00,-999.00,-999.00,-999.00,-999.00,-999.00,-999.00,1.00,-999.00,-999.00,-999.00,-999.00,-999.00,-999.00,-999.00,-999.00,-999.00,-999.00,-999.00,-999.00,-999,2.00,-999,-999.00,-999.00,-999.00,889;1658;2151;2622;2655,-999.00,-999.00,-999.00,-999.00,2914021.53,7.02,-5.90,0.56,-46.56,-73.02,-59.79,0,2.92,0.00,0.11,187.24,254.00,1506.90,1637.51
Rodentia,Cricetidae,Dicrostonyx,groenlandicus,dicrostonyx groenlandicus,-999.00,58.44,-999.00,117.32,13.50,61.50,97.41,57.50,-999.00,-999.00,20.84,-999.00,7.305693e-03,9.317493e-03,24.50,3.78,2.00,-999.00,4.42,34.99,518.17,-999.00,38.61,-999.00,-999,-999.00,-999,17.42,22.80,-999.00,254;730;1028;1282;1297;1822;1849;1949;2067;2217;2420;2655;2745,-999.00,-999.00,-999.00,-999.00,3130947.24,83.62,52.81,68.22,-11.60,-169.11,-90.36,0,0.01,0.00,-0.26,19.89,-130.67,137.34,149.40
Rodentia,Cricetidae,Dicrostonyx,hudsonius,dicrostonyx hudsonius,-999.00,57.00,-999.00,-999.00,-999.00,-999.00,-999.00,-999.00,-999.00,-999.00,20.00,-999.00,-999.00,-999.00,-999.00,3.49,1.50,-999.00,-999.00,-999.00,-999.00,-999.00,-999.00,-999.00,-999,-999.00,-999,-999.00,-999.00,-999.00,1297;2655,-999.00,-999.00,-999.00,-999.00,487889.71,62.58,53.17,57.87,-57.32,-79.76,-68.54,0,0.06,0.00,0.07,43.94,-66.42,246.01,234.72
Rodentia,Cricetidae,Dicrostonyx,nelsoni,dicrostonyx nelsoni,-999.00,-999.00,-999.00,-999.00,-999.00,-999.00,-999.00,-999.00,-999.00,-999.00,-999.00,-999.00,-999.00,-999.00,-999.00,-999.00,-999.00,-999.00,-999.00,-999.00,-999.00,-999.00,-999.00,-999.00,-999,-999.00,-999,-999.00,-999.00,-999.00,-999,-999.00,-999.00,-999.00,-999.00,4909.61,63.78,62.93,63.36,-168.69,-171.84,-170.27,0,0.00,0.00,-999.00,34.00,-37.00,-999.00,-999.00
Rodentia,Cricetidae,Dicrostonyx,nunatakensis,dicrostonyx nunatakensis,-999.00,-999.00,-999.00,-999.00,-999.00,-999.00,-999.00,-999.00,-999.00,-999.00,-999.00,-999.00,-999.00,-999.00,-999.00,-999.00,-999.00,-999.00,-999.00,-999.00,-999.00,-999.00,-999.00,-999.00,-999,-999.00,-999,-999.00,-999.00,-999.00,-999,-999.00,-999.00,-999.00,-999.00,76122.24,65.93,63.40,64.66,-130.28,-139.83,-135.06,0,0.01,0.00,0.00,19.98,-124.21,204.54,243.73
Rodentia,Cricetidae,Dicrostonyx,richardsoni,dicrostonyx richardsoni,-999.00,-999.00,-999.00,-999.00,-999.00,-999.00,-999.00,-999.00,-999.00,-999.00,-999.00,-999.00,-999.00,-999.00,-999.00,-999.00,-999.00,-999.00,-999.00,-999.00,-999.00,-999.00,-999.00,-999.00,-999,-999.00,-999,-999.00,-999.00,-999.00,-999,-999.00,-999.00,-999.00,-999.00,403806.74,63.71,57.56,60.63,-91.40,-111.14,-101.27,0,0.01,0.00,-0.17,26.60,-95.19,200.72,251.19
Rodentia,Cricetidae,Dicrostonyx,torquatus,dicrostonyx torquatus,-999.00,78.77,-999.00,-999.00,12.00,-999.00,-999.00,-999.00,-999.00,-999.00,17.08,-999.00,-999.00,-999.00,23.00,3.85,2.00,45.60,3.05,-999.00,-999.00,-999.00,-999.00,-999.00,-999,-999.00,-999,30.41,25.50,-999.00,543;1297;1849;2655,-999.00,-999.00,-999.00,-999.00,1960681.18,77.73,53.18,65.46,179.99,-179.99,-6.92524e-04,0,0.57,0.00,-0.32,20.36,-103.89,148.01,140.34
Rodentia,Cricetidae,Dicrostonyx,unalascensis,dicrostonyx unalascensis,-999.00,-999.00,-999.00,-999.00,-999.00,-999.00,-999.00,-999.00,-999.00,-999.00,21.00,-999.00,-999.00,-999.00,20.00,2.79,-999.00,-999.00,5.02,-999.00,-999.00,-999.00,-999.00,-999.00,-999,-999.00,-999,-999.00,-999.00,-999.00,1297,-999.00,4.78,-999.00,-999.00,4501.73,54.01,52.81,53.41,-166.20,-169.11,-167.66,0,0.07,0.00,-0.92,93.02,24.56,-999.00,-999.00
Rodentia,Cricetidae,Dicrostonyx,vinogradovi,dicrostonyx vinogradovi,-999.00,-999.00,-999.00,-999.00,-999.00,-999.00,-999.00,-999.00,-999.00,-999.00,-999.00,-999.00,-999.00,-999.00,-999.00,-999.00,-999.00,-999.00,-999.00,-999.00,-999.00,-999.00,-999.00,-999.00,-999,-999.00,-999,-999.00,-999.00,-999.00,-999,-999.00,-999.00,-999.00,-999.00,7718.13,71.58,70.78,71.18,179.99,-179.99,0.00,0,0.66,0.00,0.00,8.85,-120.28,-999.00,-999.00
Didelphimorphia,Didelphidae,Didelphis,albiventris,didelphis albiventris,1.00,1030.47,-999.00,360.69,-999.00,-999.00,-999.00,-999.00,6.00,-999.00,12.00,2.00,4.024018e-03,5.7e-03,266.87,6.90,1.50,20.40,-999.00,-999.00,400.00,-999.00,315.68,-999.00,13,2.00,2,116.50,-999.00,-999.00,256;889;890;905;955;1227;1297;1760;1843;2151;2431;2655;2790,-999.00,-999.00,-999.00,-999.00,7561455.22,9.41,-41.21,-15.90,-34.79,-77.85,-56.32,0,35.95,1.00,0.08,97.10,187.04,964.09,1284.45
Didelphimorphia,Didelphidae,Didelphis,aurita,didelphis aurita,1.00,1105.88,-999.00,-999.00,-999.00,-999.00,-999.00,-999.00,4.00,-999.00,-999.00,-999.00,-999.00,-999.00,-999.00,6.11,-999.00,-999.00,-999.00,-999.00,45.22,-999.00,192.74,-999.00,-999,-999.00,2,99.71,-999.00,-999.00,256;565;569;955;1297;1760;2545;2655,-999.00,-999.00,-999.00,-999.00,1075333.48,-8.04,-27.32,-17.68,-35.10,-57.91,-46.51,2,100.34,9.00,0.06,126.98,207.59,1212.17,1376.83
Didelphimorphia,Didelphidae,Didelphis,imperfecta,didelphis imperfecta,-999.00,-999.00,-999.00,-999.00,-999.00,-999.00,-999.00,-999.00,-999.00,-999.00,-999.00,-999.00,-999.00,-999.00,-999.00,-999.00,-999.00,-999.00,-999.00,-999.00,-999.00,-999.00,-999.00,-999.00,-999,-999.00,-999,-999.00,-999.00,-999.00,-999,-999.00,-999.00,-999.00,-999.00,142295.28,6.70,2.81,4.75,-60.33,-66.11,-63.22,0,1.04,0.00,0.25,161.83,231.67,1625.85,1677.69
Didelphimorphia,Didelphidae,Didelphis,marsupialis,didelphis marsupialis,1.00,1134.75,-999.00,402.70,-999.00,182.50,611.34,1329.00,3.00,-999.00,14.00,2.00,0.17,0.14,110.00,7.09,2.00,32.40,0.16,-999.00,70.50,-999.00,200.88,1.00,13,2.00,2,92.47,95.91,-999.00,256;730;889;905;955;1297;1412;1573;1760;1773;1876;2151;2159;2225;2431;2655;2761,-999.00,-999.00,-999.00,-999.00,7324303.06,23.89,-18.30,2.79,-44.35,-98.86,-71.61,0,19.71,0.00,0.13,175.63,248.26,1421.55,1599.94
Didelphimorphia,Didelphidae,Didelphis,pernigra,didelphis pernigra,-999.00,-999.00,-999.00,-999.00,-999.00,-999.00,-999.00,-999.00,-999.00,-999.00,-999.00,-999.00,-999.00,-999.00,-999.00,-999.00,-999.00,-999.00,-999.00,-999.00,-999.00,-999.00,-999.00,-999.00,-999,-999.00,-999,-999.00,-999.00,-999.00,-999,-999.00,-999.00,-999.00,-999.00,-999.00,-999.00,-999.00,-999.00,-999.00,-999.00,-999.00,-999,-999.00,-999.00,-999.00,-999.00,-999.00,-999.00,-999.00
Didelphimorphia,Didelphidae,Didelphis,virginiana,didelphis virginiana,1.00,2442.08,-999.00,-999.00,-999.00,186.00,719.07,2951.50,4.00,107.50,12.69,2.00,0.58,0.51,136.87,8.62,2.00,60.00,0.15,13.80,18.08,-999.00,225.55,1.00,13,2.00,2,109.62,125.00,195.20,135;905;955;1297;1366;1389;1412;1573;1615;1728;1760;1773;1941;2151;2483;2484;2521;2655,-999.00,-999.00,-999.00,-999.00,5696037.14,45.32,9.91,27.61,-68.95,-110.52,-89.73,0,60.71,1.00,0.07,83.01,164.87,846.78,1131.84
Rodentia,Cricetidae,Dinaromys,bogdanovi,dinaromys bogdanovi,-999.00,56.00,-999.00,-999.00,-999.00,-999.00,-999.00,-999.00,-999.00,-999.00,30.41,-999.00,-999.00,-999.00,-999.00,2.50,-999.00,-999.00,-999.00,-999.00,-999.00,-999.00,-999.00,-999.00,-999,-999.00,-999,-999.00,-999.00,-999.00,1297;2655,-999.00,-999.00,-999.00,-999.00,117073.50,46.08,39.25,42.67,22.74,14.83,18.79,22,76.02,32.00,-0.03,85.98,74.05,580.27,791.15
Rodentia,Dinomyidae,Dinomys,branickii,dinomys branickii,1.00,12500.00,-999.00,750.00,0.00,-999.00,-999.00,-999.00,4.00,-999.00,252.74,2.00,-999.00,-999.00,-999.00,1.97,-999.00,112.80,769.43,275.00,-999.00,-999.00,-999.00,-999.00,8,1.00,1,-999.00,-999.00,-999.00,543;663;905;1015;1297;2151;2655;3008,-999.00,-999.00,-999.00,-999.00,1963973.90,8.43,-16.39,-3.97,-63.00,-78.65,-70.82,0,6.28,0.00,0.13,191.79,247.54,1445.90,1528.23
Rodentia,Muridae,Diomys,crumpi,diomys crumpi,-999.00,-999.00,-999.00,-999.00,-999.00,-999.00,-999.00,-999.00,-999.00,-999.00,-999.00,-999.00,-999.00,-999.00,-999.00,-999.00,-999.00,-999.00,-999.00,-999.00,-999.00,-999.00,-999.00,-999.00,-999,-999.00,-999,-999.00,-999.00,-999.00,-999,-999.00,-999.00,-999.00,-999.00,283011.21,27.21,22.79,25.00,93.86,85.36,89.61,29,598.07,95.00,0.09,179.24,238.10,964.98,1280.28
Chiroptera,Phyllostomidae,Diphylla,ecaudata,diphylla ecaudata,-999.00,28.11,54.99,78.99,0.00,-999.00,33.91,27.80,1.00,-999.00,-999.00,1.00,-999.00,-999.00,-999.00,0.99,-999.00,-999.00,4.80,-999.00,-999.00,-999.00,-999.00,-999.00,-999,2.00,3,-999.00,-999.00,-999.00,196;358;889;892;1297;1658;1948;2143;2151;2622;2655;2719;3037,-999.00,-999.00,-999.00,-999.00,8019521.93,30.35,-24.70,2.82,-35.16,-102.67,-68.91,0,33.37,0.00,0.12,141.74,237.62,1227.21,1500.76
Carnivora,Viverridae,Diplogale,hosei,diplogale hosei,1.00,-999.00,-999.00,599.13,-999.00,-999.00,-999.00,-999.00,6.00,-999.00,-999.00,1.00,-999.00,-999.00,-999.00,-999.00,-999.00,-999.00,-999.00,-999.00,-999.00,-999.00,-999.00,-999.00,-999,1.00,2,-999.00,-999.00,-999.00,1113,5452.04,-999.00,-999.00,-999.00,14471.88,6.26,4.56,5.41,117.13,115.70,116.42,4,34.39,4.00,0.31,257.68,231.32,1807.65,1879.01
Soricomorpha,Soricidae,Diplomesodon,pulchellum,diplomesodon pulchellum,-999.00,11.00,-999.00,-999.00,-999.00,-999.00,-999.00,-999.00,-999.00,-999.00,-999.00,-999.00,-999.00,-999.00,-999.00,4.99,-999.00,-999.00,-999.00,-999.00,-999.00,-999.00,-999.00,-999.00,-999,-999.00,-999,-999.00,-999.00,-999.00,1297;2655,-999.00,-999.00,-999.00,-999.00,978642.88,50.75,36.97,43.86,77.80,46.88,62.34,0,7.72,0.00,0.03,14.55,102.54,213.96,684.95
Rodentia,Echimyidae,Diplomys,caniceps,diplomys caniceps,1.00,394.49,-999.00,-999.00,-999.00,-999.00,-999.00,-999.00,2.00,-999.00,-999.00,1.00,-999.00,-999.00,-999.00,-999.00,-999.00,-999.00,-999.00,-999.00,-999.00,-999.00,-999.00,1.00,-999,2.00,1,-999.00,-999.00,-999.00,905;2151;2655,-999.00,-999.00,-999.00,-999.00,26895.61,7.12,2.47,4.79,-75.12,-76.65,-75.88,19,159.47,19.00,0.09,177.61,166.88,1515.91,1569.61
Rodentia,Echimyidae,Diplomys,labilis,diplomys labilis,1.00,282.17,-999.00,-999.00,-999.00,-999.00,-999.00,-999.00,2.00,-999.00,55.72,2.00,-999.00,-999.00,-999.00,1.18,-999.00,-999.00,59.50,-999.00,-999.00,-999.00,-999.00,1.00,-999,2.00,1,-999.00,-999.00,-999.00,905;1297;2151;2655;2829,-999.00,-999.00,-999.00,-999.00,140013.69,9.63,-1.69,3.97,-76.41,-80.55,-78.48,2,40.31,3.00,0.11,260.52,245.07,1464.24,1650.26
Rodentia,Echimyidae,Diplomys,rufodorsalis,diplomys rufodorsalis,1.00,144.80,-999.00,-999.00,-999.00,-999.00,-999.00,-999.00,2.00,-999.00,-999.00,1.00,-999.00,-999.00,-999.00,-999.00,-999.00,-999.00,-999.00,-999.00,-999.00,-999.00,-999.00,1.00,-999,2.00,1,-999.00,-999.00,-999.00,905;2151;2655,-999.00,-999.00,-999.00,-999.00,48212.86,10.82,7.52,9.17,-72.49,-74.81,-73.65,7,61.09,10.00,0.09,102.76,238.56,1436.74,1706.96
Rodentia,Muridae,Diplothrix,legata,diplothrix legata,-999.00,-999.00,-999.00,-999.00,-999.00,-999.00,-999.00,-999.00,-999.00,-999.00,-999.00,-999.00,-999.00,-999.00,-999.00,-999.00,-999.00,-999.00,-999.00,-999.00,-999.00,-999.00,-999.00,-999.00,-999,-999.00,-999,-999.00,-999.00,-999.00,-999,-999.00,-999.00,-999.00,-999.00,2170.25,28.51,26.07,27.29,129.72,127.63,128.68,365,365.00,365.00,0.04,-999.00,-999.00,-999.00,-999.00
Rodentia,Muridae,Dipodillus,bottai,dipodillus bottai,-999.00,-999.00,-999.00,-999.00,-999.00,-999.00,-999.00,-999.00,-999.00,-999.00,-999.00,-999.00,-999.00,-999.00,-999.00,-999.00,-999.00,-999.00,-999.00,-999.00,-999.00,-999.00,-999.00,-999.00,-999,-999.00,-999,-999.00,-999.00,-999.00,-999,-999.00,-999.00,-999.00,-999.00,31544.35,15.14,13.01,14.07,34.01,32.06,33.04,18,62.88,18.00,0.07,29.59,279.30,397.81,1480.39
Rodentia,Muridae,Dipodillus,campestris,dipodillus campestris,-999.00,27.58,-999.00,90.79,-999.00,-999.00,-999.00,-999.00,-999.00,-999.00,-999.00,-999.00,-999.00,-999.00,-999.00,4.34,-999.00,-999.00,-999.00,-999.00,-999.00,-999.00,-999.00,-999.00,-999,-999.00,-999,-999.00,-999.00,-999.00,1252;1297;2655,-999.00,-999.00,-999.00,-999.00,3220799.02,37.34,19.18,28.26,33.54,-10.61,11.46,0,34.79,0.00,0.13,8.89,203.85,125.64,1175.05
Rodentia,Muridae,Dipodillus,dasyurus,dipodillus dasyurus,-999.00,27.50,-999.00,83.05,-999.00,-999.00,13.46,27.60,-999.00,-999.00,25.00,-999.00,-999.00,-999.00,-999.00,3.88,-999.00,-999.00,-999.00,-999.00,-999.00,-999.00,-999.00,-999.00,-999,-999.00,-999,-999.00,-999.00,-999.00,771;1269;1297;2655;2978,-999.00,-999.00,-999.00,-999.00,1314357.85,33.62,13.92,23.77,59.83,32.41,46.12,0,34.39,1.00,0.15,8.78,222.72,162.44,1263.69
Rodentia,Muridae,Dipodillus,harwoodi,dipodillus harwoodi,-999.00,-999.00,-999.00,-999.00,-999.00,-999.00,-999.00,-999.00,-999.00,-999.00,-999.00,-999.00,-999.00,-999.00,-999.00,-999.00,-999.00,-999.00,-999.00,-999.00,-999.00,-999.00,-999.00,-999.00,-999,-999.00,-999,-999.00,-999.00,-999.00,-999,-999.00,-999.00,-999.00,-999.00,207700.84,-0.42,-7.13,-3.77,37.26,32.80,35.03,6,57.06,7.00,0.18,71.33,208.58,891.39,1560.75
Rodentia,Muridae,Dipodillus,jamesi,dipodillus jamesi,-999.00,-999.00,-999.00,-999.00,-999.00,-999.00,-999.00,-999.00,-999.00,-999.00,-999.00,-999.00,-999.00,-999.00,-999.00,-999.00,-999.00,-999.00,-999.00,-999.00,-999.00,-999.00,-999.00,-999.00,-999,-999.00,-999,-999.00,-999.00,-999.00,-999,-999.00,-999.00,-999.00,-999.00,814.17,36.36,35.96,36.16,10.54,10.24,10.39,121,194.02,121.00,0.12,28.98,190.01,421.30,1008.00
Rodentia,Muridae,Dipodillus,lowei,dipodillus lowei,-999.00,-999.00,-999.00,-999.00,-999.00,-999.00,-999.00,-999.00,-999.00,-999.00,-999.00,-999.00,-999.00,-999.00,-999.00,-999.00,-999.00,-999.00,-999.00,-999.00,-999.00,-999.00,-999.00,-999.00,-999,-999.00,-999,-999.00,-999.00,-999.00,-999,-999.00,-999.00,-999.00,-999.00,6901.71,13.68,12.65,13.16,24.82,24.10,24.46,14,22.50,14.00,0.18,33.00,206.00,459.19,1621.68
Rodentia,Muridae,Dipodillus,mackilligini,dipodillus mackilligini,-999.00,-999.00,-999.00,-999.00,-999.00,-999.00,-999.00,-999.00,-999.00,-999.00,-999.00,-999.00,-999.00,-999.00,-999.00,-999.00,-999.00,-999.00,-999.00,-999.00,-999.00,-999.00,-999.00,-999.00,-999,-999.00,-999,-999.00,-999.00,-999.00,-999,-999.00,-999.00,-999.00,-999.00,107414.97,23.74,20.60,22.17,31.52,27.79,29.66,0,1.57,0.00,0.10,0.05,242.05,4.67,1263.19
Rodentia,Muridae,Dipodillus,maghrebi,dipodillus maghrebi,-999.00,-999.00,-999.00,-999.00,-999.00,-999.00,-999.00,-999.00,-999.00,-999.00,-999.00,-999.00,-999.00,-999.00,-999.00,-999.00,-999.00,-999.00,-999.00,-999.00,-999.00,-999.00,-999.00,-999.00,-999,-999.00,-999,-999.00,-999.00,-999.00,-999,-999.00,-999.00,-999.00,-999.00,1026.27,34.75,34.39,34.57,-4.45,-4.81,-4.63,60,96.75,60.00,0.05,59.47,158.03,496.29,1277.96
Macroscelidea,Macroscelididae,Elephantulus,fuscus,elephantulus fuscus,-999.00,-999.00,-999.00,-999.00,-999.00,-999.00,-999.00,-999.00,1.00,-999.00,-999.00,-999.00,-999.00,-999.00,-999.00,1.39,-999.00,-999.00,-999.00,-999.00,-999.00,-999.00,-999.00,-999.00,-999,-999.00,3,-999.00,-999.00,-999.00,1297;2629,-999.00,-999.00,-999.00,-999.00,269841.51,-13.60,-20.25,-16.92,37.00,29.92,33.46,1,36.08,3.50,0.24,81.71,233.81,915.24,1519.30
Macroscelidea,Macroscelididae,Elephantulus,intufi,elephantulus intufi,3.00,48.90,-999.00,117.61,-999.00,-999.00,52.08,46.50,1.00,-999.00,51.00,2.00,-999.00,-999.00,67.00,1.55,-999.00,105.60,10.00,-999.00,-999.00,-999.00,251.19,-999.00,-999,1.00,3,36.49,-999.00,-999.00,543;775;1297;1585;1822;1902;2113;2115;2151;2259;2391;2396;2629;2655;3075,-999.00,2.59,-999.00,-999.00,1304584.51,-11.29,-28.60,-19.94,30.52,11.73,21.12,0,3.70,0.00,0.09,30.69,194.25,440.49,1354.79
Macroscelidea,Macroscelididae,Elephantulus,myurus,elephantulus myurus,3.00,59.51,-999.00,128.25,-999.00,-999.00,78.24,65.20,3.00,-999.00,50.66,1.00,-999.00,-999.00,49.00,1.84,3.00,13.20,8.10,-999.00,-999.00,-999.00,39.82,-999.00,-999,1.00,2,22.82,-999.00,-999.00,543;625;1297;1585;1822;1849;2113;2115;2151;2259;2396;2629;2655;3075;3076,-999.00,-999.00,-999.00,-999.00,1016019.35,-14.67,-31.48,-23.07,33.33,23.60,28.47,1,30.91,3.00,0.13,56.42,191.83,733.21,1319.33
Macroscelidea,Macroscelididae,Elephantulus,revoili,elephantulus revoili,-999.00,32.49,-999.00,-999.00,-999.00,-999.00,-999.00,-999.00,-999.00,-999.00,-999.00,-999.00,-999.00,-999.00,-999.00,-999.00,-999.00,-999.00,-999.00,-999.00,-999.00,-999.00,-999.00,-999.00,-999,-999.00,-999,-999.00,-999.00,-999.00,2655,-999.00,-999.00,-999.00,-999.00,127810.00,11.32,8.20,9.76,49.68,41.79,45.73,1,11.59,2.00,0.04,18.06,243.20,243.78,1757.37
Macroscelidea,Macroscelididae,Elephantulus,rozeti,elephantulus rozeti,-999.00,43.07,-999.00,-999.00,-999.00,-999.00,-999.00,-999.00,-999.00,-999.00,75.00,2.00,-999.00,-999.00,-999.00,2.13,2.00,36.00,-999.00,-999.00,-999.00,-999.00,-999.00,-999.00,-999,1.00,-999,-999.00,-999.00,-999.00,543;1297;2113;2115;2391;2578;2655,-999.00,-999.00,-999.00,-999.00,847148.97,37.34,27.86,32.60,15.62,-9.94,2.83,0,91.99,2.00,0.11,24.66,170.09,326.17,1155.82
Macroscelidea,Macroscelididae,Elephantulus,rufescens,elephantulus rufescens,2.00,52.78,-999.00,249.83,0.00,144.00,56.86,53.00,5.00,-999.00,57.00,1.00,2.648142e-03,3.0428e-03,92.60,1.41,-999.00,72.00,10.29,-999.00,200.00,-999.00,61.87,1.00,6,1.00,2,24.85,-999.00,-999.00,477;543;775;966;1297;1573;1585;1657;1822;1834;1901;1947;2113;2114;2115;2151;2390;2391;2392;2655;2842,-999.00,2.20,-999.00,-999.00,1140379.85,10.33,-7.94,1.19,45.94,29.12,37.53,0,40.38,1.00,0.11,54.57,236.10,786.77,1586.51
Macroscelidea,Macroscelididae,Elephantulus,rupestris,elephantulus rupestris,-999.00,65.56,-999.00,122.15,-999.00,-999.00,-999.00,-999.00,-999.00,-999.00,56.00,2.00,-999.00,-999.00,-999.00,1.84,-999.00,-999.00,-999.00,-999.00,-999.00,-999.00,-999.00,-999.00,-999,1.00,-999,-999.00,-999.00,-999.00,1297;1902;2391;2396;2629;2655;3075,-999.00,-999.00,-999.00,-999.00,627256.04,-16.96,-34.21,-25.59,27.28,11.71,19.50,0,6.70,0.00,0.07,17.96,170.18,301.90,1164.66
Proboscidea,Elephantidae,Elephas,maximus,elephas maximus,2.00,3269794.34,-999.00,1919.20,0.00,4745.00,-999.00,-999.00,3.00,-999.00,634.49,1.00,38.36,28.08,1186.25,1.41,-999.00,960.00,97000.00,-999.00,0.53,-999.00,4014.43,7.75,2,1.00,1,218.26,-999.00,-999.00,511;543;679;730;899;1297;1573;1577;1594;1878;2017;2195;2610;2655;2759;2986,-999.00,0.60,-999.00,-999.00,1429082.59,30.55,-5.94,12.30,119.26,74.40,96.83,1,127.55,7.00,0.10,172.63,225.61,1248.96,1539.32
Rodentia,Cricetidae,Eligmodontia,moreni,eligmodontia moreni,-999.00,18.00,-999.00,-999.00,-999.00,-999.00,-999.00,-999.00,-999.00,-999.00,-999.00,-999.00,-999.00,-999.00,-999.00,-999.00,-999.00,-999.00,-999.00,-999.00,-999.00,-999.00,-999.00,-999.00,-999,-999.00,-999,-999.00,-999.00,-999.00,2655,-999.00,-999.00,-999.00,-999.00,14673.54,-24.51,-28.56,-26.53,-65.77,-66.72,-66.25,1,5.60,1.00,0.07,48.85,41.43,548.10,1237.14
Rodentia,Cricetidae,Eligmodontia,morgani,eligmodontia morgani,-999.00,16.50,-999.00,-999.00,-999.00,-999.00,-999.00,-999.00,-999.00,-999.00,-999.00,-999.00,-999.00,-999.00,-999.00,-999.00,-999.00,-999.00,-999.00,-999.00,-999.00,-999.00,-999.00,-999.00,-999,-999.00,-999,-999.00,-999.00,-999.00,2655,-999.00,-999.00,-999.00,-999.00,213111.63,-39.83,-48.02,-43.92,-65.87,-72.17,-69.02,0,1.01,0.00,0.06,37.02,70.45,353.94,592.94
Rodentia,Cricetidae,Eligmodontia,puerulus,eligmodontia puerulus,-999.00,28.49,-999.00,-999.00,-999.00,-999.00,-999.00,-999.00,-999.00,-999.00,-999.00,-999.00,-999.00,-999.00,-999.00,-999.00,-999.00,-999.00,-999.00,-999.00,-999.00,-999.00,-999.00,-999.00,-999,-999.00,-999,-999.00,-999.00,-999.00,2655,-999.00,-999.00,-999.00,-999.00,423135.02,-14.16,-28.10,-21.13,-65.29,-71.23,-68.26,0,11.75,0.00,0.05,45.53,17.00,475.88,1236.43
Rodentia,Cricetidae,Eligmodontia,typus,eligmodontia typus,1.00,17.37,-999.00,-999.00,13.50,-999.00,29.99,17.50,1.00,-999.00,18.38,2.00,-999.00,-999.00,-999.00,6.24,-999.00,9.60,1.72,-999.00,-999.00,-999.00,55.55,-999.00,-999,1.00,1,-999.00,-999.00,-999.00,543;890;1297;1822;1875;2655,-999.00,-999.00,-999.00,-999.00,587545.76,-29.95,-52.38,-41.17,-58.74,-70.62,-64.68,0,12.97,0.00,0.07,26.64,116.00,357.13,736.23
Rodentia,Gliridae,Eliomys,melanurus,eliomys melanurus,-999.00,100.36,-999.00,137.50,-999.00,-999.00,-999.00,-999.00,4.00,-999.00,25.00,-999.00,-999.00,-999.00,-999.00,4.99,-999.00,-999.00,-999.00,-999.00,-999.00,-999.00,-999.00,-999.00,-999,-999.00,2,-999.00,-999.00,-999.00,899;2655,-999.00,-999.00,-999.00,-999.00,313223.51,38.05,15.43,26.74,45.04,32.55,38.79,1,127.92,2.00,0.21,23.64,178.88,267.20,1284.64
Rodentia,Gliridae,Eliomys,munbyanus,eliomys munbyanus,-999.00,-999.00,-999.00,-999.00,-999.00,-999.00,-999.00,-999.00,-999.00,-999.00,-999.00,-999.00,-999.00,-999.00,-999.00,-999.00,-999.00,-999.00,-999.00,-999.00,-999.00,-999.00,-999.00,-999.00,-999,-999.00,-999,-999.00,-999.00,-999.00,-999,-999.00,-999.00,-999.00,-999.00,-999.00,-999.00,-999.00,-999.00,-999.00,-999.00,-999.00,-999,-999.00,-999.00,-999.00,-999.00,-999.00,-999.00,-999.00
Rodentia,Gliridae,Eliomys,quercinus,eliomys quercinus,1.00,114.61,-999.00,138.74,21.00,-999.00,-999.00,-999.00,5.00,-999.00,22.97,2.00,-999.00,-999.00,-999.00,4.99,1.00,66.00,-999.00,-999.00,147.93,-999.00,566.36,-999.00,8,2.00,2,34.80,-999.00,-999.00,295;543;1015;1297;2057;2151;2655,-999.00,-999.00,-999.00,-999.00,3870497.26,59.99,25.83,42.91,52.94,-12.98,19.97,0,104.35,2.00,0.03,44.52,112.39,411.33,789.69
Rodentia,Nesomyidae,Eliurus,antsingy,eliurus antsingy,-999.00,-999.00,-999.00,-999.00,-999.00,-999.00,-999.00,-999.00,-999.00,-999.00,-999.00,-999.00,-999.00,-999.00,-999.00,-999.00,-999.00,-999.00,-999.00,-999.00,-999.00,-999.00,-999.00,-999.00,-999,-999.00,-999,-999.00,-999.00,-999.00,-999,-999.00,-999.00,-999.00,-999.00,-999.00,-999.00,-999.00,-999.00,-999.00,-999.00,-999.00,-999,-999.00,-999.00,-999.00,-999.00,-999.00,-999.00,-999.00
Rodentia,Nesomyidae,Eliurus,ellermani,eliurus ellermani,-999.00,100.00,-999.00,-999.00,-999.00,-999.00,-999.00,-999.00,-999.00,-999.00,-999.00,-999.00,-999.00,-999.00,-999.00,-999.00,-999.00,-999.00,-999.00,-999.00,-999.00,-999.00,-999.00,-999.00,-999,-999.00,-999,-999.00,-999.00,-999.00,2655,-999.00,-999.00,-999.00,-999.00,-999.00,-999.00,-999.00,-999.00,-999.00,-999.00,-999.00,-999,-999.00,-999.00,-999.00,-999.00,-999.00,-999.00,-999.00
Rodentia,Nesomyidae,Eliurus,grandidieri,eliurus grandidieri,-999.00,-999.00,-999.00,-999.00,-999.00,-999.00,-999.00,-999.00,-999.00,-999.00,-999.00,-999.00,-999.00,-999.00,-999.00,-999.00,-999.00,-999.00,-999.00,-999.00,-999.00,-999.00,-999.00,-999.00,-999,-999.00,-999,-999.00,-999.00,-999.00,-999,-999.00,-999.00,-999.00,-999.00,-999.00,-999.00,-999.00,-999.00,-999.00,-999.00,-999.00,-999,-999.00,-999.00,-999.00,-999.00,-999.00,-999.00,-999.00
Rodentia,Nesomyidae,Eliurus,majori,eliurus majori,-999.00,100.00,-999.00,-999.00,-999.00,-999.00,-999.00,-999.00,-999.00,-999.00,-999.00,-999.00,-999.00,-999.00,-999.00,-999.00,-999.00,-999.00,-999.00,-999.00,-999.00,-999.00,-999.00,-999.00,-999,-999.00,-999,-999.00,-999.00,-999.00,2655,-999.00,-999.00,-999.00,-999.00,68679.86,-12.44,-22.94,-17.69,50.47,46.70,48.59,8,38.03,11.00,0.17,174.65,197.68,1359.57,1598.93
Rodentia,Nesomyidae,Eliurus,minor,eliurus minor,1.00,57.53,-999.00,128.24,-999.00,-999.00,-999.00,-999.00,-999.00,-999.00,-999.00,1.00,-999.00,-999.00,-999.00,-999.00,-999.00,-999.00,-999.00,-999.00,-999.00,-999.00,-999.00,-999.00,-999,2.00,-999,-999.00,-999.00,-999.00,899;2152;2333;2655;2723,-999.00,-999.00,-999.00,-999.00,72857.79,-14.08,-22.99,-18.53,50.48,46.77,48.62,8,45.96,11.00,0.18,187.18,197.29,1362.27,1596.01
Rodentia,Nesomyidae,Eliurus,myoxinus,eliurus myoxinus,1.00,69.76,-999.00,127.50,-999.00,-999.00,-999.00,-999.00,3.00,-999.00,23.99,2.00,-999.00,-999.00,-999.00,-999.00,-999.00,-999.00,-999.00,-999.00,-999.00,-999.00,-999.00,-999.00,-999,2.00,2,-999.00,-999.00,-999.00,1045;2152;2333;2655,-999.00,-999.00,-999.00,-999.00,92064.60,-12.58,-25.47,-19.02,49.52,43.22,46.37,2,11.35,2.00,0.19,82.98,240.91,880.11,1636.25
Rodentia,Nesomyidae,Eliurus,penicillatus,eliurus penicillatus,-999.00,100.00,-999.00,-999.00,-999.00,-999.00,-999.00,-999.00,-999.00,-999.00,-999.00,-999.00,-999.00,-999.00,-999.00,-999.00,-999.00,-999.00,-999.00,-999.00,-999.00,-999.00,-999.00,-999.00,-999,-999.00,-999,-999.00,-999.00,-999.00,2655,-999.00,-999.00,-999.00,-999.00,118.48,-20.41,-20.52,-20.46,47.70,47.59,47.65,33,37.49,33.00,0.17,188.97,170.49,1412.47,1517.51
Rodentia,Nesomyidae,Eliurus,petteri,eliurus petteri,-999.00,75.00,-999.00,-999.00,-999.00,-999.00,-999.00,-999.00,-999.00,-999.00,-999.00,-999.00,-999.00,-999.00,-999.00,-999.00,-999.00,-999.00,-999.00,-999.00,-999.00,-999.00,-999.00,-999.00,-999,-999.00,-999,-999.00,-999.00,-999.00,2655,-999.00,-999.00,-999.00,-999.00,-999.00,-999.00,-999.00,-999.00,-999.00,-999.00,-999.00,-999,-999.00,-999.00,-999.00,-999.00,-999.00,-999.00,-999.00
Rodentia,Nesomyidae,Eliurus,tanala,eliurus tanala,-999.00,89.99,-999.00,-999.00,-999.00,-999.00,-999.00,-999.00,-999.00,-999.00,-999.00,-999.00,-999.00,-999.00,-999.00,-999.00,-999.00,-999.00,-999.00,-999.00,-999.00,-999.00,-999.00,-999.00,-999,-999.00,-999,-999.00,-999.00,-999.00,2655,-999.00,-999.00,-999.00,-999.00,29102.38,-17.45,-22.96,-20.20,49.14,46.76,47.95,8,44.55,13.00,0.18,191.57,191.96,1332.76,1538.74
Rodentia,Nesomyidae,Eliurus,webbi,eliurus webbi,-999.00,61.13,-999.00,-999.00,-999.00,-999.00,-999.00,-999.00,1.00,-999.00,-999.00,-999.00,-999.00,-999.00,-999.00,-999.00,-999.00,-999.00,-999.00,-999.00,-999.00,2.00,-999.00,-999.00,-999,-999.00,1,-999.00,-999.00,-999.00,1048;1133;2655;2723,-999.00,-999.00,-999.00,-999.00,85117.66,-12.35,-23.07,-17.71,50.46,46.78,48.62,8,43.45,11.00,0.17,178.33,200.16,1366.14,1588.21
Rodentia,Cricetidae,Ellobius,alaicus,ellobius alaicus,-999.00,-999.00,-999.00,-999.00,-999.00,-999.00,-999.00,-999.00,-999.00,-999.00,-999.00,-999.00,-999.00,-999.00,-999.00,-999.00,-999.00,-999.00,-999.00,-999.00,-999.00,-999.00,-999.00,-999.00,-999,-999.00,-999,-999.00,-999.00,-999.00,-999,-999.00,-999.00,-999.00,-999.00,2999.15,39.94,39.58,39.76,73.51,72.21,72.86,5,13.50,5.00,0.03,19.00,-55.25,196.00,852.75
Rodentia,Cricetidae,Ellobius,fuscocapillus,ellobius fuscocapillus,-999.00,80.00,-999.00,-999.00,-999.00,-999.00,-999.00,-999.00,1.00,-999.00,-999.00,-999.00,-999.00,-999.00,-999.00,3.46,-999.00,-999.00,-999.00,-999.00,-999.00,-999.00,-999.00,-999.00,-999,-999.00,1,-999.00,-999.00,-999.00,679;1297;2655,-999.00,-999.00,-999.00,-999.00,560273.09,40.42,30.23,35.33,54.58,43.61,49.09,6,71.80,12.00,0.10,36.01,116.19,376.30,1116.72
Rodentia,Cricetidae,Ellobius,lutescens,ellobius lutescens,-999.00,-999.00,-999.00,-999.00,-999.00,-999.00,-999.00,-999.00,-999.00,-999.00,-999.00,-999.00,-999.00,-999.00,-999.00,4.66,-999.00,-999.00,-999.00,-999.00,-999.00,-999.00,-999.00,-999.00,-999,-999.00,-999,-999.00,-999.00,-999.00,1297,-999.00,-999.00,-999.00,-999.00,703238.29,40.51,29.11,34.81,71.93,50.82,61.38,1,35.63,5.00,0.18,28.17,107.89,311.01,1090.44
Rodentia,Cricetidae,Ellobius,talpinus,ellobius talpinus,-999.00,40.00,-999.00,-999.00,-999.00,152.08,-999.00,-999.00,-999.00,-999.00,26.00,1.00,-999.00,-999.00,35.00,3.67,4.00,-999.00,-999.00,-999.00,-999.00,-999.00,91.53,-999.00,-999,1.00,-999,59.99,-999.00,-999.00,1297;2073;2655,-999.00,-999.00,-999.00,-999.00,3707268.83,58.18,35.83,47.00,88.83,31.19,60.01,0,19.98,1.00,0.01,24.94,47.50,321.71,553.91
Rodentia,Cricetidae,Ellobius,tancrei,ellobius tancrei,-999.00,-999.00,-999.00,-999.00,-999.00,-999.00,-999.00,-999.00,-999.00,-999.00,-999.00,-999.00,-999.00,-999.00,-999.00,-999.00,-999.00,-999.00,-999.00,-999.00,-999.00,-999.00,-999.00,-999.00,-999,-999.00,-999,-999.00,-999.00,-999.00,-999,-999.00,-999.00,-999.00,-999.00,4105446.50,51.60,36.04,43.82,117.11,58.86,87.99,0,13.96,0.00,0.04,18.48,27.55,230.11,635.38
Chiroptera,Emballonuridae,Emballonura,alecto,emballonura alecto,1.00,5.25,45.99,-999.00,-999.00,-999.00,-999.00,-999.00,-999.00,-999.00,-999.00,1.00,-999.00,-999.00,-999.00,-999.00,-999.00,-999.00,-999.00,-999.00,-999.00,-999.00,-999.00,-999.00,-999,2.00,-999,-999.00,-999.00,-999.00,889;1439;1658;2151;2655,-999.00,-999.00,-999.00,-999.00,1034172.29,18.65,-8.03,5.30,131.74,107.96,119.85,1,100.00,4.00,0.13,239.99,241.82,1651.05,1736.94
Chiroptera,Emballonuridae,Emballonura,atrata,emballonura atrata,2.00,4.55,38.24,57.50,-999.00,-999.00,-999.00,-999.00,1.00,-999.00,-999.00,1.00,-999.00,-999.00,-999.00,-999.00,-999.00,-999.00,-999.00,-999.00,-999.00,-999.00,-999.00,-999.00,-999,2.00,3,-999.00,-999.00,-999.00,889;1048;1658;2151,-999.00,-999.00,-999.00,-999.00,130634.93,-13.10,-25.60,-19.35,50.48,43.61,47.04,8,38.04,10.00,0.18,141.88,211.89,1185.90,1664.46
Chiroptera,Emballonuridae,Emballonura,beccarii,emballonura beccarii,1.00,4.31,41.00,-999.00,-999.00,-999.00,-999.00,-999.00,-999.00,-999.00,-999.00,1.00,-999.00,-999.00,-999.00,-999.00,-999.00,-999.00,-999.00,-999.00,-999.00,-999.00,-999.00,-999.00,-999,2.00,-999,-999.00,-999.00,-999.00,889;1658;2151;2622;2655,-999.00,-999.00,-999.00,-999.00,150538.97,-0.62,-9.91,-5.27,153.01,135.37,144.19,1,13.27,2.00,0.10,312.79,195.68,1662.75,1682.18
Chiroptera,Emballonuridae,Emballonura,dianae,emballonura dianae,1.00,-999.00,44.49,-999.00,-999.00,-999.00,-999.00,-999.00,-999.00,-999.00,-999.00,1.00,-999.00,-999.00,-999.00,-999.00,-999.00,-999.00,-999.00,-999.00,-999.00,-999.00,-999.00,-999.00,-999,2.00,-999,-999.00,-999.00,-999.00,889;1658;2151,13.21,-999.00,-999.00,-999.00,75205.95,-2.95,-11.85,-7.40,161.39,141.09,151.24,1,10.51,1.00,0.15,343.56,211.30,1663.23,1663.50
Chiroptera,Emballonuridae,Emballonura,furax,emballonura furax,1.00,-999.00,47.50,-999.00,-999.00,-999.00,-999.00,-999.00,-999.00,-999.00,-999.00,1.00,-999.00,-999.00,-999.00,-999.00,-999.00,-999.00,-999.00,-999.00,-999.00,-999.00,-999.00,-999.00,-999,2.00,-999,-999.00,-999.00,-999.00,889;1658;2151,15.94,-999.00,-999.00,-999.00,143071.76,-1.59,-8.17,-4.88,146.43,135.41,140.92,1,9.62,1.00,0.08,350.99,213.49,1659.63,1661.47
Chiroptera,Emballonuridae,Emballonura,monticola,emballonura monticola,1.00,5.35,44.00,-999.00,-999.00,-999.00,-999.00,-999.00,1.00,-999.00,-999.00,1.00,-999.00,-999.00,-999.00,1.00,-999.00,-999.00,-999.00,-999.00,-999.00,-999.00,-999.00,-999.00,-999,2.00,3,-999.00,-999.00,-999.00,196;889;1297;1658;2143;2151;2655;2719,-999.00,-999.00,-999.00,-999.00,1495997.23,11.67,-8.78,1.44,125.24,95.18,110.21,1,149.09,4.00,0.12,233.86,246.94,1670.07,1753.66
Chiroptera,Emballonuridae,Emballonura,raffrayana,emballonura raffrayana,1.00,5.61,42.50,-999.00,-999.00,-999.00,-999.00,-999.00,-999.00,-999.00,-999.00,1.00,-999.00,-999.00,-999.00,-999.00,-999.00,-999.00,-999.00,-999.00,-999.00,-999.00,-999.00,-999.00,-999,2.00,-999,-999.00,-999.00,-999.00,196;889;1658;2151;2622;2655,-999.00,-999.00,-999.00,-999.00,432542.20,2.22,-9.94,-3.86,161.39,118.75,140.07,1,44.26,2.00,0.10,257.66,222.55,1703.33,1726.73
Chiroptera,Emballonuridae,Emballonura,semicaudata,emballonura semicaudata,1.00,6.29,46.50,47.00,-999.00,-999.00,-999.00,-999.00,-999.00,-999.00,-999.00,1.00,-999.00,-999.00,-999.00,-999.00,-999.00,-999.00,-999.00,-999.00,-999.00,-999.00,-999.00,-999.00,-999,2.00,-999,-999.00,-999.00,-999.00,196;889;892;1658;2143;2151;2655,-999.00,-999.00,-999.00,-999.00,2369.52,15.29,-21.01,-2.86,179.99,-179.99,0.00,38,83.46,38.00,0.10,-999.00,-999.00,-999.00,-999.00
Chiroptera,Emballonuridae,Emballonura,serii,emballonura serii,-999.00,-999.00,-999.00,-999.00,-999.00,-999.00,-999.00,-999.00,-999.00,-999.00,-999.00,-999.00,-999.00,-999.00,-999.00,-999.00,-999.00,-999.00,-999.00,-999.00,-999.00,-999.00,-999.00,-999.00,-999,-999.00,-999,-999.00,-999.00,-999.00,-999,-999.00,-999.00,-999.00,-999.00,1213.29,-1.97,-3.58,-2.77,152.32,147.31,149.82,10,11.75,10.00,0.09,194.00,251.00,-999.00,-999.00
Chiroptera,Phyllostomidae,Enchisthenes,hartii,enchisthenes hartii,-999.00,16.99,39.82,-999.00,-999.00,-999.00,-999.00,-999.00,1.00,-999.00,-999.00,1.00,-999.00,-999.00,-999.00,0.99,-999.00,-999.00,-999.00,-999.00,-999.00,-999.00,-999.00,-999.00,-999,2.00,1,-999.00,-999.00,-999.00,196;889;1297;1316;1658;2151;2622;2655;2719,-999.00,-999.00,-999.00,-999.00,3507398.71,24.03,-17.72,3.15,-60.62,-105.67,-83.15,0,45.36,1.00,0.12,140.17,219.71,1258.37,1569.93
Chiroptera,Vespertilionidae,Hesperoptenus,doriae,hesperoptenus doriae,-999.00,-999.00,40.00,-999.00,-999.00,-999.00,-999.00,-999.00,-999.00,-999.00,-999.00,1.00,-999.00,-999.00,-999.00,-999.00,-999.00,-999.00,-999.00,-999.00,-999.00,-999.00,-999.00,-999.00,-999,2.00,-999,-999.00,-999.00,-999.00,1658;2151,9.74,-999.00,-999.00,-999.00,6872.68,4.61,2.33,3.47,113.59,101.61,107.60,2,14.90,2.00,0.14,240.39,244.45,1680.05,1708.87
Chiroptera,Vespertilionidae,Hesperoptenus,gaskelli,hesperoptenus gaskelli,-999.00,-999.00,39.50,-999.00,-999.00,-999.00,-999.00,-999.00,-999.00,-999.00,-999.00,1.00,-999.00,-999.00,-999.00,-999.00,-999.00,-999.00,-999.00,-999.00,-999.00,-999.00,-999.00,-999.00,-999,2.00,-999,-999.00,-999.00,-999.00,1658;2151,9.40,-999.00,-999.00,-999.00,8.89,-1.83,-1.86,-1.85,121.51,121.48,121.50,17,17.00,17.00,0.13,237.00,206.00,1795.00,1923.00
Chiroptera,Vespertilionidae,Hesperoptenus,tickelli,hesperoptenus tickelli,-999.00,16.30,54.99,-999.00,-999.00,-999.00,-999.00,-999.00,-999.00,-999.00,-999.00,1.00,-999.00,-999.00,-999.00,1.00,-999.00,-999.00,-999.00,-999.00,-999.00,-999.00,-999.00,-999.00,-999,2.00,-999,-999.00,-999.00,-999.00,1297;1658;2151;2622;2655,-999.00,-999.00,-999.00,-999.00,425021.10,28.64,6.44,17.54,102.57,72.71,87.64,6,295.17,39.00,0.08,129.82,232.52,917.79,1490.22
Chiroptera,Vespertilionidae,Hesperoptenus,tomesi,hesperoptenus tomesi,-999.00,-999.00,52.00,-999.00,-999.00,-999.00,-999.00,-999.00,-999.00,-999.00,-999.00,1.00,-999.00,-999.00,-999.00,-999.00,-999.00,-999.00,-999.00,-999.00,-999.00,-999.00,-999.00,-999.00,-999,2.00,-999,-999.00,-999.00,-999.00,1658;2151,20.66,-999.00,-999.00,-999.00,4472.42,5.66,2.66,4.16,117.28,102.06,109.67,4,29.71,4.00,0.23,224.26,240.35,1755.75,1828.66
Rodentia,Bathyergidae,Heterocephalus,glaber,heterocephalus glaber,2.00,39.36,-999.00,129.61,29.00,-999.00,25.74,39.25,1.00,-999.00,70.49,1.00,4.215132e-03,3.954543e-03,81.10,11.30,4.50,120.00,1.86,-999.00,11100.00,180.00,-999.00,-999.00,-999,1.00,1,27.28,11.00,-999.00,230;231;242;244;245;247;543;740;1297;1481;1573;1822;1849;1944;2604;2655,-999.00,-999.00,-999.00,-999.00,1324439.84,11.98,-3.07,4.45,51.41,36.27,43.84,1,17.06,1.00,0.08,34.35,239.05,520.98,1660.98
Hyracoidea,Procaviidae,Heterohyrax,brucei,heterohyrax brucei,3.00,2453.66,-999.00,468.99,-999.00,-999.00,669.24,1287.00,5.00,638.75,228.12,2.00,-999.00,-999.00,365.00,1.89,1.00,168.00,225.00,-999.00,5751.97,34.00,510.44,17.50,6,2.00,1,129.04,-999.00,-999.00,202;543;1297;1355;1822;1848;2151;2629;2655,-999.00,-999.00,-999.00,-999.00,6954996.20,31.60,-24.22,3.69,51.41,0.06,25.74,0,35.56,0.00,0.14,61.08,227.27,696.84,1512.99
Rodentia,Heteromyidae,Heteromys,anomalus,heteromys anomalus,1.00,69.06,-999.00,-999.00,21.00,-999.00,100.48,69.30,3.00,-999.00,-999.00,1.00,-999.00,-999.00,-999.00,2.83,-999.00,-999.00,3.29,-999.00,252.07,-999.00,-999.00,1.00,-999,1.00,2,-999.00,-999.00,-999.00,730;905;1297;1822;2151;2159;2477;2655,-999.00,-999.00,-999.00,-999.00,238956.98,12.46,7.34,9.90,-62.88,-74.24,-68.56,6,89.66,8.00,0.11,85.60,243.84,1338.21,1798.04
Rodentia,Heteromyidae,Heteromys,australis,heteromys australis,1.00,267.49,-999.00,-999.00,-999.00,-999.00,-999.00,-999.00,2.00,-999.00,-999.00,1.00,-999.00,-999.00,-999.00,2.75,-999.00,-999.00,-999.00,-999.00,-999.00,-999.00,-999.00,1.00,-999,1.00,1,-999.00,-999.00,-999.00,905;1297;2151;2655,-999.00,-999.00,-999.00,-999.00,33112.20,9.45,6.37,7.91,-76.83,-78.83,-77.83,2,9.31,3.00,0.10,217.57,251.17,1556.72,1708.28
Rodentia,Heteromyidae,Heteromys,desmarestianus,heteromys desmarestianus,1.00,74.00,-999.00,-999.00,19.00,-999.00,98.99,75.80,2.00,-999.00,27.86,1.00,1.025001e-03,1.307261e-03,-999.00,3.06,3.25,-999.00,3.00,-999.00,656.45,-999.00,237.85,1.00,-999,1.00,1,29.77,-999.00,-999.00,730;905;981;982;1297;1822;1849;1876;2151;2655,-999.00,-999.00,-999.00,-999.00,479714.68,18.88,6.72,12.80,-76.56,-93.96,-85.26,2,56.14,4.00,0.14,167.46,231.65,1340.95,1641.89
Rodentia,Chinchillidae,Lagostomus,maximus,lagostomus maximus,2.00,4660.94,-999.00,523.73,0.00,365.00,1899.52,6784.00,4.00,623.65,155.73,2.00,0.01,0.01,-999.00,1.93,1.25,112.80,196.00,-999.00,-999.00,22.50,287.76,9.10,4,1.00,1,55.68,543.46,-999.00,443;444;445;446;511;543;890;1297;1462;1573;1594;1822;1849;2151;2342;2655;2990,-999.00,-999.00,-999.00,-999.00,1907434.12,-18.85,-41.06,-29.96,-56.42,-69.98,-63.20,0,17.08,0.00,0.08,57.73,163.47,700.97,1041.28
Diprotodontia,Macropodidae,Lagostrophus,fasciatus,lagostrophus fasciatus,1.00,1933.48,-999.00,-999.00,-999.00,-999.00,-999.00,-999.00,4.00,-999.00,-999.00,1.00,-999.00,-999.00,365.00,0.90,-999.00,48.00,-999.00,-999.00,87.99,-999.00,391.96,-999.00,-999,1.00,1,269.23,359.99,-999.00,511;543;899;955;1297;1760;2655;2986,-999.00,1.10,-999.00,-999.00,708.99,-24.76,-26.16,-25.46,113.22,112.91,113.06,0,0.00,0.00,-999.00,-999.00,-999.00,-999.00,-999.00
Primates,Atelidae,Lagothrix,cana,lagothrix cana,-999.00,-999.00,-999.00,-999.00,-999.00,-999.00,-999.00,-999.00,-999.00,-999.00,-999.00,-999.00,-999.00,-999.00,-999.00,-999.00,-999.00,-999.00,-999.00,-999.00,-999.00,-999.00,-999.00,-999.00,-999,-999.00,-999,-999.00,-999.00,-999.00,-999,-999.00,-999.00,-999.00,-999.00,1686027.51,-2.38,-14.39,-8.39,-55.15,-76.19,-65.67,0,3.08,0.00,0.17,174.31,242.88,1381.48,1561.54
Primates,Atelidae,Lagothrix,lagotricha,lagothrix lagotricha,3.00,6263.69,-999.00,536.39,-999.00,2766.70,-999.00,-999.00,4.00,-999.00,223.99,1.00,2.82,4.00,638.75,1.01,-999.00,360.00,437.09,-999.00,10.72,-999.00,1729.33,33.00,-999,2.00,2,312.66,-999.00,-999.00,208;543;730;890;905;1297;1544;1547;1577;1848;2145;2151;2251;2344;2371;2463;2488;2489;2493;2655;2660;2986,-999.00,0.82,-999.00,-999.00,797455.26,4.25,-4.20,0.02,-60.50,-76.18,-68.34,0,1.04,0.00,0.08,226.56,257.89,1516.89,1543.35
Primates,Atelidae,Lagothrix,lugens,lagothrix lugens,-999.00,-999.00,-999.00,-999.00,-999.00,-999.00,-999.00,-999.00,-999.00,-999.00,-999.00,-999.00,-999.00,-999.00,-999.00,-999.00,-999.00,-999.00,-999.00,-999.00,-999.00,-999.00,-999.00,-999.00,-999,-999.00,-999,-999.00,-999.00,-999.00,-999,-999.00,-999.00,-999.00,-999.00,129980.90,7.25,-0.15,3.55,-71.80,-76.79,-74.29,0,53.58,1.00,0.12,117.30,206.31,1434.84,1504.25
Primates,Atelidae,Lagothrix,poeppigii,lagothrix poeppigii,-999.00,-999.00,-999.00,-999.00,-999.00,-999.00,-999.00,-999.00,-999.00,-999.00,-999.00,-999.00,-999.00,-999.00,-999.00,-999.00,-999.00,-999.00,-999.00,-999.00,-999.00,-999.00,-999.00,-999.00,-999,-999.00,-999,-999.00,-999.00,-999.00,-999,-999.00,-999.00,-999.00,-999.00,667396.02,0.12,-10.58,-5.22,-65.94,-78.72,-72.33,0,5.24,0.00,0.12,212.67,252.83,1462.22,1487.28
Rodentia,Cricetidae,Lagurus,lagurus,lagurus lagurus,-999.00,20.60,-999.00,92.52,-999.00,54.50,-999.00,-999.00,-999.00,-999.00,20.24,-999.00,-999.00,-999.00,27.50,4.00,5.25,-999.00,1.25,-999.00,-999.00,-999.00,41.82,-999.00,-999,-999.00,-999,20.84,5.75,-999.00,1297;1849;3011,-999.00,-999.00,-999.00,-999.00,3753224.56,55.47,42.39,48.93,97.88,34.12,66.00,0,17.48,1.00,0.01,24.13,30.27,310.83,544.93
Artiodactyla,Camelidae,Lama,glama,lama glama,-999.00,78322.67,-999.00,1595.10,-999.00,-999.00,-999.00,-999.00,2.00,-999.00,342.74,1.00,-999.00,-999.00,-999.00,1.00,1.00,339.60,8999.99,-999.00,0.45,8.00,676.66,-999.00,-999,1.00,1,131.70,29000.00,-999.00,543;613;730;890;1015;1297;1594;1848;2655,-999.00,-999.00,-999.00,-999.00,-999.00,-999.00,-999.00,-999.00,-999.00,-999.00,-999.00,-999,-999.00,-999.00,-999.00,-999.00,-999.00,-999.00,-999.00
Rodentia,Muridae,Lamottemys,okuensis,lamottemys okuensis,-999.00,-999.00,-999.00,-999.00,-999.00,-999.00,-999.00,-999.00,-999.00,-999.00,-999.00,-999.00,-999.00,-999.00,-999.00,-999.00,-999.00,-999.00,-999.00,-999.00,-999.00,-999.00,-999.00,-999.00,-999,-999.00,-999,-999.00,-999.00,-999.00,-999,-999.00,-999.00,-999.00,-999.00,10305.29,7.13,6.09,6.61,10.98,9.90,10.44,29,54.51,29.00,0.10,154.51,227.73,1156.91,1507.88
Artiodactyla,Bovidae,Eudorcas,rufina,eudorcas rufina,-999.00,39999.99,-999.00,-999.00,-999.00,-999.00,-999.00,-999.00,-999.00,-999.00,-999.00,-999.00,-999.00,-999.00,-999.00,-999.00,-999.00,-999.00,-999.00,-999.00,-999.00,-999.00,-999.00,-999.00,-999,-999.00,-999,-999.00,-999.00,-999.00,2655,-999.00,-999.00,-999.00,-999.00,-999.00,-999.00,-999.00,-999.00,-999.00,-999.00,-999.00,-999,-999.00,-999.00,-999.00,-999.00,-999.00,-999.00,-999.00
Artiodactyla,Bovidae,Eudorcas,thomsonii,eudorcas thomsonii,2.00,22907.43,-999.00,885.00,-999.00,552.51,-999.00,-999.00,2.00,-999.00,166.14,1.00,-999.00,-999.00,193.90,1.00,-999.00,182.04,2500.00,-999.00,12.53,-999.00,418.38,-999.00,-999,1.00,1,93.25,-999.00,-999.00,543;730;869;917;1297;1525;1848;2655;2693;2986;3057,-999.00,1.51,-999.00,-999.00,515821.13,9.45,-5.61,1.91,38.38,30.41,34.40,0,50.73,3.00,0.15,72.57,227.28,947.32,1556.92
Primates,Lemuridae,Eulemur,albifrons,eulemur albifrons,-999.00,-999.00,-999.00,-999.00,-999.00,-999.00,-999.00,-999.00,-999.00,-999.00,-999.00,-999.00,-999.00,-999.00,-999.00,-999.00,-999.00,-999.00,-999.00,-999.00,-999.00,-999.00,-999.00,-999.00,-999,-999.00,-999,-999.00,-999.00,-999.00,-999,-999.00,-999.00,-999.00,-999.00,35602.37,-13.62,-17.37,-15.50,50.46,48.67,49.57,8,27.32,11.00,0.18,168.69,201.58,1398.17,1669.01
Primates,Lemuridae,Eulemur,albocollaris,eulemur albocollaris,-999.00,2397.37,-999.00,-999.00,-999.00,-999.00,-999.00,-999.00,-999.00,-999.00,-999.00,-999.00,-999.00,-999.00,-999.00,-999.00,-999.00,-999.00,-999.00,-999.00,-999.00,-999.00,-999.00,-999.00,-999,-999.00,-999,-999.00,-999.00,-999.00,1547,-999.00,-999.00,-999.00,-999.00,1864.78,-22.66,-23.14,-22.90,47.80,46.97,47.38,8,35.98,8.00,0.19,187.78,217.39,1341.94,1472.19
Primates,Lemuridae,Eulemur,cinereiceps,eulemur cinereiceps,-999.00,-999.00,-999.00,-999.00,-999.00,-999.00,-999.00,-999.00,-999.00,-999.00,-999.00,-999.00,-999.00,-999.00,-999.00,-999.00,-999.00,-999.00,-999.00,-999.00,-999.00,-999.00,-999.00,-999.00,-999,-999.00,-999,-999.00,-999.00,-999.00,-999,-999.00,-999.00,-999.00,-999.00,103.56,-13.31,-13.42,-13.37,49.87,49.76,49.82,13,13.00,13.00,0.18,114.00,241.00,1149.00,1476.00
Primates,Lemuridae,Eulemur,collaris,eulemur collaris,-999.00,-999.00,-999.00,-999.00,-999.00,-999.00,-999.00,-999.00,-999.00,-999.00,-999.00,-999.00,-999.00,-999.00,-999.00,-999.00,-999.00,-999.00,-999.00,-999.00,-999.00,-999.00,-999.00,-999.00,-999,-999.00,-999,-999.00,-999.00,-999.00,-999,-999.00,-999.00,-999.00,-999.00,12809.32,-22.98,-25.17,-24.08,47.56,46.55,47.05,6,26.54,6.00,0.23,155.37,202.21,1280.94,1626.14
Primates,Lemuridae,Eulemur,coronatus,eulemur coronatus,2.00,1699.85,-999.00,352.27,-999.00,-999.00,-999.00,-999.00,4.00,-999.00,124.04,2.00,0.05,-999.00,-999.00,1.53,-999.00,220.80,57.81,-999.00,101.98,-999.00,701.52,6.95,-999,2.00,2,-999.00,-999.00,-999.00,543;899;1046;1048;1261;1297;1544;1545;1546;1547;1848;2151;2344;2655,-999.00,-999.00,-999.00,-999.00,5720.16,-12.30,-13.81,-13.06,49.80,48.87,49.33,9,19.40,9.00,0.17,105.09,237.79,1253.32,1527.97
Primates,Lemuridae,Eulemur,fulvus,eulemur fulvus,2.00,2376.99,-999.00,469.62,-999.00,970.90,746.00,2374.50,3.00,-999.00,120.83,1.00,0.05,8.75e-03,547.50,1.10,-999.00,444.00,74.99,-999.00,221.00,9.25,791.75,9.15,3,2.00,1,134.64,-999.00,-999.00,208;543;730;732;1046;1048;1261;1297;1544;1546;1547;1822;1848;2041;2151;2344;2428;2489;2493;2655;2660;2986;3086,-999.00,0.89,-999.00,-999.00,25656.44,-13.29,-19.99,-16.64,49.15,46.53,47.84,8,37.29,8.00,0.18,156.13,214.16,1179.32,1588.53
Primates,Lemuridae,Eulemur,macaco,eulemur macaco,2.00,2470.43,-999.00,397.11,-999.00,868.70,-999.00,-999.00,4.00,-999.00,127.49,1.00,0.03,-999.00,365.00,1.04,1.00,360.00,60.50,-999.00,53.85,9.50,660.75,9.20,-999,2.00,2,143.28,-999.00,-999.00,208;543;1015;1046;1048;1261;1297;1544;1545;1546;1547;1848;2151;2344;2428;2493;2655;2986,-999.00,-999.00,-999.00,-999.00,8406.83,-13.31,-14.58,-13.94,49.06,47.81,48.44,8,22.02,8.00,0.18,134.19,222.55,1188.63,1717.63
Primates,Lemuridae,Eulemur,mongoz,eulemur mongoz,2.00,1771.13,-999.00,354.85,-999.00,916.15,-999.00,-999.00,4.00,-999.00,129.00,1.00,0.05,0.07,-999.00,1.11,1.00,360.00,59.48,100.00,346.70,4.00,1060.70,2.70,-999,2.00,2,151.13,-999.00,-999.00,208;543;730;899;1046;1048;1261;1297;1544;1546;1547;1768;1848;2151;2344;2428;2493;2655;2660;2986,-999.00,-999.00,-999.00,-999.00,7006.30,-15.68,-16.54,-16.11,47.58,45.60,46.59,6,22.11,6.00,0.18,125.88,261.99,932.21,1603.66
Primates,Lemuridae,Eulemur,rubriventer,eulemur rubriventer,2.00,2015.40,-999.00,404.72,-999.00,-999.00,-999.00,-999.00,4.00,-999.00,126.99,1.00,0.13,-999.00,-999.00,1.01,-999.00,-999.00,84.97,-999.00,30.00,4.75,566.36,3.30,-999,2.00,2,151.22,-999.00,-999.00,208;1015;1046;1048;1261;1297;1544;1545;1546;1547;1848;2151;2344;2655;3089,-999.00,-999.00,-999.00,-999.00,56908.42,-13.80,-23.11,-18.45,50.03,46.70,48.36,5,35.25,8.00,0.18,178.11,194.33,1343.97,1575.52
Primates,Lemuridae,Eulemur,rufus,eulemur rufus,2.00,2394.62,-999.00,457.01,-999.00,-999.00,-999.00,-999.00,-999.00,-999.00,-999.00,-999.00,-999.00,-999.00,-999.00,-999.00,-999.00,-999.00,-999.00,-999.00,-999.00,-999.00,-999.00,9.50,-999,-999.00,-999,-999.00,-999.00,-999.00,732;1546,-999.00,-999.00,-999.00,-999.00,71558.47,-15.93,-23.08,-19.51,48.52,43.61,46.07,2,15.27,2.00,0.19,106.88,228.42,1004.06,1547.03
Primates,Lemuridae,Eulemur,sanfordi,eulemur sanfordi,2.00,2394.03,-999.00,-999.00,-999.00,-999.00,-999.00,-999.00,-999.00,-999.00,-999.00,-999.00,-999.00,-999.00,-999.00,-999.00,-999.00,-999.00,-999.00,-999.00,-999.00,-999.00,-999.00,7.70,-999,-999.00,-999,-999.00,-999.00,-999.00,1546,-999.00,-999.00,-999.00,-999.00,4197.82,-12.25,-13.31,-12.78,49.75,48.89,49.32,9,19.75,9.00,0.17,101.31,251.50,1193.00,1510.00
Carnivora,Otariidae,Eumetopias,jubatus,eumetopias jubatus,1.00,382466.74,-999.00,2692.71,0.00,-999.00,-999.00,-999.00,6.00,-999.00,342.10,2.00,-999.00,-999.00,365.00,0.96,-999.00,360.00,18250.00,-999.00,-999.00,-999.00,1965.83,-999.00,-999,1.00,2,351.00,-999.00,-999.00,367;543;1015;1297;1763;2151;2655;2986,-999.00,1.10,-999.00,-999.00,-999.00,-999.00,-999.00,-999.00,-999.00,-999.00,-999.00,-999,-999.00,-999.00,-999.00,-999.00,-999.00,-999.00,-999.00
Primates,Galagidae,Galago,thomasi,galago thomasi,-999.00,117.35,-999.00,-999.00,-999.00,-999.00,-999.00,-999.00,-999.00,-999.00,-999.00,-999.00,-999.00,-999.00,-999.00,-999.00,-999.00,-999.00,-999.00,-999.00,-999.00,-999.00,-999.00,1.00,-999,-999.00,-999,-999.00,-999.00,-999.00,1544;1547;2344,-999.00,-999.00,-999.00,-999.00,4366268.46,9.51,-12.14,-1.31,38.75,-13.50,12.62,0,36.79,1.00,0.13,139.93,240.27,1277.67,1534.76
Primates,Galagidae,Galago,zanzibaricus,galago zanzibaricus,-999.00,147.35,-999.00,-999.00,-999.00,365.00,-999.00,-999.00,4.00,-999.00,120.00,-999.00,0.01,0.02,182.50,1.29,2.00,-999.00,14.50,-999.00,169.00,-999.00,322.75,1.00,-999,-999.00,2,59.27,-999.00,-999.00,223;1260;1297;1544;1547;2151;2344;2493;2655,-999.00,-999.00,-999.00,-999.00,1375379.35,2.07,-25.76,-11.84,45.25,32.31,38.78,1,39.72,2.00,0.17,76.00,239.53,888.60,1570.98
Rodentia,Caviidae,Galea,flavidens,galea flavidens,3.00,450.00,-999.00,-999.00,-999.00,-999.00,-999.00,-999.00,1.00,-999.00,53.00,2.00,-999.00,-999.00,53.00,-999.00,7.00,-999.00,-999.00,-999.00,-999.00,-999.00,77.03,-999.00,4,1.00,1,-999.00,-999.00,-999.00,2151;2655,-999.00,-999.00,-999.00,-999.00,663119.59,-5.40,-14.08,-9.74,-34.81,-45.17,-39.99,1,61.72,3.00,0.07,85.64,245.93,945.85,1432.75
Rodentia,Caviidae,Galea,musteloides,galea musteloides,3.00,386.64,-999.00,-999.00,-999.00,-999.00,262.83,322.50,2.00,-999.00,53.90,2.00,-999.00,-999.00,53.10,2.60,7.00,21.60,37.39,-999.00,-999.00,-999.00,55.92,-999.00,4,1.00,1,31.13,113.68,-999.00,543;890;1297;1566;1822;1849;2151;2456;2479;2655,-999.00,-999.00,-999.00,-999.00,1147818.41,-14.54,-39.01,-26.77,-57.36,-70.66,-64.01,0,10.81,0.00,0.08,50.95,123.44,608.15,1160.83
Rodentia,Caviidae,Galea,spixii,galea spixii,3.00,360.61,-999.00,-999.00,-999.00,-999.00,-999.00,-999.00,1.00,-999.00,50.66,2.00,5.35015e-04,6.82344e-04,53.00,2.19,6.75,55.20,33.62,-999.00,-999.00,-999.00,91.47,-999.00,4,1.00,1,42.09,-999.00,-999.00,543;1297;1718;2151;2456;2655,-999.00,-999.00,-999.00,-999.00,5441291.73,2.11,-24.49,-11.19,-34.79,-63.25,-49.02,0,32.58,0.00,0.10,132.09,237.59,1160.13,1483.09
Soricomorpha,Talpidae,Galemys,pyrenaicus,galemys pyrenaicus,2.00,60.17,-999.00,125.00,-999.00,-999.00,-999.00,-999.00,2.00,-999.00,30.00,3.00,1.551623e-03,1.393636e-03,-999.00,3.54,2.00,60.00,-999.00,30.99,4.18,1.50,371.23,1.00,-999,1.00,3,-999.00,-999.00,-999.00,511;543;560;562;899;1129;1297;1848;2131;2212;2346;2655;2735;2736;2737;2738;2739;2740;2786,-999.00,-999.00,2.22,-999.00,171300.87,43.77,40.12,41.94,3.09,-8.96,-2.93,5,97.04,8.00,-0.01,65.84,107.11,550.34,805.09
Rodentia,Cricetidae,Galenomys,garleppi,galenomys garleppi,-999.00,59.30,-999.00,-999.00,-999.00,-999.00,-999.00,-999.00,-999.00,-999.00,-999.00,-999.00,-999.00,-999.00,-999.00,-999.00,-999.00,-999.00,-999.00,-999.00,-999.00,-999.00,-999.00,-999.00,-999,-999.00,-999,-999.00,-999.00,-999.00,2655,-999.00,-999.00,-999.00,-999.00,141711.01,-14.92,-20.37,-17.64,-67.50,-71.37,-69.44,0,17.71,0.00,0.03,54.88,31.83,511.76,1172.91
Dermoptera,Cynocephalidae,Galeopterus,variegates,galeopterus variegates,1.00,1112.20,-999.00,379.43,-999.00,-999.00,-999.00,-999.00,3.00,-999.00,59.99,1.00,-999.00,-999.00,-999.00,1.00,-999.00,3.45,-999.00,-999.00,-999.00,-999.00,-999.00,-999.00,2,2.00,1,-999.00,-999.00,-999.00,679;1008;1297;1786;1848;2152;2655,-999.00,-999.00,-999.00,-999.00,1401022.20,14.88,-8.78,3.05,119.26,95.18,107.22,1,163.58,4.00,0.13,225.40,252.23,1582.07,1726.81
Carnivora,Herpestidae,Galerella,flavescens,galerella flavescens,-999.00,750.00,-999.00,-999.00,-999.00,-999.00,-999.00,-999.00,-999.00,-999.00,-999.00,1.00,-999.00,-999.00,-999.00,-999.00,-999.00,-999.00,-999.00,-999.00,-999.00,-999.00,-999.00,-999.00,-999,1.00,-999,-999.00,-999.00,-999.00,1113;2655,-999.00,-999.00,-999.00,-999.00,279748.74,-13.16,-22.25,-17.71,16.78,11.71,14.25,0,4.05,0.00,0.06,36.50,181.27,538.46,1300.00
Carnivora,Herpestidae,Galerella,ochracea,galerella ochracea,-999.00,-999.00,-999.00,-999.00,-999.00,-999.00,-999.00,-999.00,-999.00,-999.00,-999.00,-999.00,-999.00,-999.00,-999.00,-999.00,-999.00,-999.00,-999.00,-999.00,-999.00,-999.00,-999.00,-999.00,-999,-999.00,-999,-999.00,-999.00,-999.00,-999,-999.00,-999.00,-999.00,-999.00,452479.81,10.95,-1.53,4.71,50.29,41.13,45.71,1,14.41,3.00,0.05,23.40,259.65,349.26,1777.71
Carnivora,Herpestidae,Galerella,pulverulenta,galerella pulverulenta,3.00,791.40,-999.00,349.38,-999.00,-999.00,-999.00,-999.00,2.00,-999.00,-999.00,1.00,3.81,4.03,-999.00,2.25,-999.00,104.50,20.19,-999.00,10.00,-999.00,-999.00,-999.00,-999,1.00,3,-999.00,-999.00,-999.00,1113;1297;1573;2655,-999.00,-999.00,-999.00,-999.00,634570.78,-25.49,-34.83,-30.16,29.87,16.48,23.18,0,24.97,0.00,0.09,28.26,158.01,422.46,1085.81
Carnivora,Herpestidae,Galerella,sanguinea,galerella sanguinea,3.00,543.83,-999.00,329.01,20.00,-999.00,372.60,490.00,6.00,-999.00,61.27,1.00,0.66,0.79,182.50,2.50,2.00,72.00,-999.00,-999.00,1.32,-999.00,465.57,-999.00,-999,1.00,2,54.44,-999.00,-999.00,367;543;730;1113;1297;1822;2655,-999.00,-999.00,-999.00,-999.00,16368169.48,18.80,-32.93,-7.06,51.41,-17.53,16.93,0,33.39,1.00,0.13,84.92,233.27,878.90,1533.83
Carnivora,Mustelidae,Galictis,cuja,galictis cuja,2.00,1000.00,-999.00,423.29,-999.00,-999.00,-999.00,-999.00,1.00,-999.00,-999.00,1.00,-999.00,-999.00,-999.00,-999.00,-999.00,87.00,-999.00,-999.00,-999.00,-999.00,-999.00,-999.00,-999,1.00,3,-999.00,-999.00,-999.00,890;1113;2151;2655,-999.00,-999.00,-999.00,-999.00,4564918.07,-14.23,-43.79,-29.01,-41.94,-74.35,-58.14,0,34.44,0.00,0.07,76.07,152.93,811.92,1122.34
Carnivora,Mustelidae,Galictis,vittata,galictis vittata,-999.00,-999.00,-999.00,-999.00,-999.00,-999.00,-999.00,-999.00,-999.00,-999.00,-999.00,-999.00,-999.00,-999.00,-999.00,-999.00,-999.00,-999.00,-999.00,-999.00,-999.00,-999.00,-999.00,-999.00,-999,-999.00,-999,-999.00,-999.00,-999.00,-999,-999.00,-999.00,-999.00,-999.00,10078448.48,23.11,-16.10,3.50,-34.79,-98.67,-66.73,0,18.86,0.00,0.12,159.64,247.98,1331.26,1576.89
Carnivora,Eupleridae,Galidia,elegans,galidia elegans,2.00,810.00,-999.00,351.07,4.50,-999.00,-999.00,-999.00,6.00,365.00,76.11,4.00,0.17,0.20,365.00,1.00,1.00,158.40,48.73,-999.00,15.85,1.50,742.46,1.75,2,2.00,2,59.27,509.57,-999.00,463;543;730;855;1048;1113;1297;1740;2151;2263;2333;2527;2655,-999.00,-999.00,-999.00,-999.00,120561.29,-12.33,-25.20,-18.76,50.47,43.92,47.19,2,28.71,3.00,0.17,154.88,212.00,1249.86,1591.43
Carnivora,Eupleridae,Galidictis,fasciata,galidictis fasciata,2.00,549.99,-999.00,318.31,-999.00,-999.00,-999.00,-999.00,2.00,-999.00,-999.00,1.00,-999.00,-999.00,365.00,1.00,1.00,-999.00,-999.00,-999.00,-999.00,2.00,-999.00,-999.00,-999,1.00,3,-999.00,-999.00,-999.00,1048;1113;1297;2151;2333;2655,-999.00,-999.00,-999.00,-999.00,87237.59,-14.00,-25.20,-19.60,50.47,46.53,48.50,5,33.50,8.00,0.19,178.59,197.78,1343.86,1610.03
Carnivora,Eupleridae,Galidictis,grandidieri,galidictis grandidieri,2.00,1400.00,-999.00,359.99,-999.00,-999.00,-999.00,-999.00,2.00,-999.00,-999.00,1.00,-999.00,-999.00,365.00,1.00,1.00,-999.00,-999.00,-999.00,-999.00,-999.00,-999.00,-999.00,-999,1.00,3,-999.00,-999.00,-999.00,1015;1048;1113;2655,-999.00,-999.00,-999.00,-999.00,4044.38,-23.82,-24.76,-24.29,44.25,43.66,43.96,9,13.00,9.00,0.18,43.21,241.82,653.32,1921.68
Artiodactyla,Bovidae,Gazella,arabica,gazella arabica,-999.00,24124.67,-999.00,1000.00,-999.00,-999.00,-999.00,-999.00,2.00,-999.00,-999.00,-999.00,-999.00,-999.00,-999.00,1.50,-999.00,135.96,-999.00,-999.00,-999.00,-999.00,-999.00,-999.00,-999,-999.00,1,-999.00,-999.00,-999.00,899;1525;2655,-999.00,-999.00,-999.00,-999.00,17363.03,14.41,13.05,13.73,45.72,43.57,44.65,32,137.77,32.00,0.29,4.53,166.59,137.32,1739.51
Artiodactyla,Bovidae,Gazella,bennettii,gazella bennettii,-999.00,18916.67,-999.00,-999.00,-999.00,-999.00,-999.00,-999.00,-999.00,-999.00,-999.00,-999.00,-999.00,-999.00,-999.00,-999.00,-999.00,-999.00,-999.00,-999.00,-999.00,-999.00,-999.00,-999.00,-999,-999.00,-999,-999.00,-999.00,-999.00,2655,-999.00,-999.00,-999.00,-999.00,1733312.37,34.26,15.43,24.85,84.07,64.49,74.28,4,203.10,13.00,0.11,57.22,248.26,529.23,1405.69
Artiodactyla,Bovidae,Gazella,cuvieri,gazella cuvieri,-999.00,-999.00,-999.00,-999.00,-999.00,-999.00,-999.00,-999.00,-999.00,-999.00,-999.00,-999.00,-999.00,-999.00,-999.00,-999.00,-999.00,-999.00,-999.00,-999.00,-999.00,-999.00,-999.00,-999.00,-999,-999.00,-999,-999.00,-999.00,-999.00,-999,-999.00,-999.00,-999.00,-999.00,1047003.29,37.09,23.78,30.43,10.11,-15.82,-2.85,0,50.98,0.00,0.16,19.80,177.16,266.43,1174.07
Artiodactyla,Bovidae,Gazella,dorcas,gazella dorcas,2.00,15635.95,-999.00,965.68,-999.00,836.45,-999.00,-999.00,6.00,-999.00,172.00,1.00,15.52,-999.00,337.85,1.22,-999.00,209.04,1573.21,499.99,2.30,-999.00,620.76,6.75,-999,1.00,2,61.35,4001.14,-999.00,511;543;869;1208;1297;1525;1554;1763;1848;2655;2693;3111,-999.00,1.14,-999.00,-999.00,10374953.94,37.34,9.86,23.60,49.71,-17.10,16.30,0,18.55,0.00,0.09,8.05,239.42,132.39,1299.98
Artiodactyla,Bovidae,Gazella,erlangeri,gazella erlangeri,-999.00,-999.00,-999.00,-999.00,-999.00,-999.00,-999.00,-999.00,-999.00,-999.00,-999.00,-999.00,-999.00,-999.00,-999.00,-999.00,-999.00,-999.00,-999.00,-999.00,-999.00,-999.00,-999.00,-999.00,-999,-999.00,-999,-999.00,-999.00,-999.00,-999,-999.00,-999.00,-999.00,-999.00,153353.23,17.38,12.59,14.99,46.73,42.59,44.66,1,80.01,3.00,0.24,9.51,195.19,268.57,1592.18
Artiodactyla,Bovidae,Gazella,gazella,gazella gazella,2.00,21306.83,-999.00,1012.85,0.00,547.50,-999.00,-999.00,3.00,182.50,180.00,1.00,1.46,1.37,228.12,1.22,-999.00,219.00,2124.99,-999.00,0.40,-999.00,485.11,7.20,-999,1.00,1,86.17,-999.00,-999.00,511;543;856;1065;1208;1297;1525;1554;1573;1848;1985;2655,-999.00,1.39,-999.00,-999.00,1151478.67,34.39,12.59,23.49,59.83,34.37,47.10,0,48.74,0.00,0.19,11.17,226.59,180.30,1399.50
Artiodactyla,Bovidae,Gazella,leptoceros,gazella leptoceros,-999.00,24645.75,-999.00,1032.67,-999.00,319.37,-999.00,-999.00,2.00,-999.00,167.29,1.00,-999.00,-999.00,-999.00,1.00,-999.00,168.00,4615.30,-999.00,-999.00,-999.00,-999.00,-999.00,-999,1.00,1,-999.00,-999.00,-999.00,511;543;899;1297;1525;1848;2655;2693,-999.00,-999.00,-999.00,-999.00,2188576.06,34.30,15.34,24.82,30.94,-8.69,11.12,0,6.52,0.00,0.15,3.93,244.58,94.23,1253.26
Artiodactyla,Bovidae,Gazella,saudiya,gazella saudiya,-999.00,16000.00,-999.00,-999.00,-999.00,-999.00,-999.00,-999.00,-999.00,-999.00,-999.00,-999.00,-999.00,-999.00,-999.00,-999.00,-999.00,-999.00,-999.00,-999.00,-999.00,-999.00,-999.00,-999.00,-999,-999.00,-999,-999.00,-999.00,-999.00,2655,-999.00,-999.00,-999.00,-999.00,-999.00,-999.00,-999.00,-999.00,-999.00,-999.00,-999.00,-999,-999.00,-999.00,-999.00,-999.00,-999.00,-999.00,-999.00
Artiodactyla,Bovidae,Gazella,spekei,gazella spekei,-999.00,20000.00,-999.00,885.00,-999.00,-999.00,-999.00,-999.00,-999.00,-999.00,178.59,1.00,-999.00,-999.00,206.50,1.00,-999.00,152.04,1250.00,-999.00,-999.00,-999.00,403.21,14.25,-999,1.00,-999,-999.00,-999.00,-999.00,511;1297;1525;1554;1848;2655;2693,-999.00,1.46,-999.00,-999.00,170828.32,10.91,2.02,6.47,51.41,44.00,47.71,1,11.38,3.00,0.04,13.51,248.39,203.01,1795.45
Artiodactyla,Bovidae,Gazella,subgutturosa,gazella subgutturosa,2.00,26981.37,-999.00,957.35,-999.00,-999.00,-999.00,-999.00,3.00,-999.00,159.68,1.00,-999.00,-999.00,-999.00,1.39,-999.00,240.00,2317.85,-999.00,0.64,-999.00,413.84,5.50,4,1.00,1,116.41,-999.00,-999.00,511;543;1208;1297;1602;1848;2401;2655,-999.00,-999.00,-999.00,-999.00,8787218.98,49.21,14.92,32.06,117.89,33.79,75.84,0,25.76,0.00,0.09,17.20,122.65,208.39,923.51
Carnivora,Viverridae,Genetta,abyssinica,genetta abyssinica,-999.00,1405.48,-999.00,422.85,-999.00,-999.00,-999.00,-999.00,-999.00,-999.00,-999.00,1.00,-999.00,-999.00,-999.00,-999.00,-999.00,-999.00,-999.00,-999.00,-999.00,-999.00,-999.00,-999.00,-999,1.00,-999,-999.00,-999.00,-999.00,1113;2655,-999.00,-999.00,-999.00,-999.00,418638.21,16.39,9.06,12.72,44.82,36.42,40.62,3,55.58,5.00,0.11,61.18,232.59,689.24,1650.07
Carnivora,Viverridae,Genetta,angolensis,genetta angolensis,1.00,1859.64,-999.00,472.01,-999.00,-999.00,-999.00,-999.00,-999.00,-999.00,-999.00,1.00,-999.00,-999.00,-999.00,-999.00,-999.00,-999.00,-999.00,-999.00,-999.00,-999.00,-999.00,-999.00,-999,1.00,-999,-999.00,-999.00,-999.00,1113;2655,-999.00,-999.00,-999.00,-999.00,2087717.97,-1.99,-17.95,-9.97,38.39,14.18,26.29,1,19.81,2.00,0.21,94.05,216.39,889.31,1465.56
Rodentia,Muridae,Gerbillus,gerbillus,gerbillus gerbillus,-999.00,26.99,-999.00,-999.00,-999.00,-999.00,15.53,29.20,-999.00,-999.00,-999.00,-999.00,-999.00,-999.00,-999.00,4.14,-999.00,-999.00,-999.00,-999.00,-999.00,-999.00,-999.00,-999.00,-999,-999.00,-999,-999.00,-999.00,-999.00,1297;2655;2978,-999.00,-999.00,-999.00,-999.00,11449433.72,37.34,5.85,21.60,51.41,-17.04,17.18,0,23.26,0.00,0.10,17.95,233.50,237.04,1347.34
Rodentia,Muridae,Gerbillus,gleadowi,gerbillus gleadowi,-999.00,26.01,-999.00,-999.00,-999.00,-999.00,-999.00,-999.00,-999.00,-999.00,20.00,-999.00,-999.00,-999.00,-999.00,3.00,-999.00,-999.00,1.90,-999.00,-999.00,-999.00,-999.00,-999.00,-999,-999.00,-999,-999.00,-999.00,-999.00,1297;1849;2328;2655;2978,-999.00,-999.00,-999.00,-999.00,409918.82,32.76,23.99,28.38,75.82,68.12,71.97,7,206.08,24.00,0.12,30.76,252.97,347.42,1322.29
Rodentia,Muridae,Gerbillus,grobbeni,gerbillus grobbeni,-999.00,-999.00,-999.00,-999.00,-999.00,-999.00,-999.00,-999.00,-999.00,-999.00,-999.00,-999.00,-999.00,-999.00,-999.00,-999.00,-999.00,-999.00,-999.00,-999.00,-999.00,-999.00,-999.00,-999.00,-999,-999.00,-999,-999.00,-999.00,-999.00,-999,-999.00,-999.00,-999.00,-999.00,1373.45,32.82,32.45,32.64,23.03,22.45,22.74,7,7.00,7.00,0.16,27.32,182.67,225.91,1388.54
Rodentia,Muridae,Bandicota,savilei,bandicota savilei,-999.00,260.63,-999.00,-999.00,-999.00,-999.00,-999.00,-999.00,-999.00,-999.00,-999.00,-999.00,-999.00,-999.00,-999.00,-999.00,-999.00,-999.00,-999.00,-999.00,-999.00,-999.00,-999.00,-999.00,-999,-999.00,-999,-999.00,-999.00,-999.00,456,-999.00,-999.00,-999.00,-999.00,678506.64,22.69,11.27,16.98,109.46,95.62,102.54,2,94.32,7.00,0.09,134.78,244.58,1132.93,1579.38
Chiroptera,Vespertilionidae,Barbastella,barbastellus,barbastella barbastellus,-999.00,8.31,38.49,-999.00,-999.00,-999.00,-999.00,-999.00,1.00,-999.00,-999.00,1.00,-999.00,-999.00,-999.00,1.73,1.00,252.00,-999.00,-999.00,-999.00,-999.00,-999.00,-999.00,-999,2.00,3,-999.00,-999.00,-999.00,196;543;1297;1658;2143;2151;2622;2655;2719;2884,-999.00,-999.00,-999.00,-999.00,3884782.92,60.57,27.99,44.28,49.43,-17.33,16.05,3,129.06,16.00,9.49499719783702e-03,57.71,84.24,498.71,630.20
Chiroptera,Vespertilionidae,Barbastella,leucomelas,barbastella leucomelas,-999.00,15.05,41.49,-999.00,-999.00,-999.00,-999.00,-999.00,-999.00,-999.00,-999.00,1.00,-999.00,-999.00,-999.00,-999.00,-999.00,-999.00,-999.00,-999.00,-999.00,-999.00,-999.00,-999.00,-999,2.00,-999,-999.00,-999.00,-999.00,1658;2151;2622;2655,-999.00,-999.00,-999.00,-999.00,3609915.54,45.52,15.46,30.49,145.82,33.91,89.86,0,143.24,1.00,0.08,84.55,82.03,630.25,997.18
Carnivora,Procyonidae,Bassaricyon,alleni,bassaricyon alleni,-999.00,-999.00,-999.00,-999.00,-999.00,-999.00,-999.00,-999.00,-999.00,-999.00,-999.00,-999.00,-999.00,-999.00,-999.00,-999.00,-999.00,-999.00,-999.00,-999.00,-999.00,-999.00,-999.00,-999.00,-999,-999.00,-999,-999.00,-999.00,-999.00,-999,-999.00,-999.00,-999.00,-999.00,467192.71,-0.16,-13.86,-7.01,-66.12,-77.25,-71.69,0,2.20,0.00,0.15,208.81,258.10,1455.99,1506.65
Carnivora,Procyonidae,Bassaricyon,beddardi,bassaricyon beddardi,1.00,1235.01,-999.00,-999.00,-999.00,-999.00,-999.00,-999.00,-999.00,-999.00,-999.00,1.00,-999.00,-999.00,-999.00,-999.00,-999.00,-999.00,-999.00,-999.00,-999.00,-999.00,-999.00,-999.00,-999,1.00,-999,-999.00,-999.00,-999.00,1113;2151;2655,-999.00,-999.00,-999.00,-999.00,441326.32,6.43,-0.71,2.85,-60.52,-67.50,-64.01,0,0.69,0.00,0.23,186.26,239.89,1600.58,1677.17
Carnivora,Procyonidae,Bassaricyon,gabbii,bassaricyon gabbii,1.00,1250.00,-999.00,411.27,18.50,-999.00,-999.00,-999.00,6.00,-999.00,76.65,2.00,-999.00,-999.00,-999.00,1.00,-999.00,300.00,54.99,-999.00,6.02,-999.00,607.20,-999.00,-999,2.00,2,89.49,-999.00,-999.00,543;730;890;1113;2151;2655,-999.00,-999.00,-999.00,-999.00,803202.18,13.29,-3.13,5.08,-69.42,-86.14,-77.78,0,46.86,0.00,0.10,176.37,230.94,1406.78,1524.80
Carnivora,Procyonidae,Bassaricyon,lasius,bassaricyon lasius,1.00,1200.00,-999.00,-999.00,-999.00,-999.00,-999.00,-999.00,-999.00,-999.00,-999.00,1.00,-999.00,-999.00,-999.00,-999.00,-999.00,-999.00,-999.00,-999.00,-999.00,-999.00,-999.00,-999.00,-999,1.00,-999,-999.00,-999.00,-999.00,1113;2151;2655,-999.00,-999.00,-999.00,-999.00,3842.65,10.41,9.72,10.06,-83.52,-84.14,-83.83,58,196.05,58.00,0.17,238.21,218.22,1424.04,1755.00
Carnivora,Procyonidae,Bassaricyon,pauli,bassaricyon pauli,1.00,1200.00,-999.00,-999.00,-999.00,-999.00,-999.00,-999.00,-999.00,-999.00,-999.00,1.00,-999.00,-999.00,-999.00,-999.00,-999.00,-999.00,-999.00,-999.00,-999.00,-999.00,-999.00,-999.00,-999,1.00,-999,-999.00,-999.00,-999.00,1113;2151;2655,-999.00,-999.00,-999.00,-999.00,1402.79,9.10,8.63,8.86,-82.69,-83.05,-82.87,13,29.67,13.00,0.05,233.00,295.37,-999.00,-999.00
Carnivora,Procyonidae,Bassariscus,astutus,bassariscus astutus,1.00,1010.37,-999.00,338.98,33.12,365.00,-999.00,-999.00,6.00,180.00,54.23,1.00,0.74,0.78,365.00,3.00,1.00,198.00,27.74,-999.00,3.58,-999.00,278.08,-999.00,4,1.00,2,53.84,258.70,-999.00,543;730;1113;1297;1573;2151;2655,-999.00,-999.00,-999.00,-999.00,3916072.44,43.65,15.64,29.65,-91.33,-124.56,-107.94,0,37.30,0.00,0.09,45.32,153.99,580.64,1152.30
Carnivora,Procyonidae,Bassariscus,sumichrasti,bassariscus sumichrasti,1.00,906.00,-999.00,423.73,-999.00,-999.00,448.20,906.00,6.00,-999.00,-999.00,1.00,-999.00,-999.00,-999.00,2.00,-999.00,276.00,-999.00,-999.00,17.89,-999.00,841.82,-999.00,4,1.00,2,119.32,-999.00,-999.00,367;543;730;1113;1297;2151;2655,-999.00,-999.00,-999.00,-999.00,625977.74,21.60,8.51,15.06,-82.32,-100.68,-91.50,3,60.47,5.00,0.14,134.37,230.31,1232.18,1616.96
Rodentia,Bathyergidae,Bathyergus,janetta,bathyergus janetta,-999.00,388.69,-999.00,-999.00,15.00,-999.00,217.21,406.00,4.00,59.99,-999.00,1.00,-999.00,-999.00,-999.00,3.49,1.75,-999.00,15.39,-999.00,-999.00,-999.00,-999.00,1.00,-999,1.00,1,27.79,-999.00,-999.00,245;247;1297;1822;2629;2655,-999.00,-999.00,-999.00,-999.00,33849.47,-28.03,-30.66,-29.34,18.93,16.06,17.50,0,1.65,1.00,0.13,7.72,164.97,189.82,992.93
Rodentia,Bathyergidae,Bathyergus,suillus,bathyergus suillus,-999.00,777.38,-999.00,278.86,10.00,-999.00,322.78,666.00,3.00,59.99,68.41,2.00,2.096145e-03,2.686e-03,-999.00,2.89,1.50,-999.00,33.99,-999.00,70.00,-999.00,-999.00,1.00,-999,1.00,1,20.84,-999.00,-999.00,230;245;247;740;1297;1573;1822;1849;2413;2629;2655,-999.00,-999.00,-999.00,-999.00,59404.22,-31.31,-34.83,-33.07,23.23,17.84,20.54,1,76.30,1.00,0.08,31.42,158.93,439.87,1200.41
Rodentia,Muridae,Batomys,dentatus,batomys dentatus,-999.00,-999.00,-999.00,195.00,-999.00,-999.00,-999.00,-999.00,-999.00,-999.00,-999.00,-999.00,-999.00,-999.00,-999.00,-999.00,-999.00,-999.00,-999.00,-999.00,-999.00,-999.00,-999.00,-999.00,-999,-999.00,-999,-999.00,-999.00,-999.00,2152,213.39,-999.00,-999.00,-999.00,366.42,16.69,16.49,16.59,120.94,120.74,120.84,93,199.63,93.00,0.08,337.02,213.54,1353.88,1544.48
Rodentia,Muridae,Batomys,granti,batomys granti,-999.00,169.53,-999.00,204.00,-999.00,-999.00,-999.00,-999.00,-999.00,-999.00,-999.00,-999.00,1.546275e-03,1.425879e-03,-999.00,-999.00,-999.00,-999.00,-999.00,-999.00,383.46,-999.00,-999.00,-999.00,-999,-999.00,-999,-999.00,-999.00,-999.00,170;2152;2655,-999.00,-999.00,-999.00,-999.00,731.71,16.94,13.55,15.24,123.47,120.77,122.12,93,208.82,93.00,0.09,323.55,216.25,1443.00,1557.00
Rodentia,Muridae,Batomys,russatus,batomys russatus,-999.00,-999.00,-999.00,-999.00,-999.00,-999.00,-999.00,-999.00,-999.00,-999.00,-999.00,-999.00,-999.00,-999.00,-999.00,-999.00,-999.00,-999.00,-999.00,-999.00,-999.00,-999.00,-999.00,-999.00,-999,-999.00,-999,-999.00,-999.00,-999.00,-999,-999.00,-999.00,-999.00,-999.00,-999.00,-999.00,-999.00,-999.00,-999.00,-999.00,-999.00,-999,-999.00,-999.00,-999.00,-999.00,-999.00,-999.00,-999.00
Rodentia,Muridae,Batomys,salomonseni,batomys salomonseni,-999.00,185.76,-999.00,175.00,-999.00,-999.00,-999.00,-999.00,-999.00,-999.00,-999.00,-999.00,-999.00,-999.00,-999.00,-999.00,-999.00,-999.00,-999.00,-999.00,-999.00,-999.00,-999.00,-999.00,-999,-999.00,-999,-999.00,-999.00,-999.00,456;2152;2655,-999.00,-999.00,-999.00,-999.00,102368.09,11.70,5.55,8.63,126.60,121.89,124.24,33,171.51,55.00,0.11,175.70,238.87,1567.81,1734.24
Chiroptera,Vespertilionidae,Bauerus,dubiaquercus,bauerus dubiaquercus,-999.00,22.22,53.29,-999.00,-999.00,-999.00,-999.00,-999.00,1.00,-999.00,-999.00,1.00,-999.00,-999.00,-999.00,1.71,-999.00,-999.00,-999.00,-999.00,-999.00,-999.00,-999.00,-999.00,-999,2.00,3,-999.00,-999.00,-999.00,804;907;1297;1658;2151;2622;2655,-999.00,-999.00,-999.00,-999.00,295020.71,21.50,11.17,16.34,-83.15,-106.52,-94.83,2,31.58,3.00,0.18,171.52,241.32,1396.07,1619.64
Carnivora,Herpestidae,Bdeogale,crassicauda,bdeogale crassicauda,1.00,1722.13,-999.00,444.53,-999.00,-999.00,-999.00,-999.00,1.00,-999.00,-999.00,1.00,-999.00,-999.00,-999.00,0.96,-999.00,-999.00,-999.00,-999.00,-999.00,-999.00,-999.00,-999.00,-999,1.00,3,-999.00,-999.00,-999.00,1113;1297;2655,-999.00,-999.00,-999.00,-999.00,1654322.83,-1.38,-20.63,-11.01,41.24,25.81,33.53,1,38.56,3.00,0.18,82.89,229.26,902.39,1521.03
Carnivora,Herpestidae,Bdeogale,jacksoni,bdeogale jacksoni,-999.00,2500.00,-999.00,-999.00,-999.00,-999.00,-999.00,-999.00,2.00,-999.00,-999.00,1.00,-999.00,-999.00,-999.00,-999.00,-999.00,-999.00,-999.00,-999.00,-999.00,-999.00,-999.00,-999.00,-999,1.00,3,-999.00,-999.00,-999.00,1015;1113;2655,-999.00,-999.00,-999.00,-999.00,81428.64,1.64,-1.12,0.25,38.87,33.45,36.16,5,188.08,16.00,0.16,80.08,196.41,1098.74,1525.02
Carnivora,Herpestidae,Bdeogale,nigripes,bdeogale nigripes,1.00,2623.01,-999.00,611.37,-999.00,-999.00,-999.00,-999.00,6.00,-999.00,-999.00,1.00,-999.00,-999.00,-999.00,1.00,-999.00,190.00,-999.00,-999.00,-999.00,-999.00,-999.00,-999.00,-999,1.00,2,-999.00,-999.00,-999.00,543;1113;2655,-999.00,-999.00,-999.00,-999.00,3117248.80,8.25,-6.77,0.73,31.30,7.92,19.61,0,21.16,1.00,0.12,145.53,242.16,1350.44,1561.70
Rodentia,Nesomyidae,Beamys,hindei,beamys hindei,-999.00,75.80,-999.00,149.23,21.00,-999.00,-999.00,-999.00,-999.00,-999.00,22.79,-999.00,-999.00,-999.00,62.00,3.49,5.00,-999.00,3.20,-999.00,-999.00,-999.00,181.13,-999.00,-999,-999.00,-999,38.49,59.20,113.50,882;1297;1398;2655,-999.00,-999.00,-999.00,-999.00,123659.90,-2.84,-10.86,-6.85,40.09,37.32,38.71,2,102.73,8.00,0.15,85.18,247.04,1011.87,1722.53
Rodentia,Nesomyidae,Beamys,major,beamys major,-999.00,-999.00,-999.00,-999.00,-999.00,-999.00,-999.00,-999.00,-999.00,-999.00,-999.00,-999.00,-999.00,-999.00,-999.00,4.00,-999.00,-999.00,-999.00,-999.00,-999.00,-999.00,-999.00,-999.00,-999,-999.00,-999,-999.00,-999.00,-999.00,1242,-999.00,-999.00,-999.00,-999.00,57617.27,-8.90,-14.96,-11.93,35.23,32.83,34.03,3,57.47,8.00,0.07,85.43,205.93,913.61,1625.51
Artiodactyla,Bovidae,Beatragus,hunteri,beatragus hunteri,-999.00,79132.17,-999.00,1600.00,-999.00,-999.00,-999.00,-999.00,1.00,-999.00,252.28,1.00,-999.00,-999.00,-999.00,1.00,-999.00,182.04,8350.00,-999.00,0.42,-999.00,-999.00,13.50,2,1.00,1,-999.00,-999.00,-999.00,511;869;899;1297;1525;1848;2655;2693,-999.00,-999.00,-999.00,-999.00,30188.68,0.80,-1.95,-0.57,42.52,39.93,41.23,1,6.59,1.00,0.04,42.28,272.23,643.41,1847.86
Rodentia,Sciuridae,Belomys,pearsonii,belomys pearsonii,-999.00,-999.00,-999.00,-999.00,-999.00,-999.00,-999.00,-999.00,-999.00,-999.00,-999.00,-999.00,-999.00,-999.00,-999.00,-999.00,-999.00,-999.00,-999.00,-999.00,-999.00,-999.00,-999.00,-999.00,-999,-999.00,-999,-999.00,-999.00,-999.00,-999,-999.00,-999.00,-999.00,-999.00,434941.74,28.34,10.99,19.66,122.00,87.34,104.67,1,155.76,3.00,0.09,145.99,177.14,1078.73,1336.64
Cetacea,Ziphiidae,Berardius,arnuxii,berardius arnuxii,-999.00,7000000.02,-999.00,-999.00,-999.00,-999.00,-999.00,-999.00,1.00,-999.00,304.16,1.00,-999.00,-999.00,-999.00,-999.00,-999.00,-999.00,-999.00,-999.00,-999.00,-999.00,-999.00,-999.00,-999,-999.00,3,-999.00,-999.00,-999.00,890;1297;2151;2655,-999.00,-999.00,-999.00,-999.00,-999.00,-999.00,-999.00,-999.00,-999.00,-999.00,-999.00,-999,-999.00,-999.00,-999.00,-999.00,-999.00,-999.00,-999.00
Cetacea,Ziphiidae,Berardius,bairdii,berardius bairdii,-999.00,11380000.04,-999.00,-999.00,-999.00,-999.00,-999.00,-999.00,2.00,-999.00,396.58,1.00,-999.00,-999.00,-999.00,0.98,0.33,852.00,-999.00,-999.00,-999.00,11.50,5050.97,30.00,-999,-999.00,3,-999.00,-999.00,-999.00,511;543;1015;1297;2151;2655,-999.00,-999.00,-999.00,-999.00,-999.00,-999.00,-999.00,-999.00,-999.00,-999.00,-999.00,-999,-999.00,-999.00,-999.00,-999.00,-999.00,-999.00,-999.00
Rodentia,Muridae,Berylmys,berdmorei,berylmys berdmorei,-999.00,-999.00,-999.00,-999.00,-999.00,-999.00,-999.00,-999.00,-999.00,-999.00,-999.00,-999.00,-999.00,-999.00,-999.00,-999.00,-999.00,-999.00,-999.00,-999.00,-999.00,-999.00,-999.00,-999.00,-999,-999.00,-999,-999.00,-999.00,-999.00,-999,-999.00,-999.00,-999.00,-999.00,570245.86,19.65,8.55,14.10,109.46,97.19,103.33,5,124.09,10.00,0.09,158.53,246.71,1131.96,1591.47
Rodentia,Muridae,Berylmys,bowersi,berylmys bowersi,-999.00,358.68,-999.00,253.06,-999.00,-999.00,-999.00,-999.00,-999.00,-999.00,-999.00,-999.00,-999.00,-999.00,-999.00,3.88,-999.00,34.80,-999.00,-999.00,-999.00,-999.00,-999.00,-999.00,-999,-999.00,-999,-999.00,-999.00,-999.00,456;543;1090;1297;2655,-999.00,-999.00,-999.00,-999.00,1734265.17,28.48,1.26,14.87,119.72,90.30,105.01,1,168.90,8.00,0.08,148.35,192.92,1141.48,1376.73
Rodentia,Muridae,Berylmys,mackenziei,berylmys mackenziei,-999.00,-999.00,-999.00,-999.00,-999.00,-999.00,-999.00,-999.00,-999.00,-999.00,-999.00,-999.00,-999.00,-999.00,-999.00,-999.00,-999.00,-999.00,-999.00,-999.00,-999.00,-999.00,-999.00,-999.00,-999,-999.00,-999,-999.00,-999.00,-999.00,-999,-999.00,-999.00,-999.00,-999.00,673463.77,27.85,11.39,19.62,100.20,90.52,95.36,1,74.01,5.00,0.07,172.07,210.05,1102.07,1450.99
Rodentia,Muridae,Berylmys,manipulus,berylmys manipulus,-999.00,-999.00,-999.00,-999.00,-999.00,-999.00,-999.00,-999.00,-999.00,-999.00,-999.00,-999.00,-999.00,-999.00,-999.00,-999.00,-999.00,-999.00,-999.00,-999.00,-999.00,-999.00,-999.00,-999.00,-999,-999.00,-999,-999.00,-999.00,-999.00,-999,-999.00,-999.00,-999.00,-999.00,386054.29,28.94,22.35,25.65,100.39,90.80,95.60,1,80.80,1.00,0.09,186.26,147.79,1069.95,1251.50
Diprotodontia,Potoroidae,Bettongia,gaimardi,bettongia gaimardi,1.00,1667.55,-999.00,330.01,-999.00,272.00,-999.00,-999.00,-999.00,-999.00,21.14,-999.00,0.41,0.41,106.50,1.00,-999.00,141.60,0.30,-999.00,19.00,-999.00,303.62,-999.00,4,-999.00,-999,121.32,516.43,-999.00,543;955;1297;1412;1573;1760;2482;2483;2484;2485;2655,-999.00,2.05,-999.00,-999.00,27971.29,-40.74,-43.51,-42.12,148.35,146.21,147.28,0,8.88,1.00,0.01,66.21,103.48,577.61,807.91
Diprotodontia,Potoroidae,Bettongia,lesueur,bettongia lesueur,1.00,1447.27,-999.00,-999.00,-999.00,206.45,-999.00,-999.00,-999.00,-999.00,21.28,-999.00,-999.00,-999.00,119.50,1.00,3.00,120.00,0.31,-999.00,17.00,-999.00,250.53,-999.00,-999,-999.00,-999,164.53,303.31,-999.00,123;955;1297;1760;2655,-999.00,-999.00,-999.00,-999.00,329.35,-20.67,-25.27,-22.97,115.47,113.05,114.26,0,0.00,0.00,-999.00,-999.00,-999.00,-999.00,-999.00
Diprotodontia,Potoroidae,Bettongia,penicillata,bettongia penicillata,1.00,1184.35,-999.00,-999.00,-999.00,288.95,492.20,1070.00,-999.00,-999.00,20.35,-999.00,-999.00,-999.00,102.00,1.00,3.00,72.00,0.28,-999.00,17.74,-999.00,198.41,-999.00,-999,-999.00,-999,150.00,256.90,-999.00,955;1052;1297;1412;1760;2655,-999.00,-999.00,-999.00,-999.00,22986.14,-32.40,-35.06,-33.73,136.20,115.86,126.03,0,4.99,0.00,0.10,64.70,146.88,468.00,1088.99
Diprotodontia,Potoroidae,Bettongia,tropica,bettongia tropica,1.00,1256.58,-999.00,-999.00,-999.00,-999.00,-999.00,-999.00,-999.00,-999.00,19.44,-999.00,-999.00,-999.00,100.00,1.00,-999.00,84.00,-999.00,-999.00,20.00,-999.00,341.28,-999.00,-999,-999.00,-999,149.57,200.00,-999.00,955;2653,-999.00,2.12,-999.00,-999.00,21795.64,-15.22,-17.60,-16.41,144.59,143.41,144.00,0,0.00,0.00,-999.00,82.33,247.95,904.18,1572.14
Rodentia,Cricetidae,Bibimys,chacoensis,bibimys chacoensis,-999.00,28.00,-999.00,-999.00,-999.00,-999.00,-999.00,-999.00,-999.00,-999.00,-999.00,-999.00,-999.00,-999.00,-999.00,-999.00,-999.00,-999.00,-999.00,-999.00,-999.00,-999.00,-999.00,-999.00,-999,-999.00,-999,-999.00,-999.00,-999.00,2655,-999.00,-999.00,-999.00,-999.00,7309.86,-26.74,-28.14,-27.44,-58.46,-59.46,-58.96,7,35.29,7.00,0.06,106.51,210.14,1273.35,1391.54
Rodentia,Cricetidae,Bibimys,labiosus,bibimys labiosus,-999.00,-999.00,-999.00,-999.00,-999.00,-999.00,-999.00,-999.00,-999.00,-999.00,-999.00,-999.00,-999.00,-999.00,-999.00,-999.00,-999.00,-999.00,-999.00,-999.00,-999.00,-999.00,-999.00,-999.00,-999,-999.00,-999,-999.00,-999.00,-999.00,-999,-999.00,-999.00,-999.00,-999.00,21850.70,-19.07,-20.64,-19.86,-42.99,-44.59,-43.79,12,116.42,12.00,0.05,115.72,205.96,1089.22,1289.71
Pilosa,Bradypodidae,Bradypus,torquatus,bradypus torquatus,2.00,4468.42,-999.00,549.99,-999.00,-999.00,-999.00,-999.00,4.00,-999.00,150.00,3.00,0.03,0.03,-999.00,1.00,-999.00,144.00,-999.00,-999.00,-999.00,-999.00,-999.00,1.00,-999,2.00,2,28.28,1468.31,-999.00,511;543;604;605;889;890;899;1573;2151;2287;2655,-999.00,-999.00,-999.00,-999.00,163652.84,-12.48,-23.10,-17.79,-37.95,-44.02,-40.99,7,209.51,13.00,0.07,126.13,220.69,1345.27,1568.54
Pilosa,Bradypodidae,Bradypus,tridactylus,bradypus tridactylus,2.00,4375.80,-999.00,546.36,-999.00,-999.00,-999.00,-999.00,1.00,-999.00,126.96,1.00,-999.00,-999.00,-999.00,1.00,-999.00,-999.00,178.66,-999.00,151.37,-999.00,-999.00,1.00,-999,2.00,1,68.20,-999.00,-999.00,730;889;890;905;1297;2151;2430;2431;2655,-999.00,-999.00,-999.00,-999.00,1806393.57,9.52,-3.31,3.10,-49.88,-69.89,-59.89,0,3.19,0.00,0.14,157.98,250.62,1478.74,1691.34
Pilosa,Bradypodidae,Bradypus,variegatus,bradypus variegatus,2.00,4136.36,-999.00,-999.00,-999.00,-999.00,685.99,3790.00,1.00,-999.00,170.84,1.00,0.01,0.02,365.00,1.00,-999.00,-999.00,271.81,-999.00,508.44,-999.00,-999.00,1.00,-999,2.00,1,39.28,-999.00,-999.00,730;887;889;890;905;1297;1822;1983;2106;2151;2430;2655,-999.00,1.10,-999.00,-999.00,8222753.40,15.99,-27.54,-5.77,-42.23,-87.54,-64.88,0,12.64,0.00,0.12,164.82,244.36,1324.28,1530.89
Rodentia,Echimyidae,Brotomys,contractus,brotomys contractus,-999.00,-999.00,-999.00,-999.00,-999.00,-999.00,-999.00,-999.00,-999.00,-999.00,-999.00,-999.00,-999.00,-999.00,-999.00,-999.00,-999.00,-999.00,-999.00,-999.00,-999.00,-999.00,-999.00,-999.00,-999,-999.00,-999,-999.00,-999.00,-999.00,-999,-999.00,-999.00,-999.00,-999.00,-999.00,-999.00,-999.00,-999.00,-999.00,-999.00,-999.00,-999,-999.00,-999.00,-999.00,-999.00,-999.00,-999.00,-999.00
Rodentia,Echimyidae,Brotomys,voratus,brotomys voratus,-999.00,-999.00,-999.00,-999.00,-999.00,-999.00,-999.00,-999.00,-999.00,-999.00,-999.00,-999.00,-999.00,-999.00,-999.00,-999.00,-999.00,-999.00,-999.00,-999.00,-999.00,-999.00,-999.00,-999.00,-999,-999.00,-999,-999.00,-999.00,-999.00,-999,-999.00,-999.00,-999.00,-999.00,-999.00,-999.00,-999.00,-999.00,-999.00,-999.00,-999.00,-999,-999.00,-999.00,-999.00,-999.00,-999.00,-999.00,-999.00
Rodentia,Cricetidae,Brucepattersonius,albinasus,brucepattersonius albinasus,-999.00,-999.00,-999.00,-999.00,-999.00,-999.00,-999.00,-999.00,-999.00,-999.00,-999.00,-999.00,-999.00,-999.00,-999.00,-999.00,-999.00,-999.00,-999.00,-999.00,-999.00,-999.00,-999.00,-999.00,-999,-999.00,-999,-999.00,-999.00,-999.00,-999,-999.00,-999.00,-999.00,-999.00,-999.00,-999.00,-999.00,-999.00,-999.00,-999.00,-999.00,-999,-999.00,-999.00,-999.00,-999.00,-999.00,-999.00,-999.00
Rodentia,Cricetidae,Brucepattersonius,griserufescens,brucepattersonius griserufescens,-999.00,-999.00,-999.00,-999.00,-999.00,-999.00,-999.00,-999.00,-999.00,-999.00,-999.00,-999.00,-999.00,-999.00,-999.00,-999.00,-999.00,-999.00,-999.00,-999.00,-999.00,-999.00,-999.00,-999.00,-999,-999.00,-999,-999.00,-999.00,-999.00,-999,-999.00,-999.00,-999.00,-999.00,-999.00,-999.00,-999.00,-999.00,-999.00,-999.00,-999.00,-999,-999.00,-999.00,-999.00,-999.00,-999.00,-999.00,-999.00
Rodentia,Cricetidae,Brucepattersonius,guarani,brucepattersonius guarani,-999.00,-999.00,-999.00,-999.00,-999.00,-999.00,-999.00,-999.00,-999.00,-999.00,-999.00,-999.00,-999.00,-999.00,-999.00,-999.00,-999.00,-999.00,-999.00,-999.00,-999.00,-999.00,-999.00,-999.00,-999,-999.00,-999,-999.00,-999.00,-999.00,-999,-999.00,-999.00,-999.00,-999.00,-999.00,-999.00,-999.00,-999.00,-999.00,-999.00,-999.00,-999,-999.00,-999.00,-999.00,-999.00,-999.00,-999.00,-999.00
Rodentia,Cricetidae,Brucepattersonius,igniventris,brucepattersonius igniventris,-999.00,-999.00,-999.00,-999.00,-999.00,-999.00,-999.00,-999.00,-999.00,-999.00,-999.00,-999.00,-999.00,-999.00,-999.00,-999.00,-999.00,-999.00,-999.00,-999.00,-999.00,-999.00,-999.00,-999.00,-999,-999.00,-999,-999.00,-999.00,-999.00,-999,-999.00,-999.00,-999.00,-999.00,-999.00,-999.00,-999.00,-999.00,-999.00,-999.00,-999.00,-999,-999.00,-999.00,-999.00,-999.00,-999.00,-999.00,-999.00
Rodentia,Cricetidae,Brucepattersonius,iheringi,brucepattersonius iheringi,-999.00,43.00,-999.00,-999.00,-999.00,-999.00,-999.00,-999.00,1.00,-999.00,-999.00,-999.00,-999.00,-999.00,-999.00,-999.00,-999.00,-999.00,-999.00,-999.00,-999.00,-999.00,-999.00,-999.00,-999,-999.00,3,-999.00,-999.00,-999.00,890;2655,-999.00,-999.00,-999.00,-999.00,93980.28,-25.58,-33.68,-29.63,-48.63,-55.57,-52.10,3,55.29,5.00,0.07,125.57,180.76,1078.69,1246.11
Rodentia,Cricetidae,Brucepattersonius,misionensis,brucepattersonius misionensis,-999.00,-999.00,-999.00,-999.00,-999.00,-999.00,-999.00,-999.00,-999.00,-999.00,-999.00,-999.00,-999.00,-999.00,-999.00,-999.00,-999.00,-999.00,-999.00,-999.00,-999.00,-999.00,-999.00,-999.00,-999,-999.00,-999,-999.00,-999.00,-999.00,-999,-999.00,-999.00,-999.00,-999.00,-999.00,-999.00,-999.00,-999.00,-999.00,-999.00,-999.00,-999,-999.00,-999.00,-999.00,-999.00,-999.00,-999.00,-999.00
Rodentia,Cricetidae,Brucepattersonius,paradisus,brucepattersonius paradisus,-999.00,-999.00,-999.00,-999.00,-999.00,-999.00,-999.00,-999.00,-999.00,-999.00,-999.00,-999.00,-999.00,-999.00,-999.00,-999.00,-999.00,-999.00,-999.00,-999.00,-999.00,-999.00,-999.00,-999.00,-999,-999.00,-999,-999.00,-999.00,-999.00,-999,-999.00,-999.00,-999.00,-999.00,-999.00,-999.00,-999.00,-999.00,-999.00,-999.00,-999.00,-999,-999.00,-999.00,-999.00,-999.00,-999.00,-999.00,-999.00
Rodentia,Cricetidae,Brucepattersonius,soricinus,brucepattersonius soricinus,-999.00,-999.00,-999.00,-999.00,-999.00,-999.00,-999.00,-999.00,-999.00,-999.00,-999.00,-999.00,-999.00,-999.00,-999.00,-999.00,-999.00,-999.00,-999.00,-999.00,-999.00,-999.00,-999.00,-999.00,-999,-999.00,-999,-999.00,-999.00,-999.00,-999,-999.00,-999.00,-999.00,-999.00,-999.00,-999.00,-999.00,-999.00,-999.00,-999.00,-999.00,-999,-999.00,-999.00,-999.00,-999.00,-999.00,-999.00,-999.00
Artiodactyla,Bovidae,Bubalus,bubalis,bubalus bubalis,-999.00,929500.97,-999.00,2649.52,-999.00,-999.00,-999.00,-999.00,2.00,912.49,320.00,1.00,3.63,-999.00,547.50,1.50,1.00,339.00,-999.00,-999.00,1.06,-999.00,755.15,-999.00,-999,1.00,1,240.31,-999.00,-999.00,511;543;730;899;1297;1525;1848;2152;2655,-999.00,-999.00,-999.00,-999.00,978657.33,27.44,14.51,20.98,100.00,84.68,92.34,2,254.70,10.00,0.08,154.04,223.58,1028.93,1394.47
Artiodactyla,Bovidae,Bubalus,depressicornis,bubalus depressicornis,3.00,256989.27,-999.00,1728.58,-999.00,-999.00,-999.00,-999.00,3.00,-999.00,295.78,1.00,-999.00,-999.00,-999.00,1.00,1.00,432.96,-999.00,-999.00,-999.00,-999.00,755.15,1.00,-999,1.00,1,-999.00,-999.00,-999.00,511;543;899;1297;1525;1848;2655,-999.00,-999.00,-999.00,-999.00,41026.70,0.85,-3.51,-1.33,123.99,119.57,121.78,17,40.00,17.00,0.09,227.75,197.83,1814.71,1867.36
Artiodactyla,Bovidae,Bubalus,mindorensis,bubalus mindorensis,2.00,254389.74,-999.00,2199.99,-999.00,-999.00,-999.00,-999.00,2.00,1095.00,306.06,1.00,-999.00,-999.00,1095.00,1.00,1.00,336.00,-999.00,-999.00,-999.00,11.00,755.15,1.00,-999,1.00,1,-999.00,-999.00,-999.00,511;543;714;899;1848;2152;2655,-999.00,-999.00,-999.00,-999.00,9912.75,13.53,12.20,12.86,121.55,120.29,120.92,20,161.33,20.00,0.15,196.39,239.81,-999.00,-999.00
Artiodactyla,Bovidae,Bubalus,quarlesi,bubalus quarlesi,3.00,181718.86,-999.00,1577.97,-999.00,-999.00,-999.00,-999.00,3.00,-999.00,294.99,-999.00,-999.00,-999.00,-999.00,1.00,1.00,270.00,-999.00,-999.00,-999.00,-999.00,755.15,1.00,-999,-999.00,1,-999.00,-999.00,-999.00,899;1525;1848;2655,-999.00,-999.00,-999.00,-999.00,56312.24,0.79,-5.45,-2.33,123.60,119.41,121.51,17,62.95,17.00,0.08,228.75,205.08,1813.15,1903.28
Artiodactyla,Bovidae,Budorcas,taxicolor,budorcas taxicolor,-999.00,294515.33,-999.00,1736.00,-999.00,-999.00,-999.00,-999.00,3.00,-999.00,235.60,1.00,-999.00,-999.00,365.00,1.22,-999.00,234.96,-999.00,-999.00,-999.00,300.00,928.08,14.00,4,1.00,1,118.55,-999.00,-999.00,511;543;899;1297;1525;1848;2116;2555;2655,-999.00,1.10,-999.00,-999.00,402044.43,34.44,25.85,30.15,108.95,88.22,98.58,1,58.63,1.50,0.08,129.45,39.88,808.24,1002.24
Rodentia,Muridae,Bullimus,bagobus,bullimus bagobus,-999.00,395.38,-999.00,289.61,-999.00,-999.00,-999.00,-999.00,-999.00,-999.00,-999.00,-999.00,-999.00,-999.00,-999.00,-999.00,-999.00,-999.00,-999.00,-999.00,-999.00,-999.00,-999.00,-999.00,-999,-999.00,-999,-999.00,-999.00,-999.00,456;2152;2655,-999.00,-999.00,-999.00,-999.00,119550.35,12.58,5.55,9.07,126.60,121.89,124.24,33,172.95,55.00,0.11,183.10,241.07,1565.18,1739.39
Rodentia,Muridae,Bullimus,gamay,bullimus gamay,-999.00,-999.00,-999.00,-999.00,-999.00,-999.00,-999.00,-999.00,-999.00,-999.00,-999.00,-999.00,-999.00,-999.00,-999.00,-999.00,-999.00,-999.00,-999.00,-999.00,-999.00,-999.00,-999.00,-999.00,-999,-999.00,-999,-999.00,-999.00,-999.00,-999,-999.00,-999.00,-999.00,-999.00,-999.00,-999.00,-999.00,-999.00,-999.00,-999.00,-999.00,-999,-999.00,-999.00,-999.00,-999.00,-999.00,-999.00,-999.00
Rodentia,Muridae,Bullimus,luzonicus,bullimus luzonicus,-999.00,-999.00,-999.00,239.99,-999.00,-999.00,-999.00,-999.00,-999.00,-999.00,-999.00,-999.00,-999.00,-999.00,-999.00,-999.00,-999.00,-999.00,-999.00,-999.00,-999.00,-999.00,-999.00,-999.00,-999,-999.00,-999,-999.00,-999.00,-999.00,2152,388.57,-999.00,-999.00,-999.00,36674.54,18.65,16.58,17.61,122.52,120.33,121.43,19,128.28,29.00,0.05,206.13,223.05,1438.26,1728.78
Lagomorpha,Leporidae,Bunolagus,monticularis,bunolagus monticularis,1.00,1750.01,-999.00,430.00,-999.00,-999.00,-999.00,-999.00,3.00,-999.00,-999.00,-999.00,0.14,0.15,-999.00,1.22,-999.00,-999.00,42.42,-999.00,-999.00,1.00,-999.00,-999.00,-999,-999.00,1,-999.00,-999.00,-999.00,95;899;1297;1601;2655,-999.00,-999.00,-999.00,-999.00,37052.01,-30.69,-32.45,-31.57,22.61,19.75,21.18,0,0.71,0.00,0.06,14.27,156.15,259.38,939.53
Rodentia,Muridae,Bunomys,andrewsi,bunomys andrewsi,-999.00,-999.00,-999.00,-999.00,-999.00,-999.00,-999.00,-999.00,-999.00,-999.00,-999.00,-999.00,-999.00,-999.00,-999.00,-999.00,-999.00,-999.00,-999.00,-999.00,-999.00,-999.00,-999.00,-999.00,-999,-999.00,-999,-999.00,-999.00,-999.00,-999,-999.00,-999.00,-999.00,-999.00,117802.45,-0.64,-5.70,-3.17,123.22,118.75,120.98,17,103.69,17.00,0.08,228.96,213.36,1814.28,1899.06
Rodentia,Muridae,Bunomys,chrysocomus,bunomys chrysocomus,-999.00,111.29,-999.00,-999.00,-999.00,-999.00,-999.00,-999.00,-999.00,-999.00,-999.00,-999.00,-999.00,-999.00,-999.00,-999.00,-999.00,-999.00,-999.00,-999.00,-999.00,-999.00,-999.00,-999.00,-999,-999.00,-999,-999.00,-999.00,-999.00,456,-999.00,-999.00,-999.00,-999.00,153381.79,1.75,-5.70,-1.97,125.24,118.75,121.99,17,104.87,17.00,0.07,227.92,214.67,1814.28,1899.06
Rodentia,Muridae,Bunomys,coelestis,bunomys coelestis,-999.00,-999.00,-999.00,-999.00,-999.00,-999.00,-999.00,-999.00,-999.00,-999.00,-999.00,-999.00,-999.00,-999.00,-999.00,-999.00,-999.00,-999.00,-999.00,-999.00,-999.00,-999.00,-999.00,-999.00,-999,-999.00,-999,-999.00,-999.00,-999.00,-999,-999.00,-999.00,-999.00,-999.00,680.95,-3.50,-5.42,-4.46,121.35,119.81,120.58,36,151.58,36.00,0.06,234.66,217.65,-999.00,-999.00
Rodentia,Muridae,Bunomys,fratrorum,bunomys fratrorum,-999.00,130.31,-999.00,-999.00,-999.00,-999.00,-999.00,-999.00,-999.00,-999.00,-999.00,-999.00,-999.00,-999.00,-999.00,-999.00,-999.00,-999.00,-999.00,-999.00,-999.00,-999.00,-999.00,-999.00,-999,-999.00,-999,-999.00,-999.00,-999.00,456,-999.00,-999.00,-999.00,-999.00,358.08,0.95,0.75,0.85,122.56,122.37,122.47,53,73.50,53.00,0.05,226.00,214.00,-999.00,-999.00
Rodentia,Muridae,Bunomys,penitus,bunomys penitus,-999.00,-999.00,-999.00,-999.00,-999.00,-999.00,-999.00,-999.00,-999.00,-999.00,-999.00,-999.00,-999.00,-999.00,-999.00,-999.00,-999.00,-999.00,-999.00,-999.00,-999.00,-999.00,-999.00,-999.00,-999,-999.00,-999,-999.00,-999.00,-999.00,-999,-999.00,-999.00,-999.00,-999.00,49798.01,-1.24,-4.06,-2.65,122.14,119.31,120.73,17,37.73,17.00,0.10,227.45,201.09,1814.99,1903.22
Rodentia,Muridae,Bunomys,prolatus,bunomys prolatus,-999.00,-999.00,-999.00,-999.00,-999.00,-999.00,-999.00,-999.00,-999.00,-999.00,-999.00,-999.00,-999.00,-999.00,-999.00,-999.00,-999.00,-999.00,-999.00,-999.00,-999.00,-999.00,-999.00,-999.00,-999,-999.00,-999,-999.00,-999.00,-999.00,-999,-999.00,-999.00,-999.00,-999.00,322.44,-1.53,-1.71,-1.62,121.46,121.28,121.37,17,17.00,17.00,0.13,234.00,190.00,1798.00,1831.00
Primates,Hylobatidae,Bunopithecus,hoolock,bunopithecus hoolock,3.00,6699.00,-999.00,547.49,-999.00,-999.00,-999.00,-999.00,5.00,-999.00,232.50,1.00,0.16,0.23,-999.00,1.01,-999.00,-999.00,-999.00,-999.00,7.00,-999.00,2689.08,3.20,-999,2.00,2,635.13,-999.00,-999.00,47;208;610;615;730;1015;1112;1297;1452;1544;1547;1848;2344;2453;2655;2660;2986,-999.00,-999.00,-999.00,-999.00,267771.52,27.80,19.08,23.44,99.51,92.54,96.03,1,72.15,2.00,0.08,153.60,174.57,1095.24,1318.69
Chiroptera,Molossidae,Cheiromeles,parvidens,cheiromeles parvidens,-999.00,-999.00,-999.00,-999.00,-999.00,-999.00,-999.00,-999.00,1.00,-999.00,-999.00,-999.00,-999.00,-999.00,-999.00,-999.00,-999.00,-999.00,-999.00,-999.00,-999.00,-999.00,-999.00,-999.00,-999,-999.00,3,-999.00,-999.00,-999.00,679,-999.00,-999.00,-999.00,-999.00,288626.23,13.53,-5.70,3.91,126.60,118.75,122.67,5,129.71,17.00,0.09,203.66,225.93,1659.61,1810.96
Chiroptera,Molossidae,Cheiromeles,torquatus,cheiromeles torquatus,-999.00,169.43,81.49,-999.00,-999.00,-999.00,-999.00,-999.00,1.00,-999.00,-999.00,1.00,-999.00,-999.00,-999.00,-999.00,-999.00,-999.00,-999.00,-999.00,-999.00,-999.00,-999.00,-999.00,-999,2.00,3,-999.00,-999.00,-999.00,196;679;1658;2143;2151;2622;2655;2719,-999.00,-999.00,-999.00,-999.00,1212454.98,11.42,-8.78,1.32,119.71,95.69,107.70,1,155.39,4.00,0.14,236.22,250.07,1659.30,1731.33
Rodentia,Cricetidae,Chelemys,delfini,chelemys delfini,-999.00,-999.00,-999.00,-999.00,-999.00,-999.00,-999.00,-999.00,-999.00,-999.00,-999.00,-999.00,-999.00,-999.00,-999.00,-999.00,-999.00,-999.00,-999.00,-999.00,-999.00,-999.00,-999.00,-999.00,-999,-999.00,-999,-999.00,-999.00,-999.00,-999,-999.00,-999.00,-999.00,-999.00,-999.00,-999.00,-999.00,-999.00,-999.00,-999.00,-999.00,-999,-999.00,-999.00,-999.00,-999.00,-999.00,-999.00,-999.00
Rodentia,Cricetidae,Chelemys,macronyx,chelemys macronyx,2.00,70.99,-999.00,-999.00,-999.00,-999.00,84.32,62.00,4.00,-999.00,-999.00,2.00,-999.00,-999.00,-999.00,4.37,-999.00,-999.00,-999.00,-999.00,263.07,-999.00,-999.00,-999.00,-999,1.00,2,-999.00,-999.00,-999.00,730;890;1297;1822;2242;2655,-999.00,-999.00,-999.00,-999.00,199620.99,-33.45,-51.71,-42.58,-69.30,-73.77,-71.53,0,27.32,0.00,0.09,74.44,54.62,520.43,775.11
Rodentia,Cricetidae,Chelemys,megalonyx,chelemys megalonyx,-999.00,50.80,-999.00,-999.00,-999.00,-999.00,-999.00,-999.00,-999.00,-999.00,-999.00,2.00,-999.00,-999.00,-999.00,-999.00,-999.00,-999.00,-999.00,-999.00,-999.00,-999.00,-999.00,-999.00,-999,1.00,-999,-999.00,-999.00,-999.00,890;2655,-999.00,-999.00,-999.00,-999.00,119540.42,-30.53,-39.32,-34.92,-70.27,-73.65,-71.96,2,89.14,4.00,0.06,54.92,81.14,453.17,911.59
Rodentia,Cricetidae,Chibchanomys,orcesi,chibchanomys orcesi,-999.00,-999.00,-999.00,-999.00,-999.00,-999.00,-999.00,-999.00,-999.00,-999.00,-999.00,-999.00,-999.00,-999.00,-999.00,-999.00,-999.00,-999.00,-999.00,-999.00,-999.00,-999.00,-999.00,-999.00,-999,-999.00,-999,-999.00,-999.00,-999.00,-999,-999.00,-999.00,-999.00,-999.00,-999.00,-999.00,-999.00,-999.00,-999.00,-999.00,-999.00,-999,-999.00,-999.00,-999.00,-999.00,-999.00,-999.00,-999.00
Rodentia,Cricetidae,Chibchanomys,trichotis,chibchanomys trichotis,-999.00,49.99,-999.00,-999.00,-999.00,-999.00,-999.00,-999.00,-999.00,-999.00,-999.00,-999.00,-999.00,-999.00,-999.00,0.97,-999.00,-999.00,-999.00,-999.00,-999.00,-999.00,-999.00,-999.00,-999,-999.00,-999,-999.00,-999.00,-999.00,1297;2655,-999.00,-999.00,-999.00,-999.00,222554.14,9.11,-7.01,1.05,-71.56,-79.49,-75.53,2,43.77,2.00,0.10,134.21,204.49,1346.53,1504.37
Rodentia,Cricetidae,Chilomys,instans,chilomys instans,-999.00,19.00,-999.00,-999.00,-999.00,-999.00,-999.00,-999.00,-999.00,-999.00,-999.00,-999.00,-999.00,-999.00,-999.00,-999.00,-999.00,-999.00,-999.00,-999.00,-999.00,-999.00,-999.00,-999.00,-999,-999.00,-999,-999.00,-999.00,-999.00,2655,-999.00,-999.00,-999.00,-999.00,84512.45,10.52,1.45,5.98,-70.05,-76.24,-73.14,2,69.93,5.00,0.09,106.61,197.60,1425.97,1575.89
Chiroptera,Natalidae,Chilonatalus,micropus,chilonatalus micropus,-999.00,-999.00,33.50,-999.00,-999.00,-999.00,-999.00,-999.00,1.00,-999.00,-999.00,1.00,-999.00,-999.00,-999.00,-999.00,-999.00,-999.00,-999.00,-999.00,-999.00,-999.00,-999.00,-999.00,-999,2.00,3,-999.00,-999.00,-999.00,889;1658;2151,5.86,-999.00,-999.00,-999.00,192773.97,23.19,13.31,18.25,-68.31,-84.95,-76.63,2,156.27,23.00,0.04,106.88,246.31,1361.58,1646.11
Chiroptera,Natalidae,Chilonatalus,tumidifrons,chilonatalus tumidifrons,-999.00,3.62,32.99,-999.00,-999.00,-999.00,-999.00,-999.00,1.00,-999.00,-999.00,1.00,-999.00,-999.00,-999.00,-999.00,-999.00,-999.00,-999.00,-999.00,-999.00,-999.00,-999.00,-999.00,-999,2.00,3,-999.00,-999.00,-999.00,889;1222;1658;2151;2655,-999.00,-999.00,-999.00,-999.00,1525.32,26.91,23.43,25.17,-74.42,-77.58,-76.00,4,8.63,4.00,0.11,-999.00,-999.00,-999.00,-999.00
Soricomorpha,Soricidae,Chimarrogale,hantu,chimarrogale hantu,-999.00,54.99,-999.00,103.50,-999.00,-999.00,-999.00,-999.00,1.00,-999.00,-999.00,2.00,-999.00,-999.00,-999.00,-999.00,-999.00,-999.00,-999.00,-999.00,-999.00,-999.00,-999.00,-999.00,-999,1.00,3,-999.00,-999.00,-999.00,626;630;1456;2655,-999.00,-999.00,-999.00,-999.00,24502.23,5.21,3.22,4.21,102.74,101.27,102.00,3,89.28,3.00,0.09,203.26,246.28,1681.13,1781.96
Soricomorpha,Soricidae,Chimarrogale,himalayica,chimarrogale himalayica,2.00,33.50,-999.00,107.52,-999.00,-999.00,-999.00,-999.00,2.00,-999.00,-999.00,2.00,-999.00,-999.00,-999.00,-999.00,3.00,-999.00,-999.00,-999.00,-999.00,-999.00,-999.00,-999.00,-999,1.00,3,-999.00,-999.00,-999.00,103;626;630;1456;1837;1973;2655,-999.00,-999.00,-999.00,-999.00,2340589.67,36.34,16.57,26.45,121.45,77.14,99.30,0,160.16,4.00,0.07,118.57,123.48,955.34,1100.39
Soricomorpha,Soricidae,Chimarrogale,phaeura,chimarrogale phaeura,-999.00,-999.00,-999.00,100.49,-999.00,-999.00,-999.00,-999.00,1.00,-999.00,-999.00,2.00,-999.00,-999.00,-999.00,-999.00,-999.00,-999.00,-999.00,-999.00,-999.00,-999.00,-999.00,-999.00,-999,1.00,3,-999.00,-999.00,-999.00,626;630;1456,31.47,-999.00,-999.00,-999.00,10154.88,6.56,5.02,5.79,117.70,116.42,117.06,4,36.20,4.00,0.30,249.23,244.88,1791.85,1838.64
Soricomorpha,Soricidae,Chimarrogale,platycephalus,chimarrogale platycephalus,3.00,36.32,-999.00,116.49,-999.00,-999.00,-999.00,-999.00,2.00,-999.00,-999.00,2.00,-999.00,-999.00,-999.00,-999.00,-999.00,-999.00,-999.00,-999.00,-999.00,-999.00,-999.00,-999.00,-999,1.00,3,-999.00,-999.00,-999.00,626;630;1456;1837;2655,-999.00,-999.00,-999.00,-999.00,144298.51,36.59,30.98,33.79,139.98,129.55,134.77,112,437.95,114.00,6.5865523042598e-03,145.89,113.15,842.08,859.66
Soricomorpha,Soricidae,Chimarrogale,styani,chimarrogale styani,-999.00,-999.00,-999.00,102.00,-999.00,-999.00,-999.00,-999.00,1.00,-999.00,-999.00,2.00,-999.00,-999.00,-999.00,-999.00,-999.00,-999.00,-999.00,-999.00,-999.00,-999.00,-999.00,-999.00,-999,1.00,3,-999.00,-999.00,-999.00,626;630;1456,32.86,-999.00,-999.00,-999.00,670833.47,34.75,25.69,30.22,107.60,94.92,101.26,0,70.98,2.00,0.07,127.18,28.42,743.62,920.29
Soricomorpha,Soricidae,Chimarrogale,sumatrana,chimarrogale sumatrana,-999.00,-999.00,-999.00,-999.00,-999.00,-999.00,-999.00,-999.00,1.00,-999.00,-999.00,2.00,-999.00,-999.00,-999.00,-999.00,-999.00,-999.00,-999.00,-999.00,-999.00,-999.00,-999.00,-999.00,-999,1.00,3,-999.00,-999.00,-999.00,626;1456,-999.00,-999.00,-999.00,-999.00,16144.13,-0.26,-1.65,-0.95,102.24,100.48,101.36,20,88.00,20.00,0.10,308.06,235.85,1688.27,1824.84
Rodentia,Chinchillidae,Chinchilla,chinchilla,chinchilla chinchilla,2.00,499.99,-999.00,305.00,0.00,-999.00,-999.00,-999.00,6.00,-999.00,111.00,1.00,-999.00,-999.00,-999.00,2.50,2.50,120.00,-999.00,-999.00,-999.00,100.00,247.48,-999.00,6,1.00,1,48.99,-999.00,-999.00,511;543;899;1297;2151;2655,-999.00,-999.00,-999.00,-999.00,492097.47,-13.23,-31.34,-22.28,-64.33,-71.59,-67.96,0,11.54,0.00,0.07,56.04,20.05,508.24,1261.12
Rodentia,Chinchillidae,Chinchilla,lanigera,chinchilla lanigera,2.00,480.28,-999.00,305.00,-999.00,-999.00,282.10,403.00,6.00,-999.00,112.47,1.00,-999.00,-999.00,-999.00,1.87,-999.00,135.60,39.59,-999.00,958.94,100.00,222.33,-999.00,6,1.00,1,-999.00,-999.00,-999.00,511;543;890;899;1297;1492;1577;1627;1822;2151;2655,-999.00,-999.00,-999.00,-999.00,36255.13,-28.24,-32.54,-30.39,-70.32,-71.71,-71.01,1,18.86,1.00,0.04,11.48,72.17,154.67,1160.86
Rodentia,Cricetidae,Chinchillula,sahamae,chinchillula sahamae,1.00,169.74,-999.00,-999.00,-999.00,-999.00,-999.00,-999.00,3.00,-999.00,-999.00,1.00,-999.00,-999.00,-999.00,-999.00,-999.00,-999.00,-999.00,-999.00,-999.00,-999.00,-999.00,-999.00,-999,1.00,2,-999.00,-999.00,-999.00,890;2655,-999.00,-999.00,-999.00,-999.00,253693.91,-12.38,-20.46,-16.42,-67.59,-73.52,-70.55,0,17.21,0.00,0.04,90.56,45.76,702.51,1246.60
Rodentia,Cricetidae,Chionomys,gud,chionomys gud,-999.00,-999.00,-999.00,-999.00,-999.00,-999.00,-999.00,-999.00,-999.00,-999.00,-999.00,-999.00,-999.00,-999.00,-999.00,5.83,2.50,-999.00,-999.00,-999.00,-999.00,-999.00,-999.00,-999.00,-999,-999.00,-999,-999.00,-999.00,-999.00,1297,-999.00,-999.00,-999.00,-999.00,110928.21,45.26,40.32,42.79,48.65,39.87,44.26,9,59.76,14.00,0.01,62.87,29.55,603.82,721.78
Rodentia,Cricetidae,Chionomys,nivalis,chionomys nivalis,-999.00,42.01,-999.00,-999.00,-999.00,-999.00,81.01,32.80,-999.00,-999.00,20.92,-999.00,-999.00,-999.00,33.00,3.42,2.00,-999.00,3.70,-999.00,-999.00,-999.00,371.23,-999.00,-999,-999.00,-999,21.00,-999.00,-999.00,1297;1822;2655,-999.00,-999.00,-999.00,-999.00,777915.74,49.54,33.07,41.31,56.24,-6.87,24.68,3,87.32,13.00,0.02,63.35,70.57,540.61,788.91
Rodentia,Cricetidae,Chionomys,roberti,chionomys roberti,-999.00,-999.00,-999.00,-999.00,-999.00,-999.00,-999.00,-999.00,-999.00,-999.00,-999.00,-999.00,-999.00,-999.00,-999.00,1.94,-999.00,-999.00,-999.00,-999.00,-999.00,-999.00,-999.00,-999.00,-999,-999.00,-999,-999.00,-999.00,-999.00,1297,-999.00,-999.00,-999.00,-999.00,90790.68,43.40,39.84,41.62,45.52,37.53,41.52,11,65.19,17.00,-8.25676960042406e-03,77.97,24.75,606.39,758.74
Chiroptera,Phyllostomidae,Chiroderma,doriae,chiroderma doriae,-999.00,19.90,52.50,-999.00,-999.00,-999.00,31.24,19.90,1.00,-999.00,106.45,1.00,-999.00,-999.00,-999.00,1.00,-999.00,-999.00,-999.00,-999.00,-999.00,-999.00,-999.00,-999.00,-999,2.00,1,-999.00,-999.00,-999.00,706;890;1297;1658;2151;2655,-999.00,-999.00,-999.00,-999.00,499911.44,-16.83,-26.19,-21.51,-40.87,-49.59,-45.23,4,142.11,9.00,0.06,125.32,200.37,1171.84,1357.16
Chiroptera,Phyllostomidae,Chiroderma,improvisum,chiroderma improvisum,-999.00,35.39,57.50,-999.00,-999.00,-999.00,-999.00,-999.00,1.00,-999.00,-999.00,1.00,-999.00,-999.00,-999.00,-999.00,-999.00,-999.00,-999.00,-999.00,-999.00,-999.00,-999.00,-999.00,-999,2.00,1,-999.00,-999.00,-999.00,890;1658;2151;2622;2655,-999.00,-999.00,-999.00,-999.00,1580.07,16.81,15.94,16.38,-61.16,-62.24,-61.70,104,221.77,104.00,0.06,-999.00,-999.00,-999.00,-999.00
Chiroptera,Phyllostomidae,Chiroderma,salvini,chiroderma salvini,-999.00,26.30,47.50,-999.00,-999.00,-999.00,-999.00,-999.00,1.00,-999.00,-999.00,1.00,-999.00,-999.00,-999.00,0.99,-999.00,-999.00,-999.00,-999.00,-999.00,-999.00,-999.00,-999.00,-999,2.00,1,-999.00,-999.00,-999.00,196;890;1297;1316;1658;2151;2622;2655;2719,-999.00,-999.00,-999.00,-999.00,3181262.57,26.71,-18.74,3.98,-61.87,-109.44,-85.66,0,48.18,1.00,0.11,137.60,208.68,1201.84,1536.73
Chiroptera,Phyllostomidae,Chiroderma,trinitatum,chiroderma trinitatum,-999.00,13.91,36.38,-999.00,-999.00,-999.00,-999.00,-999.00,1.00,-999.00,-999.00,1.00,-999.00,-999.00,-999.00,0.98,-999.00,-999.00,-999.00,-999.00,-999.00,-999.00,-999.00,-999.00,-999,2.00,1,-999.00,-999.00,-999.00,108;196;890;1297;1658;2151;2622;2655,-999.00,-999.00,-999.00,-999.00,9415792.03,12.46,-22.29,-4.91,-44.81,-82.67,-63.74,0,11.91,0.00,0.13,164.23,244.15,1370.19,1566.17
Chiroptera,Phyllostomidae,Chiroderma,villosum,chiroderma villosum,-999.00,23.81,45.51,63.99,-999.00,-999.00,-999.00,-999.00,1.00,-999.00,121.66,1.00,-999.00,-999.00,-999.00,0.99,-999.00,-999.00,-999.00,-999.00,-999.00,-999.00,-999.00,-999.00,-999,2.00,1,-999.00,-999.00,-999.00,196;890;892;1297;1316;1658;2143;2151;2622;2655,-999.00,-999.00,-999.00,-999.00,10366490.11,21.62,-23.84,-1.11,-46.26,-97.26,-71.76,0,16.68,0.00,0.13,159.13,239.17,1347.71,1560.90
Rodentia,Muridae,Chiromyscus,chiropus,chiromyscus chiropus,-999.00,-999.00,-999.00,-999.00,-999.00,-999.00,-999.00,-999.00,-999.00,-999.00,-999.00,-999.00,-999.00,-999.00,-999.00,-999.00,-999.00,-999.00,-999.00,-999.00,-999.00,-999.00,-999.00,-999.00,-999,-999.00,-999,-999.00,-999.00,-999.00,-999,-999.00,-999.00,-999.00,-999.00,460796.22,22.84,16.35,19.59,107.78,98.71,103.25,5,118.88,10.00,0.10,137.31,211.88,1086.51,1364.88
Chiroptera,Pteropodidae,Chironax,melanocephalus,chironax melanocephalus,-999.00,17.70,45.50,-999.00,-999.00,-999.00,-999.00,-999.00,1.00,-999.00,-999.00,1.00,-999.00,-999.00,-999.00,0.98,-999.00,-999.00,-999.00,-999.00,-999.00,-999.00,-999.00,-999.00,-999,2.00,1,-999.00,-999.00,-999.00,196;360;1297;1658;2017;2151;2655;2719,-999.00,-999.00,-999.00,-999.00,427413.21,8.37,-7.14,0.61,125.05,95.68,110.36,3,153.43,9.00,0.12,232.64,245.24,1706.40,1792.67
Didelphimorphia,Didelphidae,Chironectes,minimus,chironectes minimus,1.00,974.33,-999.00,297.50,41.50,-999.00,548.68,946.00,4.00,-999.00,-999.00,3.00,-999.00,-999.00,365.00,3.24,-999.00,36.00,-999.00,-999.00,-999.00,-999.00,344.87,1.00,4,1.00,2,108.36,70.00,-999.00,543;889;890;905;955;1297;1412;1822;1887;2151;2655,-999.00,1.10,-999.00,-999.00,3719496.58,18.97,-32.23,-6.63,-41.14,-100.29,-70.72,0,42.52,0.00,0.11,161.92,230.68,1357.31,1522.37
Rodentia,Muridae,Chiropodomys,calamianensis,chiropodomys calamianensis,-999.00,28.90,-999.00,93.99,-999.00,-999.00,-999.00,-999.00,-999.00,-999.00,-999.00,-999.00,-999.00,-999.00,-999.00,-999.00,-999.00,-999.00,-999.00,-999.00,-999.00,-999.00,-999.00,-999.00,-999,-999.00,-999,-999.00,-999.00,-999.00,2152,-999.00,-999.00,-999.00,-999.00,12831.87,12.33,7.80,10.06,120.34,116.93,118.63,22,43.33,25.00,0.21,224.00,249.78,-999.00,-999.00
Rodentia,Muridae,Chiropodomys,gliroides,chiropodomys gliroides,-999.00,23.68,-999.00,-999.00,-999.00,-999.00,-999.00,-999.00,-999.00,-999.00,20.13,-999.00,-999.00,-999.00,-999.00,1.65,-999.00,-999.00,2.79,-999.00,-999.00,-999.00,-999.00,-999.00,-999,-999.00,-999,16.87,-999.00,-999.00,456;1268;1297;1969;2506;2655,-999.00,-999.00,-999.00,-999.00,847918.53,28.45,-8.84,9.80,115.71,90.12,102.92,1,233.32,4.00,0.09,177.02,210.30,1248.42,1511.33
Rodentia,Muridae,Chiropodomys,karlkoopmani,chiropodomys karlkoopmani,-999.00,-999.00,-999.00,-999.00,-999.00,-999.00,-999.00,-999.00,-999.00,-999.00,-999.00,-999.00,-999.00,-999.00,-999.00,-999.00,-999.00,-999.00,-999.00,-999.00,-999.00,-999.00,-999.00,-999.00,-999,-999.00,-999,-999.00,-999.00,-999.00,-999,-999.00,-999.00,-999.00,-999.00,4520.24,-0.91,-2.85,-1.88,100.22,98.58,99.40,43,48.71,43.00,0.10,340.00,259.00,-999.00,-999.00
Rodentia,Muridae,Chiropodomys,major,chiropodomys major,-999.00,28.90,-999.00,93.99,-999.00,-999.00,-999.00,-999.00,-999.00,-999.00,-999.00,-999.00,-999.00,-999.00,-999.00,-999.00,-999.00,-999.00,-999.00,-999.00,-999.00,-999.00,-999.00,-999.00,-999,-999.00,-999,-999.00,-999.00,-999.00,2152,-999.00,-999.00,-999.00,-999.00,55075.67,6.16,0.77,3.46,116.50,110.33,113.42,1,19.07,2.00,0.19,288.32,235.26,1698.05,1723.78
Rodentia,Muridae,Chiropodomys,muroides,chiropodomys muroides,-999.00,28.90,-999.00,93.99,-999.00,-999.00,-999.00,-999.00,-999.00,-999.00,-999.00,-999.00,-999.00,-999.00,-999.00,-999.00,-999.00,-999.00,-999.00,-999.00,-999.00,-999.00,-999.00,-999.00,-999,-999.00,-999,-999.00,-999.00,-999.00,2152,-999.00,-999.00,-999.00,-999.00,1113.96,6.13,1.66,3.90,116.45,116.01,116.23,5,87.18,5.00,0.27,241.06,221.60,1771.43,1856.66
Rodentia,Muridae,Chiropodomys,pusillus,chiropodomys pusillus,-999.00,28.90,-999.00,93.99,-999.00,-999.00,-999.00,-999.00,-999.00,-999.00,-999.00,-999.00,-999.00,-999.00,-999.00,-999.00,-999.00,-999.00,-999.00,-999.00,-999.00,-999.00,-999.00,-999.00,-999,-999.00,-999,-999.00,-999.00,-999.00,2152,-999.00,-999.00,-999.00,-999.00,59722.74,6.49,-2.87,1.81,117.49,110.60,114.05,1,13.70,2.00,0.20,266.76,238.51,1738.96,1770.08
Primates,Pitheciidae,Chiropotes,albinasus,chiropotes albinasus,3.00,2793.21,-999.00,440.00,-999.00,-999.00,-999.00,-999.00,3.00,-999.00,157.67,1.00,1.98,3.00,-999.00,1.01,-999.00,204.00,-999.00,-999.00,6.57,-999.00,-999.00,22.50,-999,2.00,1,-999.00,-999.00,-999.00,543;730;890;1297;1544;1547;1848;2151;2344;2464;2655;2660;2911;2986,-999.00,-999.00,-999.00,-999.00,660974.43,-1.78,-15.04,-8.41,-52.12,-61.81,-56.96,0,1.95,0.00,0.15,175.97,249.20,1323.70,1547.94
Primates,Pitheciidae,Chiropotes,chiropotes,chiropotes chiropotes,-999.00,-999.00,-999.00,-999.00,-999.00,-999.00,-999.00,-999.00,-999.00,-999.00,-999.00,-999.00,-999.00,-999.00,-999.00,-999.00,-999.00,-999.00,-999.00,-999.00,-999.00,-999.00,-999.00,-999.00,-999,-999.00,-999,-999.00,-999.00,-999.00,-999,-999.00,-999.00,-999.00,-999.00,-999.00,-999.00,-999.00,-999.00,-999.00,-999.00,-999.00,-999,-999.00,-999.00,-999.00,-999.00,-999.00,-999.00,-999.00
Primates,Pitheciidae,Chiropotes,israelita,chiropotes israelita,-999.00,-999.00,-999.00,-999.00,-999.00,-999.00,-999.00,-999.00,-999.00,-999.00,-999.00,-999.00,-999.00,-999.00,-999.00,-999.00,-999.00,-999.00,-999.00,-999.00,-999.00,-999.00,-999.00,-999.00,-999,-999.00,-999,-999.00,-999.00,-999.00,-999,-999.00,-999.00,-999.00,-999.00,-999.00,-999.00,-999.00,-999.00,-999.00,-999.00,-999.00,-999,-999.00,-999.00,-999.00,-999.00,-999.00,-999.00,-999.00
Primates,Pitheciidae,Chiropotes,satanas,chiropotes satanas,3.00,2967.27,-999.00,416.26,-999.00,-999.00,-999.00,-999.00,3.00,-999.00,157.67,1.00,1.48,2.25,-999.00,1.00,-999.00,216.00,-999.00,-999.00,15.60,-999.00,-999.00,14.40,-999,2.00,1,-999.00,-999.00,-999.00,208;543;730;890;1297;1544;1547;1848;2151;2344;2464;2511;2655;2660;2911;2986,-999.00,-999.00,-999.00,-999.00,-999.00,-999.00,-999.00,-999.00,-999.00,-999.00,-999.00,-999,-999.00,-999.00,-999.00,-999.00,-999.00,-999.00,-999.00
Primates,Pitheciidae,Chiropotes,utahickae,chiropotes utahickae,-999.00,-999.00,-999.00,-999.00,-999.00,-999.00,-999.00,-999.00,-999.00,-999.00,-999.00,-999.00,-999.00,-999.00,-999.00,-999.00,-999.00,-999.00,-999.00,-999.00,-999.00,-999.00,-999.00,-999.00,-999,-999.00,-999,-999.00,-999.00,-999.00,-999,-999.00,-999.00,-999.00,-999.00,-999.00,-999.00,-999.00,-999.00,-999.00,-999.00,-999.00,-999,-999.00,-999.00,-999.00,-999.00,-999.00,-999.00,-999.00
Rodentia,Muridae,Chiruromys,forbesi,chiruromys forbesi,-999.00,105.15,-999.00,144.23,-999.00,-999.00,-999.00,-999.00,-999.00,-999.00,-999.00,2.00,-999.00,-999.00,-999.00,2.68,-999.00,-999.00,-999.00,-999.00,-999.00,-999.00,-999.00,4.50,6,2.00,-999,-999.00,-999.00,-999.00,977;1297;2152;2655,-999.00,-999.00,-999.00,-999.00,49211.92,-6.64,-10.37,-8.51,151.29,146.67,148.98,5,11.27,5.00,0.11,197.79,214.28,1740.32,1819.32
Rodentia,Muridae,Chiruromys,lamia,chiruromys lamia,-999.00,47.20,-999.00,112.63,-999.00,-999.00,-999.00,-999.00,-999.00,-999.00,-999.00,2.00,-999.00,-999.00,-999.00,2.15,-999.00,-999.00,-999.00,-999.00,-999.00,-999.00,-999.00,4.50,6,2.00,-999,-999.00,-999.00,-999.00,661;977;2152;2655,-999.00,-999.00,-999.00,-999.00,33089.66,-7.81,-10.22,-9.01,149.66,147.06,148.36,5,11.41,5.00,0.09,180.67,216.36,-999.00,-999.00
Rodentia,Muridae,Chiruromys,vates,chiruromys vates,-999.00,45.46,-999.00,109.79,-999.00,-999.00,-999.00,-999.00,-999.00,-999.00,-999.00,2.00,-999.00,-999.00,-999.00,1.07,-999.00,-999.00,-999.00,-999.00,-999.00,-999.00,-999.00,-999.00,6,2.00,-999,-999.00,-999.00,-999.00,456;977;1297;2152;2655,-999.00,-999.00,-999.00,-999.00,51126.10,-6.21,-8.82,-7.51,147.17,141.18,144.17,1,9.68,1.00,0.05,334.35,202.37,1662.66,1668.69
Cingulata,Dasypodidae,Chlamyphorus,truncatus,chlamyphorus truncatus,2.00,83.53,-999.00,134.99,-999.00,-999.00,-999.00,-999.00,6.00,-999.00,-999.00,2.00,-999.00,-999.00,-999.00,-999.00,-999.00,-999.00,-999.00,-999.00,-999.00,-999.00,-999.00,-999.00,2,1.00,2,-999.00,-999.00,-999.00,890;899;1996;2151;2655,-999.00,-999.00,-999.00,-999.00,404571.07,-29.17,-39.75,-34.46,-61.55,-70.11,-65.83,0,6.37,0.00,0.07,33.98,136.29,440.70,894.51
Primates,Cercopithecidae,Chlorocebus,aethiops,chlorocebus aethiops,-999.00,3695.99,-999.00,560.00,-999.00,1733.75,-999.00,-999.00,-999.00,-999.00,-999.00,-999.00,-999.00,-999.00,-999.00,-999.00,-999.00,379.20,-999.00,-999.00,-999.00,-999.00,-999.00,-999.00,-999,-999.00,-999,217.76,-999.00,-999.00,543;1547;1848;2655;2986,-999.00,-999.00,-999.00,-999.00,994897.54,19.50,5.71,12.60,43.42,31.64,37.53,2,54.72,3.00,0.13,70.92,216.52,804.70,1517.54
Primates,Cercopithecidae,Chlorocebus,cynosuros,chlorocebus cynosuros,-999.00,-999.00,-999.00,-999.00,-999.00,-999.00,-999.00,-999.00,-999.00,-999.00,-999.00,-999.00,-999.00,-999.00,-999.00,-999.00,-999.00,-999.00,-999.00,-999.00,-999.00,-999.00,-999.00,-999.00,-999,-999.00,-999,-999.00,-999.00,-999.00,-999,-999.00,-999.00,-999.00,-999.00,2692165.36,-1.38,-19.05,-10.22,29.12,10.02,19.57,1,16.13,1.00,0.18,101.93,222.88,985.51,1463.11
Primates,Cercopithecidae,Chlorocebus,djamdjamensis,chlorocebus djamdjamensis,-999.00,-999.00,-999.00,-999.00,-999.00,-999.00,-999.00,-999.00,-999.00,-999.00,-999.00,-999.00,-999.00,-999.00,-999.00,-999.00,-999.00,-999.00,-999.00,-999.00,-999.00,-999.00,-999.00,-999.00,-999,-999.00,-999,-999.00,-999.00,-999.00,-999,-999.00,-999.00,-999.00,-999.00,9779.34,7.91,5.50,6.70,40.19,38.28,39.24,8,89.90,8.00,0.14,65.37,80.05,1008.02,1353.51
Primates,Cercopithecidae,Chlorocebus,pygerythrus,chlorocebus pygerythrus,-999.00,-999.00,-999.00,-999.00,-999.00,-999.00,-999.00,-999.00,-999.00,-999.00,-999.00,-999.00,-999.00,-999.00,-999.00,-999.00,-999.00,-999.00,-999.00,-999.00,-999.00,-999.00,-999.00,-999.00,-999,-999.00,-999,-999.00,-999.00,-999.00,-999,-999.00,-999.00,-999.00,-999.00,5187827.21,8.45,-34.83,-13.19,46.17,15.74,30.95,0,37.27,1.00,0.14,65.48,218.36,804.67,1478.27
Primates,Cercopithecidae,Chlorocebus,sabaeus,chlorocebus sabaeus,-999.00,-999.00,-999.00,-999.00,-999.00,-999.00,-999.00,-999.00,-999.00,-999.00,-999.00,-999.00,-999.00,-999.00,-999.00,-999.00,-999.00,-999.00,-999.00,-999.00,-999.00,-999.00,-999.00,-999.00,-999,-999.00,-999,-999.00,-999.00,-999.00,-999,-999.00,-999.00,-999.00,-999.00,1390955.98,16.70,6.19,11.44,-0.11,-17.53,-8.82,1,56.90,5.00,0.12,108.99,269.94,868.74,1558.34
Primates,Cercopithecidae,Chlorocebus,tantalus,chlorocebus tantalus,-999.00,-999.00,-999.00,-999.00,-999.00,-999.00,-999.00,-999.00,-999.00,-999.00,-999.00,-999.00,-999.00,-999.00,-999.00,-999.00,-999.00,-999.00,-999.00,-999.00,-999.00,-999.00,-999.00,-999.00,-999,-999.00,-999,-999.00,-999.00,-999.00,-999,-999.00,-999.00,-999.00,-999.00,4097933.56,17.07,-2.71,7.17,36.98,-3.30,16.84,0,43.25,1.00,0.11,95.10,254.48,978.09,1632.44
Afrosoricida,Chrysochloridae,Chlorotalpa,duthieae,chlorotalpa duthieae,-999.00,-999.00,-999.00,100.34,-999.00,-999.00,-999.00,-999.00,1.00,-999.00,-999.00,-999.00,-999.00,-999.00,-999.00,2.00,-999.00,-999.00,-999.00,-999.00,-999.00,1.00,-999.00,1.00,-999,-999.00,3,-999.00,-999.00,-999.00,285;1848;2131;2629,31.34,-999.00,-999.00,-999.00,20651.08,-33.08,-34.21,-33.65,25.70,22.83,24.27,1,75.12,1.00,0.12,53.64,146.18,639.91,1014.80
Diprotodontia,Burramyidae,Burramys,parvus,burramys parvus,1.00,44.27,-999.00,114.50,46.00,365.00,36.76,44.30,5.00,-999.00,14.74,2.00,-999.00,-999.00,365.00,3.60,1.00,144.00,-999.00,-999.00,6124.99,-999.00,376.36,1.00,4,2.00,2,59.82,16.00,-999.00,511;543;899;955;1066;1297;1466;1583;1760;1822;1848;2644;2655;2880;2969,-999.00,-999.00,-999.00,-999.00,22142.85,-35.15,-37.43,-36.29,149.06,146.89,147.97,1,9.90,1.00,0.02,64.13,98.74,669.94,922.35
Cingulata,Dasypodidae,Cabassous,centralis,cabassous centralis,1.00,3669.69,-999.00,415.89,-999.00,-999.00,811.53,3810.00,1.00,-999.00,-999.00,2.00,-999.00,-999.00,-999.00,1.00,-999.00,-999.00,-999.00,-999.00,-999.00,-999.00,-999.00,1.00,-999,1.00,3,-999.00,-999.00,-999.00,708;889;890;905;1297;1822;1946;1947;1995;2151;2655,-999.00,-999.00,-999.00,-999.00,669685.02,16.88,4.60,10.74,-69.40,-91.47,-80.43,2,55.18,4.00,0.14,167.79,241.52,1374.48,1690.31
Cingulata,Dasypodidae,Cabassous,chacoensis,cabassous chacoensis,-999.00,1490.01,-999.00,-999.00,-999.00,-999.00,-999.00,-999.00,1.00,-999.00,-999.00,1.00,-999.00,-999.00,-999.00,-999.00,-999.00,-999.00,-999.00,-999.00,-999.00,-999.00,-999.00,-999.00,-999,1.00,3,-999.00,-999.00,-999.00,889;890;2655,-999.00,-999.00,-999.00,-999.00,1693763.25,-11.42,-28.93,-20.18,-52.80,-64.88,-58.84,0,7.25,0.00,0.12,101.84,228.40,1102.12,1325.62
Cingulata,Dasypodidae,Cabassous,tatouay,cabassous tatouay,-999.00,5349.95,-999.00,-999.00,-999.00,-999.00,-999.00,-999.00,1.00,-999.00,-999.00,1.00,-999.00,-999.00,-999.00,-999.00,-999.00,-999.00,-999.00,-999.00,-999.00,-999.00,-999.00,-999.00,-999,1.00,3,-999.00,-999.00,-999.00,889;890;2655,-999.00,-999.00,-999.00,-999.00,4148382.28,-5.16,-34.98,-20.07,-38.30,-58.85,-48.57,0,41.25,1.00,0.09,123.80,219.62,1142.35,1395.23
Cingulata,Dasypodidae,Cabassous,unicinctus,cabassous unicinctus,1.00,3987.97,-999.00,453.64,-999.00,-999.00,-999.00,-999.00,1.00,-999.00,-999.00,2.00,-999.00,-999.00,-999.00,1.00,-999.00,-999.00,100.00,-999.00,0.62,-999.00,-999.00,1.00,-999,1.00,3,-999.00,-999.00,-999.00,730;889;890;905;1995;2151;2431;2655,-999.00,-999.00,-999.00,-999.00,9346240.23,11.40,-23.37,-5.98,-34.79,-78.09,-56.44,0,12.88,0.00,0.12,161.32,246.91,1330.57,1560.63
Primates,Pitheciidae,Cacajao,calvus,cacajao calvus,3.00,3421.04,-999.00,540.55,-999.00,1306.70,-999.00,-999.00,4.00,-999.00,180.00,1.00,-999.00,-999.00,775.62,1.01,-999.00,324.00,-999.00,-999.00,15.10,-999.00,1262.74,23.70,-999,2.00,2,339.29,-999.00,-999.00,208;543;890;996;1015;1297;1544;1547;1848;2151;2251;2344;2655;2660;2986,-999.00,0.75,-999.00,-999.00,103819.04,-1.84,-9.62,-5.73,-65.40,-74.59,-69.99,0,2.02,0.00,0.08,211.86,255.26,1515.98,1535.61
Primates,Pitheciidae,Cacajao,melanocephalus,cacajao melanocephalus,3.00,3121.58,-999.00,400.00,-999.00,-999.00,-999.00,-999.00,3.00,-999.00,-999.00,1.00,-999.00,-999.00,-999.00,-999.00,-999.00,216.00,-999.00,-999.00,-999.00,-999.00,-999.00,30.00,-999,2.00,2,-999.00,-999.00,-999.00,543;890;996;1544;1547;1848;2151;2344;2655,-999.00,-999.00,-999.00,-999.00,465904.63,4.03,-2.95,0.53,-61.26,-72.43,-66.84,0,0.14,0.00,-0.02,231.02,250.53,1580.97,1597.06
Paucituberculata,Caenolestidae,Caenolestes,caniventer,caenolestes caniventer,2.00,40.00,-999.00,121.79,-999.00,-999.00,-999.00,-999.00,3.00,-999.00,-999.00,1.00,-999.00,-999.00,-999.00,2.00,-999.00,-999.00,-999.00,-999.00,-999.00,-999.00,-999.00,-999.00,-999,1.00,2,-999.00,-999.00,-999.00,40;890;1297;1760;2151;2655,-999.00,-999.00,-999.00,-999.00,10517.56,-3.81,-5.27,-4.54,-78.28,-79.06,-78.67,2,18.63,2.00,0.10,72.73,202.45,934.93,1407.64
Paucituberculata,Caenolestidae,Caenolestes,condorensis,caenolestes condorensis,2.00,47.81,-999.00,127.76,-999.00,-999.00,-999.00,-999.00,1.00,-999.00,-999.00,1.00,-999.00,-999.00,-999.00,-999.00,-999.00,-999.00,-999.00,-999.00,-999.00,-999.00,-999.00,-999.00,-999,1.00,3,-999.00,-999.00,-999.00,40;890;1760,-999.00,-999.00,-999.00,-999.00,1456.75,-3.25,-4.00,-3.63,-78.27,-78.73,-78.50,4,9.20,4.00,0.19,142.61,214.99,1257.83,1413.58
Paucituberculata,Caenolestidae,Caenolestes,convelatus,caenolestes convelatus,2.00,31.56,-999.00,106.14,-999.00,-999.00,-999.00,-999.00,1.00,-999.00,-999.00,1.00,-999.00,-999.00,-999.00,-999.00,-999.00,-999.00,-999.00,-999.00,-999.00,-999.00,-999.00,-999.00,-999,1.00,3,-999.00,-999.00,-999.00,890;1612;1760;2655,-999.00,-999.00,-999.00,-999.00,12725.49,2.04,-0.82,0.61,-77.33,-78.99,-78.16,11,80.31,11.00,0.13,142.14,169.06,1452.29,1565.59
Paucituberculata,Caenolestidae,Caenolestes,fuliginosus,caenolestes fuliginosus,2.00,28.64,-999.00,113.02,-999.00,-999.00,-999.00,-999.00,4.00,-999.00,-999.00,1.00,-999.00,-999.00,-999.00,3.62,-999.00,-999.00,-999.00,-999.00,-999.00,-999.00,-999.00,-999.00,4,1.00,2,-999.00,-999.00,-999.00,192;193;889;890;955;1297;1612;1760;2655,-999.00,-999.00,-999.00,-999.00,127434.10,9.04,1.17,5.10,-70.78,-76.84,-73.81,5,75.48,7.00,0.09,103.05,188.16,1415.54,1530.66
Afrosoricida,Chrysochloridae,Calcochloris,leucorhinus,calcochloris leucorhinus,-999.00,-999.00,-999.00,-999.00,-999.00,-999.00,-999.00,-999.00,1.00,-999.00,-999.00,-999.00,-999.00,-999.00,-999.00,-999.00,-999.00,-999.00,-999.00,-999.00,-999.00,1.00,-999.00,1.00,-999,-999.00,3,-999.00,-999.00,-999.00,1848;2131,-999.00,-999.00,-999.00,-999.00,290660.20,5.62,-10.03,-2.20,23.59,11.23,17.41,1,14.44,3.00,0.09,129.90,236.41,1226.73,1474.26
Afrosoricida,Chrysochloridae,Calcochloris,obtusirostris,calcochloris obtusirostris,-999.00,24.05,-999.00,100.84,-999.00,-999.00,-999.00,-999.00,1.00,-999.00,-999.00,1.00,-999.00,-999.00,-999.00,2.00,-999.00,-999.00,-999.00,-999.00,-999.00,1.00,-999.00,1.00,-999,1.00,3,-999.00,-999.00,-999.00,285;1339;1848;2131;2629;2655,-999.00,-999.00,-999.00,-999.00,209272.42,-19.49,-27.73,-23.61,35.60,31.26,33.43,1,35.93,2.00,0.22,67.42,231.62,861.55,1426.16
Afrosoricida,Chrysochloridae,Calcochloris,tytonis,calcochloris tytonis,-999.00,-999.00,-999.00,-999.00,-999.00,-999.00,-999.00,-999.00,1.00,-999.00,-999.00,-999.00,-999.00,-999.00,-999.00,-999.00,-999.00,-999.00,-999.00,-999.00,-999.00,-999.00,-999.00,1.00,-999,-999.00,3,-999.00,-999.00,-999.00,1848;2131,-999.00,-999.00,-999.00,-999.00,47.65,2.80,2.73,2.77,45.55,45.48,45.52,37,42.00,37.00,0.03,35.50,268.00,509.00,2003.00
Primates,Pitheciidae,Callicebus,baptista,callicebus baptista,-999.00,-999.00,-999.00,-999.00,-999.00,-999.00,-999.00,-999.00,-999.00,-999.00,-999.00,-999.00,-999.00,-999.00,-999.00,-999.00,-999.00,-999.00,-999.00,-999.00,-999.00,-999.00,-999.00,-999.00,-999,-999.00,-999,-999.00,-999.00,-999.00,-999,-999.00,-999.00,-999.00,-999.00,10656.10,-2.37,-3.95,-3.16,-56.41,-58.99,-57.70,1,4.41,1.00,0.13,141.91,262.58,1442.74,1647.66
Primates,Pitheciidae,Callicebus,barbarabrownae,callicebus barbarabrownae,-999.00,-999.00,-999.00,-999.00,-999.00,-999.00,-999.00,-999.00,-999.00,-999.00,-999.00,-999.00,-999.00,-999.00,-999.00,-999.00,-999.00,-999.00,-999.00,-999.00,-999.00,-999.00,-999.00,-999.00,-999,-999.00,-999,-999.00,-999.00,-999.00,-999,-999.00,-999.00,-999.00,-999.00,167232.08,-8.57,-13.02,-10.80,-37.52,-42.53,-40.02,3,77.14,4.00,0.07,73.82,240.67,977.93,1334.62
Primates,Pitheciidae,Callicebus,bernhardi,callicebus bernhardi,-999.00,-999.00,-999.00,-999.00,-999.00,-999.00,-999.00,-999.00,-999.00,-999.00,-999.00,-999.00,-999.00,-999.00,-999.00,-999.00,-999.00,-999.00,-999.00,-999.00,-999.00,-999.00,-999.00,-999.00,-999,-999.00,-999,-999.00,-999.00,-999.00,-999,-999.00,-999.00,-999.00,-999.00,-999.00,-999.00,-999.00,-999.00,-999.00,-999.00,-999.00,-999,-999.00,-999.00,-999.00,-999.00,-999.00,-999.00,-999.00
Primates,Pitheciidae,Callicebus,brunneus,callicebus brunneus,3.00,850.84,-999.00,-999.00,-999.00,-999.00,-999.00,-999.00,-999.00,-999.00,-999.00,1.00,0.04,0.06,-999.00,1.02,-999.00,-999.00,-999.00,-999.00,-999.00,-999.00,-999.00,2.50,-999,2.00,-999,-999.00,-999.00,-999.00,1544;1547;1605;1633;2145;2151;2344;2655;2986,-999.00,-999.00,-999.00,-999.00,137589.11,-7.82,-12.33,-10.07,-61.45,-65.09,-63.27,0,5.95,1.00,0.44,173.37,244.48,1299.02,1578.08
Primates,Pitheciidae,Callicebus,caligatus,callicebus caligatus,3.00,992.40,-999.00,-999.00,-999.00,-999.00,-999.00,-999.00,-999.00,-999.00,-999.00,1.00,-999.00,-999.00,-999.00,1.02,-999.00,-999.00,-999.00,-999.00,-999.00,-999.00,-999.00,1.00,-999,2.00,-999,-999.00,-999.00,-999.00,1605;1633;2151;2655,-999.00,-999.00,-999.00,-999.00,-999.00,-999.00,-999.00,-999.00,-999.00,-999.00,-999.00,-999,-999.00,-999.00,-999.00,-999.00,-999.00,-999.00,-999.00
Primates,Pitheciidae,Callicebus,cinerascens,callicebus cinerascens,3.00,992.40,-999.00,-999.00,-999.00,-999.00,-999.00,-999.00,-999.00,-999.00,-999.00,1.00,-999.00,-999.00,-999.00,1.02,-999.00,-999.00,-999.00,-999.00,-999.00,-999.00,-999.00,1.00,-999,2.00,-999,-999.00,-999.00,-999.00,1605;1633;2151;2655,-999.00,-999.00,-999.00,-999.00,113467.50,-4.32,-12.46,-8.39,-58.37,-60.42,-59.39,0,0.52,0.00,0.34,180.52,248.44,1301.24,1525.97
Primates,Pitheciidae,Callicebus,coimbrai,callicebus coimbrai,-999.00,-999.00,-999.00,-999.00,-999.00,-999.00,-999.00,-999.00,-999.00,-999.00,-999.00,-999.00,-999.00,-999.00,-999.00,-999.00,-999.00,-999.00,-999.00,-999.00,-999.00,-999.00,-999.00,-999.00,-999,-999.00,-999,-999.00,-999.00,-999.00,-999,-999.00,-999.00,-999.00,-999.00,12847.57,-10.01,-11.61,-10.81,-36.30,-38.02,-37.16,17,70.34,17.00,0.09,112.76,247.33,1008.18,1867.47
Artiodactyla,Bovidae,Capra,nubiana,capra nubiana,-999.00,47763.72,-999.00,-999.00,-999.00,-999.00,-999.00,-999.00,-999.00,-999.00,150.00,-999.00,-999.00,-999.00,-999.00,1.00,-999.00,204.00,-999.00,-999.00,-999.00,-999.00,-999.00,-999.00,-999,-999.00,-999,-999.00,-999.00,-999.00,543;1525;2555;2655,-999.00,-999.00,-999.00,-999.00,177986.79,32.88,14.18,23.53,57.13,31.50,44.31,0,13.75,1.00,0.18,7.67,208.54,137.73,1393.38
Artiodactyla,Bovidae,Capra,pyrenaica,capra pyrenaica,-999.00,60898.77,-999.00,1200.00,-999.00,-999.00,-999.00,-999.00,2.00,-999.00,150.00,-999.00,0.64,0.51,-999.00,1.50,-999.00,192.00,-999.00,-999.00,-999.00,-999.00,-999.00,-999.00,3,-999.00,1,-999.00,-999.00,-999.00,543;899;913;1525;1573;1848;2555;2655,-999.00,-999.00,-999.00,-999.00,110472.50,42.03,36.01,39.02,2.38,-6.64,-2.13,3,72.31,7.00,0.01,42.64,131.93,478.71,1032.54
Artiodactyla,Bovidae,Capra,sibirica,capra sibirica,-999.00,130000.00,-999.00,-999.00,-999.00,-999.00,-999.00,-999.00,-999.00,-999.00,175.00,-999.00,-999.00,-999.00,-999.00,-999.00,-999.00,267.00,3640.00,-999.00,-999.00,-999.00,-999.00,-999.00,-999,-999.00,-999,-999.00,-999.00,-999.00,543;1068;1525;2655,-999.00,-999.00,-999.00,-999.00,2802214.24,55.63,31.43,43.53,106.03,61.59,83.81,0,23.15,1.00,0.09,20.81,-12.88,271.47,677.11
Artiodactyla,Bovidae,Capra,walie,capra walie,-999.00,100144.02,-999.00,-999.00,-999.00,-999.00,-999.00,-999.00,-999.00,-999.00,157.50,1.00,-999.00,-999.00,-999.00,1.00,-999.00,-999.00,-999.00,-999.00,4.07,-999.00,-999.00,-999.00,-999,1.00,-999,-999.00,-999.00,-999.00,511;730;899;2555;2655,-999.00,-999.00,-999.00,-999.00,4294.50,13.63,13.07,13.35,38.75,37.94,38.34,30,63.17,30.00,0.16,81.20,206.38,764.20,1590.35
Artiodactyla,Cervidae,Capreolus,capreolus,capreolus capreolus,2.00,22502.01,-999.00,-999.00,-999.00,730.00,78470.00,190000.00,-999.00,-999.00,196.00,1.00,0.52,0.49,365.00,1.79,-999.00,204.00,1208.55,-999.00,7.61,-999.00,400.97,-999.00,-999,1.00,-999,79.75,-999.00,-999.00,543;653;730;733;1297;1573;1577;1822;2286;2338;2525;2579;2620;2655;2986;3009;3010,-999.00,1.10,-999.00,-999.00,6777177.58,67.62,34.89,51.25,54.05,-8.46,22.79,0,101.77,4.00,0.01,55.04,73.59,450.28,610.10
Artiodactyla,Cervidae,Capreolus,pygargus,capreolus pygargus,2.00,41371.03,-999.00,1320.00,-999.00,-999.00,-999.00,-999.00,-999.00,-999.00,290.00,1.00,0.99,1.06,-999.00,2.00,-999.00,-999.00,1923.53,-999.00,80.00,-999.00,908.84,-999.00,-999,1.00,-999,136.10,-999.00,-999.00,733;3010,-999.00,-999.00,-999.00,-999.00,9816965.75,62.64,31.25,46.94,139.56,41.85,90.70,0,26.62,0.00,0.01,32.33,-14.85,367.70,511.78
Artiodactyla,Bovidae,Capricornis,crispus,capricornis crispus,-999.00,43030.64,-999.00,-999.00,-999.00,-999.00,-999.00,-999.00,-999.00,1603.59,213.00,-999.00,0.11,0.11,547.50,1.00,1.00,222.96,3499.99,-999.00,1.98,-999.00,988.23,-999.00,4,-999.00,-999,59.27,-999.00,-999.00,543;812;1069;1297;1454;1525;1614;1848;1862;2555;2986,-999.00,-999.00,-999.00,-999.00,113318.46,41.54,31.96,36.75,142.07,130.84,136.45,74,346.20,93.00,0.01,144.41,93.81,783.90,836.41
Artiodactyla,Bovidae,Capricornis,milneedwardsii,capricornis milneedwardsii,-999.00,-999.00,-999.00,-999.00,-999.00,-999.00,-999.00,-999.00,-999.00,-999.00,-999.00,-999.00,-999.00,-999.00,-999.00,-999.00,-999.00,-999.00,-999.00,-999.00,-999.00,-999.00,-999.00,-999.00,-999,-999.00,-999,-999.00,-999.00,-999.00,-999,-999.00,-999.00,-999.00,-999.00,2334828.77,35.55,7.68,21.61,122.13,93.18,107.66,1,159.63,4.00,0.07,131.68,145.73,983.38,1183.97
Artiodactyla,Bovidae,Capricornis,rubidus,capricornis rubidus,-999.00,-999.00,-999.00,-999.00,-999.00,-999.00,-999.00,-999.00,-999.00,-999.00,-999.00,-999.00,-999.00,-999.00,-999.00,-999.00,-999.00,-999.00,-999.00,-999.00,-999.00,-999.00,-999.00,-999.00,-999,-999.00,-999,-999.00,-999.00,-999.00,-999,-999.00,-999.00,-999.00,-999.00,21552.31,27.94,25.43,26.69,98.56,97.49,98.02,1,10.82,1.00,0.05,181.29,115.03,1176.56,1266.67
Artiodactyla,Bovidae,Capricornis,sumatraensis,capricornis sumatraensis,-999.00,110942.22,-999.00,1449.99,-999.00,-999.00,-999.00,-999.00,2.00,-999.00,231.37,-999.00,-999.00,-999.00,-999.00,1.22,-999.00,252.00,4100.00,-999.00,-999.00,-999.00,-999.00,-999.00,4,-999.00,1,166.34,-999.00,-999.00,543;899;1297;1848;1964;2555;2655,-999.00,-999.00,-999.00,-999.00,237174.87,8.99,-5.94,1.52,104.72,95.18,99.95,3,95.83,17.00,0.11,227.32,246.68,1679.87,1776.28
Artiodactyla,Bovidae,Capricornis,swinhoei,capricornis swinhoei,-999.00,-999.00,-999.00,-999.00,-999.00,-999.00,-999.00,-999.00,-999.00,-999.00,-999.00,-999.00,-999.00,-999.00,-999.00,-999.00,-999.00,-999.00,-999.00,-999.00,-999.00,-999.00,-999.00,-999.00,-999,-999.00,-999,-999.00,-999.00,-999.00,-999,-999.00,-999.00,-999.00,-999.00,11915.86,25.01,22.13,23.57,121.72,120.56,121.14,70,595.77,70.00,0.03,165.28,148.86,-999.00,-999.00
Artiodactyla,Bovidae,Capricornis,thar,capricornis thar,-999.00,-999.00,-999.00,-999.00,-999.00,-999.00,-999.00,-999.00,-999.00,-999.00,-999.00,-999.00,-999.00,-999.00,-999.00,-999.00,-999.00,-999.00,-999.00,-999.00,-999.00,-999.00,-999.00,-999.00,-999,-999.00,-999,-999.00,-999.00,-999.00,-999,-999.00,-999.00,-999.00,-999.00,272208.21,34.60,21.26,27.93,96.07,74.10,85.09,1,157.56,4.00,0.09,151.07,104.44,944.55,1191.90
Lagomorpha,Leporidae,Caprolagus,hispidus,caprolagus hispidus,1.00,2496.99,-999.00,460.23,-999.00,-999.00,-999.00,-999.00,3.00,-999.00,40.00,2.00,4.121254e-03,4.41631e-03,-999.00,3.46,2.81,-999.00,-999.00,-999.00,-999.00,-999.00,-999.00,2.00,-999,1.00,1,-999.00,-999.00,-999.00,95;511;899;1106;1297;2655,-999.00,-999.00,-999.00,-999.00,44515.42,29.25,26.07,27.66,92.77,80.00,86.39,94,341.45,117.00,0.11,128.92,236.21,939.60,1234.60
Rodentia,Capromyidae,Capromys,gundlachianus,capromys gundlachianus,-999.00,-999.00,-999.00,-999.00,-999.00,-999.00,-999.00,-999.00,-999.00,-999.00,-999.00,-999.00,-999.00,-999.00,-999.00,-999.00,-999.00,-999.00,-999.00,-999.00,-999.00,-999.00,-999.00,-999.00,-999,-999.00,-999,-999.00,-999.00,-999.00,-999,-999.00,-999.00,-999.00,-999.00,-999.00,-999.00,-999.00,-999.00,-999.00,-999.00,-999.00,-999,-999.00,-999.00,-999.00,-999.00,-999.00,-999.00,-999.00
Rodentia,Capromyidae,Capromys,pilorides,capromys pilorides,-999.00,5200.00,-999.00,-999.00,-999.00,-999.00,604.90,2630.00,3.00,-999.00,125.00,1.00,-999.00,-999.00,-999.00,2.00,-999.00,136.00,199.49,-999.00,-999.00,-999.00,314.64,-999.00,4,2.00,2,41.99,-999.00,-999.00,543;1297;1627;1822;2151;2655,-999.00,-999.00,-999.00,-999.00,109410.88,23.19,19.82,21.51,-74.13,-84.95,-79.54,2,104.74,16.00,0.02,103.29,252.28,1271.00,1782.03
Carnivora,Felidae,Caracal,caracal,caracal caracal,1.00,11964.38,-999.00,739.28,9.97,456.25,-999.00,-999.00,1.00,365.00,71.47,1.00,293.94,275.76,365.00,2.30,-999.00,204.00,195.86,-999.00,-999.00,-999.00,437.27,-999.00,-999,1.00,3,120.41,-999.00,-999.00,543;679;1113;1297;1573;2655,-999.00,1.10,-999.00,-999.00,26609096.78,45.85,-34.83,5.50,81.04,-17.53,31.75,0,39.44,0.00,0.12,40.03,221.57,455.81,1387.61
Rodentia,Dipodidae,Cardiocranius,paradoxus,cardiocranius paradoxus,1.00,-999.00,-999.00,-999.00,-999.00,-999.00,-999.00,-999.00,-999.00,-999.00,-999.00,1.00,-999.00,-999.00,-999.00,-999.00,-999.00,-999.00,-999.00,-999.00,-999.00,-999.00,-999.00,-999.00,8,1.00,-999,-999.00,-999.00,-999.00,2151,-999.00,-999.00,-999.00,-999.00,1329093.59,51.32,38.80,45.06,119.20,75.14,97.17,0,6.81,0.00,0.04,16.47,14.96,206.59,577.30
Chiroptera,Megadermatidae,Cardioderma,cor,cardioderma cor,-999.00,26.45,54.00,-999.00,-999.00,-999.00,-999.00,-999.00,2.00,-999.00,92.54,1.00,-999.00,-999.00,-999.00,1.00,2.00,-999.00,-999.00,-999.00,-999.00,-999.00,-999.00,-999.00,-999,2.00,3,55.80,-999.00,-999.00,196;707;1297;1388;1658;1957;2144;2151;2655;2719;3023,-999.00,-999.00,-999.00,-999.00,2892359.62,18.00,-10.53,3.73,51.41,31.39,41.40,0,39.85,2.00,0.11,55.07,232.39,704.56,1613.35
Chiroptera,Phyllostomidae,Carollia,brevicauda,carollia brevicauda,-999.00,14.85,40.26,-999.00,-999.00,-999.00,-999.00,-999.00,1.00,-999.00,-999.00,1.00,-999.00,-999.00,-999.00,0.98,-999.00,-999.00,-999.00,-999.00,-999.00,1000.00,-999.00,-999.00,-999,2.00,1,-999.00,-999.00,-999.00,889;985;1297;1309;1658;2143;2151;2622;2655,-999.00,-999.00,-999.00,-999.00,11615943.22,23.25,-23.05,0.09,-34.79,-100.12,-67.45,0,25.68,0.00,0.12,155.22,240.49,1310.39,1560.88
Chiroptera,Phyllostomidae,Carollia,castanea,carollia castanea,-999.00,13.10,36.20,-999.00,-999.00,-999.00,-999.00,-999.00,1.00,-999.00,-999.00,1.00,-999.00,-999.00,-999.00,0.99,-999.00,-999.00,-999.00,-999.00,-999.00,-999.00,-999.00,-999.00,-999,2.00,1,-999.00,-999.00,-999.00,196;889;985;1297;1658;2151;2655;2719,-999.00,-999.00,-999.00,-999.00,4881458.89,16.02,-18.71,-1.34,-51.64,-88.14,-69.89,0,24.23,0.00,0.12,171.15,236.15,1395.44,1587.12
Chiroptera,Phyllostomidae,Carollia,colombiana,carollia colombiana,-999.00,-999.00,-999.00,-999.00,-999.00,-999.00,-999.00,-999.00,-999.00,-999.00,-999.00,-999.00,-999.00,-999.00,-999.00,-999.00,-999.00,-999.00,-999.00,-999.00,-999.00,-999.00,-999.00,-999.00,-999,-999.00,-999,-999.00,-999.00,-999.00,-999,-999.00,-999.00,-999.00,-999.00,393.22,6.50,6.30,6.40,-75.15,-75.36,-75.25,35,87.52,35.00,0.08,117.99,172.00,1515.98,1514.99
Chiroptera,Phyllostomidae,Carollia,perspicillata,carollia perspicillata,1.00,19.23,42.45,59.99,0.00,410.62,31.43,14.90,3.00,-999.00,114.60,1.00,-999.00,-999.00,159.00,1.00,2.00,148.80,4.89,17.39,-999.00,55.00,298.14,-999.00,-999,2.00,2,35.63,12.24,-999.00,108;137;185;196;536;543;651;690;889;892;984;985;1297;1309;1388;1658;1705;1741;1822;1948;2143;2151;2295;2315;2316;2383;2655;2708;2719;27513023;3035;3037;3038,-999.00,-999.00,-999.00,-999.00,14098730.57,21.62,-29.91,-4.14,-34.79,-98.21,-66.50,0,26.25,0.00,0.11,149.50,236.85,1288.14,1519.79
Chiroptera,Phyllostomidae,Carollia,sowelli,carollia sowelli,-999.00,-999.00,-999.00,-999.00,-999.00,-999.00,-999.00,-999.00,-999.00,-999.00,-999.00,-999.00,-999.00,-999.00,-999.00,-999.00,-999.00,-999.00,-999.00,-999.00,-999.00,-999.00,-999.00,-999.00,-999,-999.00,-999,-999.00,-999.00,-999.00,-999,-999.00,-999.00,-999.00,-999.00,-999.00,-999.00,-999.00,-999.00,-999.00,-999.00,-999.00,-999,-999.00,-999.00,-999.00,-999.00,-999.00,-999.00,-999.00
Chiroptera,Phyllostomidae,Carollia,subrufa,carollia subrufa,-999.00,15.84,39.41,-999.00,-999.00,-999.00,-999.00,-999.00,1.00,-999.00,-999.00,1.00,-999.00,-999.00,-999.00,0.98,2.00,-999.00,-999.00,-999.00,-999.00,-999.00,-999.00,-999.00,-999,2.00,1,-999.00,-999.00,-999.00,889;984;985;1297;1325;1658;2151;2655,-999.00,-999.00,-999.00,-999.00,330694.77,18.12,4.56,11.34,-57.15,-94.01,-75.58,0,70.67,0.00,0.10,143.06,232.26,1398.75,1697.37
Afrosoricida,Chrysochloridae,Carpitalpa,arendsi,carpitalpa arendsi,-999.00,52.34,-999.00,123.77,-999.00,-999.00,-999.00,-999.00,1.00,-999.00,-999.00,1.00,-999.00,-999.00,-999.00,-999.00,-999.00,-999.00,-999.00,-999.00,-999.00,1.00,-999.00,1.00,-999,1.00,3,-999.00,-999.00,-999.00,1848;2131;2629;2655,-999.00,-999.00,-999.00,-999.00,40698.67,-17.51,-20.27,-18.89,34.27,32.61,33.44,1,26.35,4.00,0.27,95.34,218.27,989.62,1412.28
Rodentia,Muridae,Carpomys,melanurus,carpomys melanurus,-999.00,-999.00,-999.00,200.00,-999.00,-999.00,-999.00,-999.00,-999.00,-999.00,-999.00,-999.00,-999.00,-999.00,-999.00,-999.00,-999.00,-999.00,-999.00,-999.00,-999.00,-999.00,-999.00,-999.00,-999,-999.00,-999,-999.00,-999.00,-999.00,2152,229.57,-999.00,-999.00,-999.00,404.03,16.96,16.75,16.86,120.97,120.76,120.86,93,93.00,93.00,0.09,316.00,180.00,1443.00,1557.00
Rodentia,Muridae,Carpomys,phaeurus,carpomys phaeurus,-999.00,-999.00,-999.00,185.00,-999.00,-999.00,-999.00,-999.00,-999.00,-999.00,-999.00,-999.00,-999.00,-999.00,-999.00,-999.00,-999.00,-999.00,-999.00,-999.00,-999.00,-999.00,-999.00,-999.00,-999,-999.00,-999,-999.00,-999.00,-999.00,2152,183.30,-999.00,-999.00,-999.00,230.12,16.91,16.76,16.83,120.99,120.82,120.90,93,93.00,93.00,0.09,316.00,180.00,1443.00,1557.00
Rodentia,Echimyidae,Carterodon,sulcidens,carterodon sulcidens,-999.00,113.80,-999.00,-999.00,-999.00,-999.00,-999.00,-999.00,-999.00,-999.00,-999.00,2.00,-999.00,-999.00,-999.00,-999.00,-999.00,-999.00,-999.00,-999.00,-999.00,-999.00,-999.00,-999.00,-999,1.00,-999,-999.00,-999.00,-999.00,890;2655,-999.00,-999.00,-999.00,-999.00,456431.68,-12.64,-21.02,-16.83,-41.44,-48.22,-44.83,1,24.09,3.00,0.06,114.85,210.78,1069.70,1408.89
Rodentia,Cricetidae,Caryomys,eva,caryomys eva,-999.00,-999.00,-999.00,-999.00,-999.00,-999.00,-999.00,-999.00,-999.00,-999.00,-999.00,-999.00,-999.00,-999.00,-999.00,-999.00,-999.00,-999.00,-999.00,-999.00,-999.00,-999.00,-999.00,-999.00,-999,-999.00,-999,-999.00,-999.00,-999.00,-999,-999.00,-999.00,-999.00,-999.00,554001.65,35.72,27.73,31.72,113.05,102.24,107.65,5,269.58,11.00,0.05,73.81,113.82,790.66,890.25
Rodentia,Cricetidae,Caryomys,inez,caryomys inez,-999.00,-999.00,-999.00,-999.00,-999.00,-999.00,-999.00,-999.00,-999.00,-999.00,-999.00,-999.00,-999.00,-999.00,-999.00,1.94,-999.00,-999.00,-999.00,-999.00,-999.00,-999.00,-999.00,-999.00,-999,-999.00,-999,-999.00,-999.00,-999.00,1297,-999.00,-999.00,-999.00,-999.00,383954.03,38.94,31.97,35.45,113.42,103.82,108.62,13,205.76,41.00,0.06,44.02,99.09,649.24,831.21
Chiroptera,Pteropodidae,Casinycteris,argynnis,casinycteris argynnis,-999.00,28.28,56.00,-999.00,-999.00,-999.00,-999.00,-999.00,1.00,-999.00,-999.00,1.00,-999.00,-999.00,-999.00,0.98,-999.00,-999.00,4.29,43.80,-999.00,1.50,-999.00,1.00,-999,2.00,1,-999.00,-999.00,-999.00,196;271;360;1297;1601;1631;1658;2151;2295;2622;2655;2719,-999.00,-999.00,-999.00,-999.00,1040595.80,3.82,-7.09,-1.63,28.42,11.01,19.72,1,12.04,1.00,0.14,149.06,244.46,1470.12,1586.10
Rodentia,Castoridae,Castor,canadensis,castor canadensis,2.00,18124.41,-999.00,754.74,0.50,-999.00,-999.00,-999.00,3.00,729.99,111.59,3.00,0.06,0.05,-999.00,3.60,1.00,180.00,415.17,-999.00,0.60,-999.00,663.02,5.10,4,1.00,1,46.50,-999.00,-999.00,457;514;543;1297;1482;1573;1577;1849;2190;2338;2514;2588;2620;2655;2863,-999.00,-999.00,-999.00,-999.00,15377760.47,69.71,25.44,47.57,-55.61,-166.19,-110.90,0,19.02,0.00,0.05,52.36,39.86,465.52,632.25
Rodentia,Castoridae,Castor,fiber,castor fiber,-999.00,19000.00,-999.00,-999.00,-999.00,912.50,-999.00,-999.00,1.00,-999.00,106.42,-999.00,-999.00,-999.00,-999.00,2.95,1.00,300.00,550.27,-999.00,-999.00,-999.00,1034.61,-999.00,-999,-999.00,1,60.18,4199.99,-999.00,543;1047;1297;1849;2655;3141;3142,-999.00,-999.00,-999.00,-999.00,2929213.57,70.96,43.33,57.14,109.21,4.01,56.61,0,40.01,1.00,-6.77103770541294e-03,45.01,23.30,368.57,382.36
Artiodactyla,Tayassuidae,Catagonus,wagneri,catagonus wagneri,3.00,35566.40,140.59,1025.93,-999.00,730.00,-999.00,-999.00,6.00,-999.00,152.08,1.00,7.00,8.03,-999.00,2.47,-999.00,108.00,600.20,-999.00,9.24,4.50,821.58,5.75,8,1.00,2,60.37,-999.00,-999.00,511;543;645;899;1297;1573;1848;1907;2151;2180;2655;2686;2998,-999.00,-999.00,-999.00,-999.00,329880.88,-19.59,-26.58,-23.08,-58.41,-64.64,-61.53,0,1.67,0.00,0.11,62.93,221.21,843.76,1163.15
Carnivora,Felidae,Catopuma,badia,catopuma badia,-999.00,3429.52,-999.00,548.40,-999.00,-999.00,-999.00,-999.00,-999.00,-999.00,-999.00,1.00,-999.00,-999.00,-999.00,-999.00,-999.00,-999.00,-999.00,-999.00,-999.00,-999.00,-999.00,-999.00,-999,1.00,-999,-999.00,-999.00,-999.00,1113;2655,-999.00,-999.00,-999.00,-999.00,261512.24,6.54,-0.86,2.84,118.13,112.02,115.07,1,12.38,2.00,0.21,278.55,227.89,1686.79,1711.63
Carnivora,Felidae,Catopuma,temminckii,catopuma temminckii,-999.00,7726.46,-999.00,887.35,-999.00,-999.00,-999.00,-999.00,1.00,-999.00,99.07,1.00,-999.00,-999.00,-999.00,1.50,-999.00,216.00,165.83,200.00,-999.00,-999.00,-999.00,-999.00,-999,1.00,3,-999.00,-999.00,-999.00,543;1113;1297;2655,-999.00,-999.00,-999.00,-999.00,3437288.13,29.71,-5.94,11.88,120.98,87.31,104.15,1,147.92,5.00,0.09,156.56,197.24,1175.95,1416.65
Rodentia,Caviidae,Cavia,aperea,cavia aperea,2.00,524.38,-999.00,-999.00,-999.00,-999.00,-999.00,-999.00,1.00,-999.00,61.70,2.00,9.21587e-04,1.175368e-03,-999.00,2.14,5.00,-999.00,58.38,-999.00,1806.97,-999.00,67.46,-999.00,2,1.00,1,20.86,142.52,-999.00,730;890;1297;1849;2151;2456;2479;2655;2869,-999.00,-999.00,-999.00,-999.00,6171299.51,10.58,-39.01,-14.21,-35.63,-79.01,-57.32,0,35.11,1.00,0.09,110.01,199.61,1080.55,1355.27
Rodentia,Caviidae,Cavia,fulgida,cavia fulgida,-999.00,282.50,-999.00,-999.00,-999.00,-999.00,-999.00,-999.00,-999.00,-999.00,-999.00,1.00,-999.00,-999.00,-999.00,1.34,5.00,-999.00,-999.00,-999.00,-999.00,-999.00,-999.00,-999.00,2,1.00,-999,20.88,-999.00,-999.00,2151;2655,-999.00,-999.00,-999.00,-999.00,293803.20,-12.32,-24.22,-18.27,-38.12,-46.85,-42.48,7,207.08,13.00,0.06,125.59,210.43,1271.41,1476.92
Rodentia,Caviidae,Cavia,intermedia,cavia intermedia,-999.00,-999.00,-999.00,-999.00,-999.00,-999.00,-999.00,-999.00,-999.00,-999.00,-999.00,-999.00,-999.00,-999.00,-999.00,-999.00,-999.00,-999.00,-999.00,-999.00,-999.00,-999.00,-999.00,-999.00,-999,-999.00,-999,-999.00,-999.00,-999.00,-999,-999.00,-999.00,-999.00,-999.00,-999.00,-999.00,-999.00,-999.00,-999.00,-999.00,-999.00,-999,-999.00,-999.00,-999.00,-999.00,-999.00,-999.00,-999.00
Rodentia,Caviidae,Cavia,magna,cavia magna,-999.00,459.99,-999.00,-999.00,-999.00,-999.00,-999.00,-999.00,-999.00,-999.00,-999.00,1.00,-999.00,-999.00,-999.00,-999.00,5.00,-999.00,-999.00,-999.00,-999.00,-999.00,-999.00,-999.00,2,1.00,-999,20.88,-999.00,-999.00,2151;2655,-999.00,-999.00,-999.00,-999.00,178490.87,-25.86,-34.97,-30.42,-48.47,-55.45,-51.96,3,53.58,5.00,0.06,119.18,166.22,1050.43,1211.45
Rodentia,Caviidae,Cavia,porcellus,cavia porcellus,-999.00,727.99,-999.00,-999.00,-999.00,-999.00,-999.00,-999.00,-999.00,-999.00,66.99,1.00,-999.00,-999.00,-999.00,3.45,5.00,177.60,79.91,-999.00,-999.00,-999.00,68.59,-999.00,2,1.00,-999,16.68,212.34,-999.00,543;1297;1577;1691;1692;2151;2655,-999.00,-999.00,-999.00,-999.00,-999.00,-999.00,-999.00,-999.00,-999.00,-999.00,-999.00,-999,-999.00,-999.00,-999.00,-999.00,-999.00,-999.00,-999.00
Rodentia,Caviidae,Cavia,tschudii,cavia tschudii,-999.00,1000.00,-999.00,-999.00,-999.00,-999.00,-999.00,-999.00,-999.00,-999.00,62.99,2.00,-999.00,-999.00,-999.00,1.90,5.00,-999.00,-999.00,-999.00,-999.00,-999.00,-999.00,-999.00,2,1.00,-999,20.88,-999.00,-999.00,890;2151;2655,-999.00,-999.00,-999.00,-999.00,1337430.45,-6.33,-27.68,-17.00,-57.64,-80.05,-68.85,0,23.82,1.00,0.12,91.24,163.41,973.18,1404.93
Primates,Cebidae,Cebus,albifrons,cebus albifrons,3.00,2509.68,-999.00,384.28,-999.00,1467.30,-999.00,-999.00,5.00,-999.00,158.29,2.00,0.53,0.15,547.50,1.01,-999.00,528.00,231.92,-999.00,16.79,-999.00,1501.69,25.00,-999,2.00,2,270.32,917.69,-999.00,208;543;730;890;1017;1297;1544;1547;1611;1763;1768;1848;2151;2251;2344;2463;2489;2493;2511;2655;2660;2986,-999.00,0.89,-999.00,-999.00,3105886.13,11.56,-13.21,-0.82,-55.24,-81.00,-68.12,0,8.75,0.00,0.11,192.99,252.69,1466.66,1559.70
Primates,Cebidae,Cebus,apella,cebus apella,3.00,2758.38,-999.00,422.69,-999.00,2058.60,-999.00,-999.00,6.00,-999.00,154.99,2.00,0.88,1.80,657.00,1.05,-999.00,541.20,231.38,-999.00,23.77,-999.00,1760.81,7.90,-999,2.00,2,263.12,1113.05,-999.00,208;543;730;890;1017;1132;1201;1297;1544;1547;1763;1767;1848;2151;2251;2308;2344;2463;2489;2493;2655;2660;2986,-999.00,0.81,-999.00,-999.00,10768851.82,7.12,-28.66,-10.77,-34.79,-78.14,-56.46,0,20.10,0.00,0.11,154.19,241.17,1291.77,1516.85
Primates,Cebidae,Cebus,capucinus,cebus capucinus,3.00,3005.99,-999.00,377.82,-999.00,1460.00,-999.00,-999.00,4.00,-999.00,161.06,2.00,0.35,0.63,790.83,1.01,-999.00,657.60,238.36,-999.00,27.27,-999.00,2134.73,18.15,-999,2.00,2,514.07,1349.99,-999.00,208;543;730;890;1017;1052;1297;1544;1547;1767;1848;2151;2344;2463;2489;2493;2655;2660;2986,-999.00,0.74,-999.00,-999.00,431037.87,16.02,1.46,8.74,-74.85,-88.77,-81.81,2,50.90,3.00,0.14,216.57,240.50,1382.23,1666.97
Primates,Cebidae,Cebus,kaapori,cebus kaapori,3.00,3000.00,-999.00,-999.00,-999.00,-999.00,-999.00,-999.00,-999.00,-999.00,-999.00,-999.00,-999.00,-999.00,-999.00,-999.00,-999.00,-999.00,-999.00,-999.00,-999.00,-999.00,-999.00,-999.00,-999,-999.00,-999,-999.00,-999.00,-999.00,1017;1813,-999.00,-999.00,-999.00,-999.00,83826.99,-1.84,-4.16,-3.00,-44.79,-49.47,-47.13,3,11.22,3.00,0.11,162.46,248.27,1334.36,1679.89
Primates,Cebidae,Cebus,libidinosus,cebus libidinosus,-999.00,-999.00,-999.00,-999.00,-999.00,-999.00,-999.00,-999.00,-999.00,-999.00,-999.00,-999.00,-999.00,-999.00,-999.00,-999.00,-999.00,-999.00,-999.00,-999.00,-999.00,-999.00,-999.00,-999.00,-999,-999.00,-999,-999.00,-999.00,-999.00,-999,-999.00,-999.00,-999.00,-999.00,500245.27,-14.16,-21.99,-18.08,-53.13,-61.36,-57.25,0,4.80,1.00,0.14,115.70,244.23,1235.91,1427.81
Primates,Cebidae,Cebus,nigritus,cebus nigritus,-999.00,-999.00,-999.00,435.00,-999.00,-999.00,-999.00,-999.00,4.00,-999.00,-999.00,2.00,1.47,-999.00,-999.00,1.00,-999.00,528.00,-999.00,-999.00,-999.00,-999.00,2134.73,9.10,-999,2.00,2,-999.00,-999.00,-999.00,790;1015,2163.58,-999.00,-999.00,-999.00,449987.63,-16.41,-29.80,-23.10,-39.36,-52.43,-45.90,5,108.64,12.00,0.06,126.58,189.75,1199.13,1336.26
Primates,Cebidae,Cebus,olivaceus,cebus olivaceus,3.00,2787.64,-999.00,404.10,-999.00,2190.00,-999.00,-999.00,4.00,-999.00,-999.00,2.00,1.70,2.57,792.05,1.01,-999.00,492.00,-999.00,-999.00,24.79,-999.00,2525.48,11.45,-999,2.00,2,725.86,-999.00,-999.00,543;730;905;1017;1201;1544;1547;1848;2151;2308;2344;2463;2493;2655;2660;2986,-999.00,0.74,-999.00,-999.00,1484240.05,11.37,-1.80,4.78,-49.88,-70.60,-60.24,0,14.75,0.00,0.13,155.52,248.83,1476.63,1703.14
Primates,Cebidae,Cebus,xanthosternos,cebus xanthosternos,3.00,-999.00,-999.00,-999.00,-999.00,-999.00,-999.00,-999.00,-999.00,-999.00,-999.00,-999.00,-999.00,-999.00,-999.00,-999.00,-999.00,-999.00,-999.00,-999.00,-999.00,-999.00,-999.00,-999.00,-999,-999.00,-999,-999.00,-999.00,-999.00,1017,-999.00,-999.00,-999.00,-999.00,62866.63,-13.02,-15.16,-14.09,-39.39,-42.99,-41.19,9,29.07,11.00,0.08,116.23,216.59,1139.04,1398.71
Chiroptera,Emballonuridae,Centronycteris,centralis,centronycteris centralis,-999.00,-999.00,-999.00,-999.00,-999.00,-999.00,-999.00,-999.00,-999.00,-999.00,-999.00,-999.00,-999.00,-999.00,-999.00,-999.00,-999.00,-999.00,-999.00,-999.00,-999.00,-999.00,-999.00,-999.00,-999,-999.00,-999,-999.00,-999.00,-999.00,-999,-999.00,-999.00,-999.00,-999.00,1484754.75,19.36,-5.26,7.04,-71.28,-96.40,-83.84,0,41.97,1.00,0.12,191.99,240.33,1418.49,1545.99
Chiroptera,Emballonuridae,Centronycteris,maximiliani,centronycteris maximiliani,1.00,23.00,45.50,-999.00,-999.00,-999.00,-999.00,-999.00,1.00,-999.00,-999.00,1.00,-999.00,-999.00,-999.00,0.98,-999.00,-999.00,-999.00,-999.00,-999.00,-999.00,-999.00,-999.00,-999,2.00,3,-999.00,-999.00,-999.00,889;890;905;1297;1658;2151;2622,-999.00,-999.00,-999.00,-999.00,5567605.79,11.59,-20.30,-4.35,-34.79,-69.86,-52.32,0,20.14,0.00,0.10,152.17,249.26,1338.85,1604.98
Chiroptera,Phyllostomidae,Centurio,senex,centurio senex,-999.00,23.09,44.00,-999.00,-999.00,-999.00,-999.00,-999.00,1.00,-999.00,-999.00,1.00,-999.00,-999.00,-999.00,0.99,-999.00,-999.00,-999.00,-999.00,-999.00,-999.00,-999.00,-999.00,-999,2.00,1,-999.00,-999.00,-999.00,889;1297;1658;2143;2151;2622;2655;3023,-999.00,-999.00,-999.00,-999.00,2107462.67,26.26,5.05,15.65,-60.78,-108.71,-84.74,0,58.61,3.00,0.12,126.65,232.97,1224.39,1627.36
Artiodactyla,Bovidae,Cephalophus,adersi,cephalophus adersi,-999.00,9249.95,-999.00,690.00,-999.00,-999.00,-999.00,-999.00,4.00,-999.00,120.00,1.00,-999.00,-999.00,-999.00,1.00,-999.00,48.96,-999.00,-999.00,3.65,1.50,-999.00,-999.00,4,1.00,1,-999.00,-999.00,-999.00,511;869;899;1525;1848;2655;2693;3046,-999.00,-999.00,-999.00,-999.00,3824.30,-3.09,-6.47,-4.78,40.13,39.18,39.65,39,187.17,39.00,0.19,71.50,256.50,1011.99,1963.94
Artiodactyla,Bovidae,Cephalophus,brookei,cephalophus brookei,-999.00,-999.00,-999.00,-999.00,-999.00,-999.00,-999.00,-999.00,-999.00,-999.00,-999.00,-999.00,-999.00,-999.00,-999.00,-999.00,-999.00,-999.00,-999.00,-999.00,-999.00,-999.00,-999.00,-999.00,-999,-999.00,-999,-999.00,-999.00,-999.00,1525,-999.00,-999.00,-999.00,-999.00,356101.47,8.95,4.35,6.65,-0.43,-13.16,-6.80,3,76.43,8.00,0.06,183.95,254.65,1328.35,1555.04
Artiodactyla,Bovidae,Cephalophus,callipygus,cephalophus callipygus,3.00,19079.23,-999.00,1014.28,-999.00,-999.00,-999.00,-999.00,3.00,-999.00,-999.00,1.00,0.32,0.30,-999.00,-999.00,-999.00,-999.00,2800.00,-999.00,-999.00,-999.00,-999.00,-999.00,4,1.00,1,-999.00,-999.00,-999.00,904;1525;1573;1848;2655;2693;3046,-999.00,-999.00,-999.00,-999.00,788397.64,5.23,-6.05,-0.41,22.70,8.69,15.70,0,12.47,1.00,0.08,150.69,245.14,1312.40,1510.43
Soricomorpha,Soricidae,Crocidura,horsfieldii,crocidura horsfieldii,-999.00,5.47,-999.00,63.88,-999.00,-999.00,-999.00,-999.00,-999.00,-999.00,-999.00,-999.00,-999.00,-999.00,-999.00,3.14,-999.00,-999.00,-999.00,-999.00,-999.00,-999.00,-999.00,-999.00,-999,-999.00,-999,-999.00,-999.00,-999.00,1297;3121,-999.00,-999.00,-999.00,-999.00,65979.11,35.13,6.62,20.87,82.40,76.19,79.29,13,264.35,13.00,0.07,91.38,155.27,941.45,1339.20
Soricomorpha,Soricidae,Crocidura,hutanis,crocidura hutanis,-999.00,-999.00,-999.00,-999.00,-999.00,-999.00,-999.00,-999.00,-999.00,-999.00,-999.00,-999.00,-999.00,-999.00,-999.00,-999.00,-999.00,-999.00,-999.00,-999.00,-999.00,-999.00,-999.00,-999.00,-999,-999.00,-999,-999.00,-999.00,-999.00,-999,-999.00,-999.00,-999.00,-999.00,-999.00,-999.00,-999.00,-999.00,-999.00,-999.00,-999.00,-999,-999.00,-999.00,-999.00,-999.00,-999.00,-999.00,-999.00
Soricomorpha,Soricidae,Crocidura,ichnusae,crocidura ichnusae,-999.00,-999.00,-999.00,-999.00,-999.00,-999.00,-999.00,-999.00,-999.00,-999.00,-999.00,-999.00,-999.00,-999.00,-999.00,-999.00,-999.00,-999.00,-999.00,-999.00,-999.00,-999.00,-999.00,-999.00,-999,-999.00,-999,-999.00,-999.00,-999.00,-999,-999.00,-999.00,-999.00,-999.00,93.15,36.84,36.73,36.78,12.06,11.92,11.99,175,175.00,175.00,5.74712643678161e-03,-999.00,-999.00,-999.00,-999.00
Soricomorpha,Soricidae,Crocidura,indochinensis,crocidura indochinensis,-999.00,-999.00,-999.00,-999.00,-999.00,-999.00,-999.00,-999.00,-999.00,-999.00,-999.00,-999.00,-999.00,-999.00,-999.00,-999.00,-999.00,-999.00,-999.00,-999.00,-999.00,-999.00,-999.00,-999.00,-999,-999.00,-999,-999.00,-999.00,-999.00,-999,-999.00,-999.00,-999.00,-999.00,-999.00,-999.00,-999.00,-999.00,-999.00,-999.00,-999.00,-999,-999.00,-999.00,-999.00,-999.00,-999.00,-999.00,-999.00
Soricomorpha,Soricidae,Crocidura,jacksoni,crocidura jacksoni,-999.00,7.00,-999.00,-999.00,-999.00,-999.00,-999.00,-999.00,-999.00,-999.00,-999.00,-999.00,-999.00,-999.00,-999.00,3.49,-999.00,-999.00,-999.00,-999.00,-999.00,-999.00,-999.00,-999.00,-999,-999.00,-999,-999.00,-999.00,-999.00,1297;2655,-999.00,-999.00,-999.00,-999.00,697794.00,3.16,-3.97,-0.40,39.09,27.99,33.54,0,87.81,2.50,0.16,91.18,216.04,1141.79,1580.30
Soricomorpha,Soricidae,Crocidura,jenkinsi,crocidura jenkinsi,-999.00,-999.00,-999.00,-999.00,-999.00,-999.00,-999.00,-999.00,-999.00,-999.00,-999.00,-999.00,-999.00,-999.00,-999.00,-999.00,-999.00,-999.00,-999.00,-999.00,-999.00,-999.00,-999.00,-999.00,-999,-999.00,-999,-999.00,-999.00,-999.00,-999,-999.00,-999.00,-999.00,-999.00,4526.74,13.57,11.47,12.52,93.09,92.52,92.81,41,50.24,41.00,0.21,215.00,268.00,-999.00,-999.00
Soricomorpha,Soricidae,Crocidura,jouvenetae,crocidura jouvenetae,-999.00,9.79,-999.00,-999.00,-999.00,-999.00,20.90,9.50,-999.00,-999.00,-999.00,-999.00,-999.00,-999.00,-999.00,-999.00,-999.00,-999.00,-999.00,-999.00,-999.00,-999.00,-999.00,-999.00,-999,-999.00,-999,-999.00,-999.00,-999.00,1822,-999.00,-999.00,-999.00,-999.00,-999.00,-999.00,-999.00,-999.00,-999.00,-999.00,-999.00,-999,-999.00,-999.00,-999.00,-999.00,-999.00,-999.00,-999.00
Soricomorpha,Soricidae,Crocidura,katinka,crocidura katinka,-999.00,-999.00,-999.00,-999.00,-999.00,-999.00,-999.00,-999.00,-999.00,-999.00,-999.00,-999.00,-999.00,-999.00,-999.00,-999.00,-999.00,-999.00,-999.00,-999.00,-999.00,-999.00,-999.00,-999.00,-999,-999.00,-999,-999.00,-999.00,-999.00,-999,-999.00,-999.00,-999.00,-999.00,-999.00,-999.00,-999.00,-999.00,-999.00,-999.00,-999.00,-999,-999.00,-999.00,-999.00,-999.00,-999.00,-999.00,-999.00
Soricomorpha,Soricidae,Crocidura,kivuana,crocidura kivuana,-999.00,-999.00,-999.00,-999.00,-999.00,-999.00,-999.00,-999.00,-999.00,-999.00,-999.00,-999.00,-999.00,-999.00,-999.00,1.66,-999.00,-999.00,-999.00,-999.00,-999.00,-999.00,-999.00,-999.00,-999,-999.00,-999,-999.00,-999.00,-999.00,1297,-999.00,-999.00,-999.00,-999.00,3261.48,-1.68,-2.43,-2.06,29.02,28.53,28.78,135,193.33,135.00,0.06,130.66,169.66,1435.99,1496.32
Soricomorpha,Soricidae,Crocidura,lamottei,crocidura lamottei,-999.00,-999.00,-999.00,-999.00,-999.00,-999.00,-999.00,-999.00,-999.00,-999.00,-999.00,-999.00,-999.00,-999.00,-999.00,-999.00,-999.00,-999.00,-999.00,-999.00,-999.00,-999.00,-999.00,-999.00,-999,-999.00,-999,-999.00,-999.00,-999.00,-999,-999.00,-999.00,-999.00,-999.00,1171395.91,14.55,5.20,9.87,12.28,-16.63,-2.17,3,51.01,6.00,0.12,125.49,263.03,1014.99,1559.35
Soricomorpha,Soricidae,Crocidura,lanosa,crocidura lanosa,-999.00,-999.00,-999.00,-999.00,-999.00,-999.00,-999.00,-999.00,-999.00,-999.00,-999.00,-999.00,-999.00,-999.00,-999.00,3.29,-999.00,-999.00,-999.00,-999.00,-999.00,-999.00,-999.00,-999.00,-999,-999.00,-999,-999.00,-999.00,-999.00,1297,-999.00,-999.00,-999.00,-999.00,31734.51,0.08,-2.66,-1.29,29.80,28.54,29.17,14,169.34,14.00,0.08,114.74,178.94,1349.03,1486.62
Soricomorpha,Soricidae,Crocidura,lasiura,crocidura lasiura,-999.00,-999.00,-999.00,-999.00,-999.00,-999.00,-999.00,-999.00,-999.00,-999.00,-999.00,-999.00,-999.00,-999.00,-999.00,-999.00,-999.00,-999.00,-999.00,-999.00,-999.00,-999.00,-999.00,-999.00,-999,-999.00,-999,-999.00,-999.00,-999.00,-999,-999.00,-999.00,-999.00,-999.00,1022046.31,49.02,30.11,39.57,137.97,117.90,127.93,1,232.77,2.00,0.03,61.94,40.36,623.38,684.92
Soricomorpha,Soricidae,Crocidura,latona,crocidura latona,-999.00,-999.00,-999.00,-999.00,-999.00,-999.00,-999.00,-999.00,-999.00,-999.00,-999.00,-999.00,-999.00,-999.00,-999.00,-999.00,-999.00,-999.00,-999.00,-999.00,-999.00,-999.00,-999.00,-999.00,-999,-999.00,-999,-999.00,-999.00,-999.00,-999,-999.00,-999.00,-999.00,-999.00,84664.72,3.57,0.71,2.14,30.11,26.93,28.52,2,20.05,3.00,0.13,142.94,230.48,1495.24,1671.65
Soricomorpha,Soricidae,Crocidura,lea,crocidura lea,-999.00,-999.00,-999.00,-999.00,-999.00,-999.00,-999.00,-999.00,-999.00,-999.00,-999.00,-999.00,-999.00,-999.00,-999.00,-999.00,-999.00,-999.00,-999.00,-999.00,-999.00,-999.00,-999.00,-999.00,-999,-999.00,-999,-999.00,-999.00,-999.00,-999,-999.00,-999.00,-999.00,-999.00,67923.05,1.75,-2.51,-0.37,125.24,119.21,122.22,17,75.42,17.00,0.10,220.06,207.69,1816.28,1866.93
Soricomorpha,Soricidae,Crocidura,lepidura,crocidura lepidura,-999.00,-999.00,-999.00,-999.00,-999.00,-999.00,-999.00,-999.00,-999.00,-999.00,-999.00,-999.00,-999.00,-999.00,-999.00,-999.00,-999.00,-999.00,-999.00,-999.00,-999.00,-999.00,-999.00,-999.00,-999,-999.00,-999,-999.00,-999.00,-999.00,-999,-999.00,-999.00,-999.00,-999.00,-999.00,-999.00,-999.00,-999.00,-999.00,-999.00,-999.00,-999,-999.00,-999.00,-999.00,-999.00,-999.00,-999.00,-999.00
Soricomorpha,Soricidae,Crocidura,leucodon,crocidura leucodon,-999.00,10.88,-999.00,-999.00,-999.00,-999.00,29.83,11.70,3.00,-999.00,30.99,1.00,-999.00,-999.00,-999.00,3.36,-999.00,36.00,0.89,-999.00,-999.00,-999.00,107.16,-999.00,-999,1.00,2,23.36,-999.00,-999.00,540;543;626;1297;1822;2655,-999.00,-999.00,-999.00,-999.00,4156437.01,53.85,31.24,42.54,55.61,-1.03,27.28,1,112.56,9.00,0.02,51.26,80.31,471.93,672.82
Soricomorpha,Soricidae,Crocidura,levicula,crocidura levicula,-999.00,-999.00,-999.00,-999.00,-999.00,-999.00,-999.00,-999.00,-999.00,-999.00,-999.00,-999.00,-999.00,-999.00,-999.00,-999.00,-999.00,-999.00,-999.00,-999.00,-999.00,-999.00,-999.00,-999.00,-999,-999.00,-999,-999.00,-999.00,-999.00,-999,-999.00,-999.00,-999.00,-999.00,18810.70,-1.45,-4.17,-2.81,122.12,120.54,121.33,17,29.05,17.00,0.07,238.80,214.80,1805.00,1827.16
Soricomorpha,Soricidae,Crocidura,littoralis,crocidura littoralis,-999.00,18.61,-999.00,-999.00,-999.00,-999.00,-999.00,-999.00,-999.00,-999.00,-999.00,-999.00,-999.00,-999.00,-999.00,2.99,-999.00,-999.00,-999.00,-999.00,-999.00,-999.00,-999.00,-999.00,-999,-999.00,-999,-999.00,-999.00,-999.00,1297;2399;2655,-999.00,-999.00,-999.00,-999.00,411448.77,3.19,-1.24,0.97,37.86,25.62,31.74,1,84.57,2.00,0.15,112.85,219.26,1314.08,1584.02
Soricomorpha,Soricidae,Crocidura,longipes,crocidura longipes,-999.00,19.30,-999.00,-999.00,-999.00,-999.00,-999.00,-999.00,-999.00,-999.00,-999.00,-999.00,-999.00,-999.00,-999.00,-999.00,-999.00,-999.00,-999.00,-999.00,-999.00,-999.00,-999.00,-999.00,-999,-999.00,-999,-999.00,-999.00,-999.00,2655,-999.00,-999.00,-999.00,-999.00,1301.98,11.68,11.40,11.54,4.60,4.10,4.35,44,60.24,44.00,0.10,74.75,276.49,798.75,1689.50
Soricomorpha,Soricidae,Crocidura,lucina,crocidura lucina,-999.00,-999.00,-999.00,-999.00,-999.00,-999.00,-999.00,-999.00,-999.00,-999.00,-999.00,-999.00,-999.00,-999.00,-999.00,-999.00,-999.00,-999.00,-999.00,-999.00,-999.00,-999.00,-999.00,-999.00,-999,-999.00,-999,-999.00,-999.00,-999.00,-999,-999.00,-999.00,-999.00,-999.00,10061.72,8.12,6.32,7.22,40.37,38.79,39.58,8,82.69,8.00,0.14,69.92,56.52,987.36,1384.73
Soricomorpha,Soricidae,Crocidura,ludia,crocidura ludia,-999.00,5.15,-999.00,-999.00,-999.00,-999.00,-999.00,-999.00,-999.00,-999.00,-999.00,-999.00,-999.00,-999.00,-999.00,-999.00,-999.00,-999.00,-999.00,-999.00,-999.00,-999.00,-999.00,-999.00,-999,-999.00,-999,-999.00,-999.00,-999.00,2399,-999.00,-999.00,-999.00,-999.00,291396.08,4.79,0.08,2.43,28.91,18.97,23.94,1,14.47,2.00,0.13,143.79,239.93,1477.60,1634.52
Soricomorpha,Soricidae,Crocidura,luna,crocidura luna,2.00,13.83,-999.00,-999.00,-999.00,-999.00,26.88,12.80,1.00,-999.00,-999.00,-999.00,-999.00,-999.00,-999.00,1.99,-999.00,-999.00,-999.00,-999.00,-999.00,-999.00,-999.00,1.00,-999,-999.00,3,-999.00,-999.00,-999.00,1297;1822;2629;2655,-999.00,-999.00,-999.00,-999.00,1790648.51,4.27,-21.05,-8.38,37.95,23.48,30.71,0,51.34,3.00,0.17,88.91,214.62,946.02,1511.96
Soricomorpha,Soricidae,Crocidura,lusitania,crocidura lusitania,-999.00,2.48,-999.00,30.99,-999.00,-999.00,-999.00,-999.00,-999.00,-999.00,-999.00,-999.00,-999.00,-999.00,-999.00,-999.00,-999.00,-999.00,-999.00,-999.00,-999.00,-999.00,-999.00,-999.00,-999,-999.00,-999,-999.00,-999.00,-999.00,1430;2655,-999.00,-999.00,-999.00,-999.00,5756295.07,30.79,8.24,19.51,41.01,-16.67,12.17,0,21.11,0.00,0.09,40.62,263.38,474.80,1542.89
Soricomorpha,Soricidae,Crocidura,macarthuri,crocidura macarthuri,-999.00,-999.00,-999.00,-999.00,-999.00,-999.00,-999.00,-999.00,-999.00,-999.00,-999.00,-999.00,-999.00,-999.00,-999.00,-999.00,-999.00,-999.00,-999.00,-999.00,-999.00,-999.00,-999.00,-999.00,-999,-999.00,-999,-999.00,-999.00,-999.00,-999,-999.00,-999.00,-999.00,-999.00,437723.95,4.56,-2.92,0.81,46.63,38.06,42.34,1,14.81,1.00,0.06,37.71,273.21,556.28,1730.95
Soricomorpha,Soricidae,Crocidura,macmillani,crocidura macmillani,-999.00,-999.00,-999.00,-999.00,-999.00,-999.00,-999.00,-999.00,-999.00,-999.00,-999.00,-999.00,-999.00,-999.00,-999.00,-999.00,-999.00,-999.00,-999.00,-999.00,-999.00,-999.00,-999.00,-999.00,-999,-999.00,-999,-999.00,-999.00,-999.00,-999,-999.00,-999.00,-999.00,-999.00,38.85,6.49,6.43,6.46,37.55,37.48,37.51,131,136.50,131.00,0.15,64.50,184.50,1194.50,1317.00
Soricomorpha,Soricidae,Crocidura,macowi,crocidura macowi,-999.00,-999.00,-999.00,-999.00,-999.00,-999.00,-999.00,-999.00,-999.00,-999.00,-999.00,-999.00,-999.00,-999.00,-999.00,-999.00,-999.00,-999.00,-999.00,-999.00,-999.00,-999.00,-999.00,-999.00,-999,-999.00,-999,-999.00,-999.00,-999.00,-999,-999.00,-999.00,-999.00,-999.00,36.99,2.18,2.11,2.14,36.86,36.80,36.83,4,4.00,4.00,0.33,54.00,246.00,842.00,1461.00
Soricomorpha,Soricidae,Crocidura,malayana,crocidura malayana,-999.00,-999.00,-999.00,-999.00,-999.00,-999.00,-999.00,-999.00,-999.00,-999.00,-999.00,-999.00,-999.00,-999.00,-999.00,-999.00,-999.00,-999.00,-999.00,-999.00,-999.00,-999.00,-999.00,-999.00,-999,-999.00,-999,-999.00,-999.00,-999.00,-999,-999.00,-999.00,-999.00,-999.00,-999.00,-999.00,-999.00,-999.00,-999.00,-999.00,-999.00,-999,-999.00,-999.00,-999.00,-999.00,-999.00,-999.00,-999.00
Soricomorpha,Soricidae,Crocidura,manengubae,crocidura manengubae,-999.00,-999.00,-999.00,-999.00,-999.00,-999.00,-999.00,-999.00,-999.00,-999.00,-999.00,-999.00,-999.00,-999.00,-999.00,-999.00,-999.00,-999.00,-999.00,-999.00,-999.00,-999.00,-999.00,-999.00,-999,-999.00,-999,-999.00,-999.00,-999.00,-999,-999.00,-999.00,-999.00,-999.00,128796.09,7.32,3.66,5.49,14.46,10.01,12.24,4,30.31,6.00,0.12,143.90,234.25,1171.49,1462.26
Soricomorpha,Soricidae,Crocidura,maquassiensis,crocidura maquassiensis,-999.00,5.99,-999.00,-999.00,-999.00,-999.00,-999.00,-999.00,1.00,-999.00,-999.00,-999.00,-999.00,-999.00,-999.00,-999.00,-999.00,-999.00,-999.00,-999.00,-999.00,-999.00,-999.00,-999.00,-999,-999.00,3,-999.00,-999.00,-999.00,2629;2655,-999.00,-999.00,-999.00,-999.00,494580.60,-19.41,-30.80,-25.10,31.44,25.59,28.51,2,39.59,4.00,0.11,51.25,177.74,712.36,1285.41
Soricomorpha,Soricidae,Crocidura,mariquensis,crocidura mariquensis,2.00,10.35,-999.00,-999.00,-999.00,-999.00,-999.00,-999.00,1.00,-999.00,-999.00,1.00,-999.00,-999.00,-999.00,3.94,-999.00,-999.00,-999.00,-999.00,-999.00,-999.00,-999.00,-999.00,-999,1.00,3,-999.00,-999.00,-999.00,626;1297;2629;2655,-999.00,-999.00,-999.00,-999.00,3352832.94,-6.07,-34.21,-20.14,35.60,15.10,25.35,0,19.89,1.00,0.16,70.40,205.71,760.15,1391.18
Soricomorpha,Soricidae,Crocidura,maurisca,crocidura maurisca,-999.00,14.00,-999.00,-999.00,-999.00,-999.00,-999.00,-999.00,-999.00,-999.00,-999.00,-999.00,-999.00,-999.00,-999.00,-999.00,-999.00,-999.00,-999.00,-999.00,-999.00,-999.00,-999.00,-999.00,-999,-999.00,-999,-999.00,-999.00,-999.00,2655,-999.00,-999.00,-999.00,-999.00,19556.07,0.93,-0.16,0.38,35.01,32.34,33.67,81,320.86,81.00,0.16,99.73,216.39,1346.46,1550.06
Soricomorpha,Soricidae,Crocidura,maxi,crocidura maxi,-999.00,-999.00,-999.00,-999.00,-999.00,-999.00,-999.00,-999.00,-999.00,-999.00,-999.00,-999.00,-999.00,-999.00,-999.00,-999.00,-999.00,-999.00,-999.00,-999.00,-999.00,-999.00,-999.00,-999.00,-999,-999.00,-999,-999.00,-999.00,-999.00,-999,-999.00,-999.00,-999.00,-999.00,152372.76,-3.49,-10.32,-6.90,128.34,105.20,116.77,23,596.04,23.00,0.05,201.34,244.68,1370.42,1640.76
Soricomorpha,Soricidae,Crocidura,mindorus,crocidura mindorus,-999.00,-999.00,-999.00,-999.00,-999.00,-999.00,-999.00,-999.00,-999.00,-999.00,-999.00,-999.00,-999.00,-999.00,-999.00,-999.00,-999.00,-999.00,-999.00,-999.00,-999.00,-999.00,-999.00,-999.00,-999,-999.00,-999,-999.00,-999.00,-999.00,-999,-999.00,-999.00,-999.00,-999.00,836.70,13.35,12.26,12.81,122.69,120.91,121.80,34,138.69,34.00,0.10,194.50,235.00,-999.00,-999.00
Soricomorpha,Soricidae,Crocidura,miya,crocidura miya,-999.00,-999.00,-999.00,-999.00,-999.00,-999.00,-999.00,-999.00,-999.00,-999.00,-999.00,-999.00,-999.00,-999.00,-999.00,-999.00,-999.00,-999.00,-999.00,-999.00,-999.00,-999.00,-999.00,-999.00,-999,-999.00,-999,-999.00,-999.00,-999.00,-999,-999.00,-999.00,-999.00,-999.00,7582.81,7.62,6.66,7.14,81.23,80.40,80.82,104,353.90,104.00,0.02,174.28,246.85,1571.40,1594.12
Soricomorpha,Soricidae,Crocidura,monax,crocidura monax,-999.00,16.00,-999.00,-999.00,-999.00,-999.00,-999.00,-999.00,-999.00,-999.00,-999.00,-999.00,-999.00,-999.00,-999.00,-999.00,-999.00,-999.00,-999.00,-999.00,-999.00,-999.00,-999.00,-999.00,-999,-999.00,-999,-999.00,-999.00,-999.00,2655,-999.00,-999.00,-999.00,-999.00,196976.45,1.76,-4.58,-1.41,37.81,34.27,36.04,5,104.22,9.00,0.19,72.83,196.71,999.89,1539.34
Soricomorpha,Soricidae,Crocidura,monticola,crocidura monticola,-999.00,-999.00,-999.00,-999.00,-999.00,-999.00,-999.00,-999.00,-999.00,-999.00,-999.00,-999.00,-999.00,-999.00,-999.00,-999.00,-999.00,-999.00,-999.00,-999.00,-999.00,-999.00,-999.00,-999.00,-999,-999.00,-999,-999.00,-999.00,-999.00,-999,-999.00,-999.00,-999.00,-999.00,619894.30,8.82,-8.78,0.02,118.24,95.18,106.71,3,262.89,20.00,0.11,217.58,250.95,1645.50,1758.86
Soricomorpha,Soricidae,Crocidura,montis,crocidura montis,-999.00,14.49,-999.00,-999.00,-999.00,-999.00,-999.00,-999.00,-999.00,-999.00,-999.00,-999.00,-999.00,-999.00,-999.00,-999.00,-999.00,-999.00,-999.00,-999.00,-999.00,-999.00,-999.00,-999.00,-999,-999.00,-999,-999.00,-999.00,-999.00,2655,-999.00,-999.00,-999.00,-999.00,86115.53,4.28,-3.48,0.40,38.21,29.92,34.07,5,121.26,6.00,0.16,78.61,193.62,1036.87,1531.10
Soricomorpha,Soricidae,Crocidura,muricauda,crocidura muricauda,-999.00,-999.00,-999.00,-999.00,-999.00,-999.00,-999.00,-999.00,-999.00,-999.00,-999.00,-999.00,-999.00,-999.00,-999.00,-999.00,-999.00,-999.00,-999.00,-999.00,-999.00,-999.00,-999.00,-999.00,-999,-999.00,-999,-999.00,-999.00,-999.00,-999,-999.00,-999.00,-999.00,-999.00,519293.43,10.75,4.35,7.55,0.38,-14.23,-6.92,3,73.17,9.00,0.08,178.55,255.89,1264.87,1549.85
Soricomorpha,Soricidae,Crocidura,musseri,crocidura musseri,-999.00,-999.00,-999.00,-999.00,-999.00,-999.00,-999.00,-999.00,-999.00,-999.00,-999.00,-999.00,-999.00,-999.00,-999.00,-999.00,-999.00,-999.00,-999.00,-999.00,-999.00,-999.00,-999.00,-999.00,-999,-999.00,-999,-999.00,-999.00,-999.00,-999,-999.00,-999.00,-999.00,-999.00,-999.00,-999.00,-999.00,-999.00,-999.00,-999.00,-999.00,-999,-999.00,-999.00,-999.00,-999.00,-999.00,-999.00,-999.00
Soricomorpha,Soricidae,Crocidura,mutesae,crocidura mutesae,-999.00,23.91,-999.00,-999.00,-999.00,-999.00,-999.00,-999.00,-999.00,-999.00,-999.00,-999.00,-999.00,-999.00,-999.00,-999.00,-999.00,-999.00,-999.00,-999.00,-999.00,-999.00,-999.00,-999.00,-999,-999.00,-999,-999.00,-999.00,-999.00,2399,-999.00,-999.00,-999.00,-999.00,46052.61,1.73,-0.14,0.79,34.00,30.95,32.47,32,148.61,35.00,0.15,100.92,229.18,1337.85,1560.84
Soricomorpha,Soricidae,Crocidura,nana,crocidura nana,-999.00,-999.00,-999.00,-999.00,-999.00,-999.00,-999.00,-999.00,-999.00,-999.00,-999.00,-999.00,-999.00,-999.00,-999.00,-999.00,-999.00,-999.00,-999.00,-999.00,-999.00,-999.00,-999.00,-999.00,-999,-999.00,-999,-999.00,-999.00,-999.00,-999,-999.00,-999.00,-999.00,-999.00,241737.48,9.33,3.21,6.27,44.63,39.46,42.04,2,23.63,3.00,0.13,46.27,203.85,657.02,1628.58
Soricomorpha,Soricidae,Crocidura,nanilla,crocidura nanilla,-999.00,6.50,-999.00,-999.00,-999.00,-999.00,-999.00,-999.00,-999.00,-999.00,-999.00,-999.00,-999.00,-999.00,-999.00,-999.00,-999.00,-999.00,-999.00,-999.00,-999.00,-999.00,-999.00,-999.00,-999,-999.00,-999,-999.00,-999.00,-999.00,2655,-999.00,-999.00,-999.00,-999.00,4262855.73,20.64,-0.10,10.27,37.09,-17.53,9.77,0,38.96,1.00,0.10,87.54,264.61,844.87,1593.38
Soricomorpha,Soricidae,Crocidura,negligens,crocidura negligens,-999.00,-999.00,-999.00,-999.00,-999.00,-999.00,-999.00,-999.00,-999.00,-999.00,-999.00,-999.00,-999.00,-999.00,-999.00,-999.00,-999.00,-999.00,-999.00,-999.00,-999.00,-999.00,-999.00,-999.00,-999,-999.00,-999,-999.00,-999.00,-999.00,-999,-999.00,-999.00,-999.00,-999.00,-999.00,-999.00,-999.00,-999.00,-999.00,-999.00,-999.00,-999,-999.00,-999.00,-999.00,-999.00,-999.00,-999.00,-999.00
Soricomorpha,Soricidae,Crocidura,negrina,crocidura negrina,-999.00,11.33,-999.00,-999.00,-999.00,-999.00,-999.00,-999.00,-999.00,-999.00,-999.00,-999.00,-999.00,-999.00,-999.00,-999.00,-999.00,-999.00,-999.00,-999.00,-999.00,-999.00,-999.00,-999.00,-999,-999.00,-999,-999.00,-999.00,-999.00,1306,-999.00,-999.00,-999.00,-999.00,12874.45,11.00,9.03,10.02,123.56,122.38,122.97,130,288.73,130.00,0.09,144.35,256.23,1479.27,1759.33
Soricomorpha,Soricidae,Crocidura,nicobarica,crocidura nicobarica,-999.00,-999.00,-999.00,100.00,-999.00,-999.00,-999.00,-999.00,2.00,-999.00,-999.00,-999.00,-999.00,-999.00,-999.00,3.00,-999.00,-999.00,-999.00,-999.00,-999.00,-999.00,-999.00,-999.00,-999,-999.00,3,-999.00,-999.00,-999.00,1015,31.03,-999.00,-999.00,-999.00,973.63,7.23,6.74,6.99,93.95,93.65,93.80,14,14.00,14.00,0.16,-999.00,-999.00,-999.00,-999.00
Soricomorpha,Soricidae,Crocidura,nigeriae,crocidura nigeriae,-999.00,23.00,-999.00,-999.00,-999.00,-999.00,-999.00,-999.00,-999.00,-999.00,-999.00,-999.00,-999.00,-999.00,-999.00,-999.00,-999.00,-999.00,-999.00,-999.00,-999.00,-999.00,-999.00,-999.00,-999,-999.00,-999,-999.00,-999.00,-999.00,2655,-999.00,-999.00,-999.00,-999.00,184841.83,8.20,3.20,5.70,10.80,3.04,6.92,9,208.38,12.00,0.14,183.39,254.66,1237.83,1574.02
Soricomorpha,Soricidae,Crocidura,nigricans,crocidura nigricans,-999.00,20.00,-999.00,-999.00,-999.00,-999.00,-999.00,-999.00,-999.00,-999.00,-999.00,-999.00,-999.00,-999.00,-999.00,3.99,-999.00,-999.00,-999.00,-999.00,-999.00,-999.00,-999.00,-999.00,-999,-999.00,-999,-999.00,-999.00,-999.00,1297;2655,-999.00,-999.00,-999.00,-999.00,76023.56,-11.60,-16.92,-14.26,15.49,13.13,14.31,2,14.29,2.00,0.12,81.77,201.46,864.54,1387.73
Soricomorpha,Soricidae,Crocidura,nigripes,crocidura nigripes,-999.00,-999.00,-999.00,-999.00,-999.00,-999.00,-999.00,-999.00,-999.00,-999.00,-999.00,-999.00,-999.00,-999.00,-999.00,-999.00,-999.00,-999.00,-999.00,-999.00,-999.00,-999.00,-999.00,-999.00,-999,-999.00,-999,-999.00,-999.00,-999.00,-999,-999.00,-999.00,-999.00,-999.00,73630.86,1.75,-2.94,-0.59,125.24,119.28,122.26,17,73.81,17.00,0.10,221.77,204.87,1815.53,1864.53
Soricomorpha,Soricidae,Crocidura,nigrofusca,crocidura nigrofusca,-999.00,11.75,-999.00,-999.00,-999.00,-999.00,-999.00,-999.00,-999.00,-999.00,-999.00,-999.00,-999.00,-999.00,-999.00,2.49,-999.00,-999.00,-999.00,-999.00,-999.00,-999.00,-999.00,-999.00,-999,-999.00,-999,-999.00,-999.00,-999.00,1297;2399,-999.00,-999.00,-999.00,-999.00,3763137.80,6.79,-16.60,-4.90,41.20,16.11,28.66,0,31.22,1.00,0.17,88.28,225.00,937.56,1499.03
Soricomorpha,Soricidae,Crocidura,nimbae,crocidura nimbae,-999.00,-999.00,-999.00,-999.00,-999.00,-999.00,-999.00,-999.00,-999.00,-999.00,-999.00,-999.00,-999.00,-999.00,-999.00,-999.00,-999.00,-999.00,-999.00,-999.00,-999.00,-999.00,-999.00,-999.00,-999,-999.00,-999,-999.00,-999.00,-999.00,-999,-999.00,-999.00,-999.00,-999.00,200.78,7.69,7.55,7.62,-8.33,-8.47,-8.40,43,43.00,43.00,0.22,159.00,237.00,1238.00,1433.00
Soricomorpha,Soricidae,Crocidura,niobe,crocidura niobe,-999.00,16.00,-999.00,-999.00,-999.00,-999.00,-999.00,-999.00,-999.00,-999.00,-999.00,-999.00,-999.00,-999.00,-999.00,2.99,-999.00,-999.00,-999.00,-999.00,-999.00,-999.00,-999.00,-999.00,-999,-999.00,-999,-999.00,-999.00,-999.00,1297;2655,-999.00,-999.00,-999.00,-999.00,50103.11,0.90,-1.21,-0.15,31.45,28.64,30.05,14,106.49,42.00,0.17,106.65,199.92,1355.19,1504.96
Soricomorpha,Soricidae,Crocidura,obscurior,crocidura obscurior,-999.00,-999.00,-999.00,-999.00,-999.00,-999.00,-999.00,-999.00,-999.00,-999.00,-999.00,-999.00,-999.00,-999.00,-999.00,-999.00,-999.00,-999.00,-999.00,-999.00,-999.00,-999.00,-999.00,-999.00,-999,-999.00,-999,-999.00,-999.00,-999.00,-999,-999.00,-999.00,-999.00,-999.00,324332.89,9.19,4.35,6.77,-3.21,-13.29,-8.25,3,62.47,8.00,0.04,194.21,254.43,1296.44,1538.70
Chiroptera,Vespertilionidae,Chalinolobus,nigrogriseus,chalinolobus nigrogriseus,-999.00,8.79,34.99,-999.00,-999.00,-999.00,-999.00,-999.00,-999.00,-999.00,-999.00,1.00,-999.00,-999.00,-999.00,-999.00,-999.00,-999.00,-999.00,-999.00,-999.00,-999.00,-999.00,-999.00,-999,2.00,-999,-999.00,-999.00,-999.00,1658;2151;2622;2655,-999.00,-999.00,-999.00,-999.00,1435584.10,-8.74,-29.26,-19.00,153.63,122.13,137.88,0,3.97,0.00,0.07,76.24,248.59,812.54,1674.90
Chiroptera,Vespertilionidae,Chalinolobus,picatus,chalinolobus picatus,-999.00,-999.00,33.50,-999.00,-999.00,-999.00,-999.00,-999.00,-999.00,-999.00,-999.00,1.00,-999.00,-999.00,-999.00,2.00,-999.00,-999.00,-999.00,-999.00,-999.00,-999.00,-999.00,-999.00,-999,2.00,-999,-999.00,-999.00,-999.00,1297;1658;2151,5.86,-999.00,-999.00,-999.00,1033460.02,-20.79,-34.96,-27.88,147.50,138.61,143.05,0,0.08,0.00,-5.92524361517401e-03,26.49,209.29,334.82,1299.98
Chiroptera,Vespertilionidae,Chalinolobus,tuberculatus,chalinolobus tuberculatus,2.00,-999.00,41.00,-999.00,-999.00,-999.00,-999.00,-999.00,1.00,-999.00,-999.00,1.00,-999.00,-999.00,-999.00,0.98,-999.00,-999.00,-999.00,-999.00,-999.00,300.00,-999.00,-999.00,-999,2.00,3,-999.00,-999.00,-999.00,905;1297;1658;2151,10.46,-999.00,-999.00,-999.00,174975.16,-34.97,-47.11,-41.04,178.55,166.41,172.48,0,20.95,0.00,0.06,90.49,94.58,650.93,784.41
Primates,Cheirogaleidae,Cheirogaleus,adipicaudatus,cheirogaleus adipicaudatus,-999.00,-999.00,-999.00,-999.00,-999.00,-999.00,-999.00,-999.00,-999.00,-999.00,-999.00,-999.00,-999.00,-999.00,-999.00,-999.00,-999.00,-999.00,-999.00,-999.00,-999.00,-999.00,-999.00,-999.00,-999,-999.00,-999,-999.00,-999.00,-999.00,-999,-999.00,-999.00,-999.00,-999.00,40707.46,-21.95,-25.04,-23.49,47.11,44.07,45.59,4,13.12,4.00,0.22,73.64,220.30,918.09,1559.95
Primates,Cheirogaleidae,Cheirogaleus,crossleyi,cheirogaleus crossleyi,-999.00,-999.00,-999.00,-999.00,-999.00,-999.00,-999.00,-999.00,-999.00,-999.00,-999.00,-999.00,-999.00,-999.00,-999.00,-999.00,-999.00,-999.00,-999.00,-999.00,-999.00,-999.00,-999.00,-999.00,-999,-999.00,-999,-999.00,-999.00,-999.00,-999,-999.00,-999.00,-999.00,-999.00,47826.13,-16.62,-20.82,-18.72,49.01,47.11,48.06,5,60.66,6.00,0.20,180.87,187.64,1253.51,1513.46
Primates,Cheirogaleidae,Cheirogaleus,major,cheirogaleus major,1.00,446.02,-999.00,225.00,-999.00,-999.00,-999.00,-999.00,5.00,-999.00,70.00,1.00,0.02,0.04,-999.00,2.26,-999.00,180.00,18.08,76.69,67.99,1.00,420.91,1.00,4,2.00,2,47.14,-999.00,-999.00,208;543;1046;1048;1261;1297;1544;1545;1547;1848;2151;2344;2511;2655;2660;2986,-999.00,-999.00,-999.00,-999.00,112950.33,-12.36,-25.16,-18.76,50.45,46.63,48.54,5,36.69,8.00,0.18,167.63,202.98,1320.17,1592.72
Primates,Cheirogaleidae,Cheirogaleus,medius,cheirogaleus medius,1.00,196.76,-999.00,225.00,-999.00,472.67,195.00,300.00,5.00,-999.00,61.79,1.00,0.02,4.776286e-03,365.00,2.04,-999.00,231.60,14.65,-999.00,221.44,1.00,413.84,1.00,4,2.00,2,60.65,-999.00,-999.00,208;543;730;732;1046;1048;1261;1297;1544;1545;1547;1611;1822;1848;2041;2151;2344;2428;2493;2511;2655;2986,-999.00,1.10,-999.00,-999.00,122848.88,-12.49,-25.58,-19.03,49.82,43.22,46.52,2,11.99,3.00,0.19,85.08,240.48,899.72,1625.76
Primates,Cheirogaleidae,Cheirogaleus,minusculus,cheirogaleus minusculus,-999.00,-999.00,-999.00,-999.00,-999.00,-999.00,-999.00,-999.00,-999.00,-999.00,-999.00,-999.00,-999.00,-999.00,-999.00,-999.00,-999.00,-999.00,-999.00,-999.00,-999.00,-999.00,-999.00,-999.00,-999,-999.00,-999,-999.00,-999.00,-999.00,-999,-999.00,-999.00,-999.00,-999.00,805.63,-20.33,-20.62,-20.48,47.35,47.05,47.20,60,66.00,60.00,0.16,144.48,152.50,1267.91,1474.98
Primates,Cheirogaleidae,Cheirogaleus,ravus,cheirogaleus ravus,-999.00,-999.00,-999.00,-999.00,-999.00,-999.00,-999.00,-999.00,-999.00,-999.00,-999.00,-999.00,-999.00,-999.00,-999.00,-999.00,-999.00,-999.00,-999.00,-999.00,-999.00,-999.00,-999.00,-999.00,-999,-999.00,-999,-999.00,-999.00,-999.00,-999,-999.00,-999.00,-999.00,-999.00,2240.10,-17.45,-18.72,-18.09,49.51,49.10,49.31,28,62.03,28.00,0.16,277.97,222.32,1453.68,1719.12
Primates,Cheirogaleidae,Cheirogaleus,sibreei,cheirogaleus sibreei,-999.00,-999.00,-999.00,-999.00,-999.00,-999.00,-999.00,-999.00,-999.00,-999.00,-999.00,-999.00,-999.00,-999.00,-999.00,-999.00,-999.00,-999.00,-999.00,-999.00,-999.00,-999.00,-999.00,-999.00,-999,-999.00,-999,-999.00,-999.00,-999.00,-999,-999.00,-999.00,-999.00,-999.00,12712.93,-19.18,-20.78,-19.98,48.09,47.02,47.56,17,69.43,17.00,0.18,154.45,169.11,1257.96,1475.80
Afrosoricida,Chrysochloridae,Chlorotalpa,sclateri,chlorotalpa sclateri,-999.00,38.30,-999.00,100.00,-999.00,-999.00,-999.00,-999.00,1.00,-999.00,-999.00,-999.00,-999.00,-999.00,-999.00,2.00,-999.00,-999.00,-999.00,-999.00,-999.00,1.00,-999.00,1.00,4,-999.00,3,-999.00,-999.00,-999.00,285;1848;2131;2629;2655;2818,-999.00,-999.00,-999.00,-999.00,352293.84,-27.01,-32.28,-29.65,30.77,20.56,25.66,0,15.70,0.00,0.10,38.02,156.24,534.62,1105.83
Soricomorpha,Soricidae,Chodsigoa,caovansunga,chodsigoa caovansunga,-999.00,-999.00,-999.00,-999.00,-999.00,-999.00,-999.00,-999.00,-999.00,-999.00,-999.00,-999.00,-999.00,-999.00,-999.00,-999.00,-999.00,-999.00,-999.00,-999.00,-999.00,-999.00,-999.00,-999.00,-999,-999.00,-999,-999.00,-999.00,-999.00,-999,-999.00,-999.00,-999.00,-999.00,-999.00,-999.00,-999.00,-999.00,-999.00,-999.00,-999.00,-999,-999.00,-999.00,-999.00,-999.00,-999.00,-999.00,-999.00
Soricomorpha,Soricidae,Chodsigoa,hypsibia,chodsigoa hypsibia,-999.00,-999.00,-999.00,-999.00,-999.00,-999.00,-999.00,-999.00,-999.00,-999.00,-999.00,-999.00,-999.00,-999.00,-999.00,-999.00,-999.00,-999.00,-999.00,-999.00,-999.00,-999.00,-999.00,-999.00,-999,-999.00,-999,-999.00,-999.00,-999.00,-999,-999.00,-999.00,-999.00,-999.00,446123.84,35.00,27.31,31.16,109.94,97.01,103.48,1,134.27,3.00,0.07,107.32,68.87,768.60,906.45
Soricomorpha,Soricidae,Chodsigoa,lamula,chodsigoa lamula,-999.00,-999.00,-999.00,-999.00,-999.00,-999.00,-999.00,-999.00,-999.00,-999.00,-999.00,-999.00,-999.00,-999.00,-999.00,-999.00,-999.00,-999.00,-999.00,-999.00,-999.00,-999.00,-999.00,-999.00,-999,-999.00,-999,-999.00,-999.00,-999.00,-999,-999.00,-999.00,-999.00,-999.00,271133.80,34.48,26.12,30.30,103.70,97.41,100.55,1,39.20,2.00,0.07,132.56,36.91,795.73,959.93
Soricomorpha,Soricidae,Chodsigoa,parca,chodsigoa parca,-999.00,-999.00,-999.00,70.00,-999.00,-999.00,-999.00,-999.00,-999.00,-999.00,-999.00,-999.00,-999.00,-999.00,-999.00,-999.00,-999.00,-999.00,-999.00,-999.00,-999.00,-999.00,-999.00,-999.00,-999,-999.00,-999,-999.00,-999.00,-999.00,2741,11.08,-999.00,-999.00,-999.00,588971.44,29.29,17.88,23.58,105.45,97.99,101.72,6,95.27,9.00,0.08,118.07,145.24,981.12,1245.29
Soricomorpha,Soricidae,Chodsigoa,parva,chodsigoa parva,-999.00,-999.00,-999.00,-999.00,-999.00,-999.00,-999.00,-999.00,-999.00,-999.00,-999.00,-999.00,-999.00,-999.00,-999.00,-999.00,-999.00,-999.00,-999.00,-999.00,-999.00,-999.00,-999.00,-999.00,-999,-999.00,-999,-999.00,-999.00,-999.00,-999,-999.00,-999.00,-999.00,-999.00,-999.00,-999.00,-999.00,-999.00,-999.00,-999.00,-999.00,-999,-999.00,-999.00,-999.00,-999.00,-999.00,-999.00,-999.00
Soricomorpha,Soricidae,Chodsigoa,salenskii,chodsigoa salenskii,-999.00,5.49,-999.00,-999.00,-999.00,-999.00,-999.00,-999.00,-999.00,-999.00,-999.00,-999.00,-999.00,-999.00,-999.00,-999.00,-999.00,-999.00,-999.00,-999.00,-999.00,-999.00,-999.00,-999.00,-999,-999.00,-999,-999.00,-999.00,-999.00,2655,-999.00,-999.00,-999.00,-999.00,424.87,31.07,30.84,30.95,107.08,106.85,106.97,500,553.34,500.00,0.04,73.50,149.01,960.27,975.75
Soricomorpha,Soricidae,Chodsigoa,smithii,chodsigoa smithii,-999.00,-999.00,-999.00,84.00,-999.00,-999.00,-999.00,-999.00,-999.00,-999.00,-999.00,-999.00,-999.00,-999.00,-999.00,-999.00,-999.00,-999.00,-999.00,-999.00,-999.00,-999.00,-999.00,-999.00,-999,-999.00,-999,-999.00,-999.00,-999.00,2741,18.76,-999.00,-999.00,-999.00,307217.96,33.92,28.00,30.96,108.12,100.74,104.43,4,241.29,6.00,0.05,96.39,95.79,795.06,899.08
Soricomorpha,Soricidae,Chodsigoa,sodalis,chodsigoa sodalis,-999.00,-999.00,-999.00,-999.00,-999.00,-999.00,-999.00,-999.00,-999.00,-999.00,-999.00,-999.00,-999.00,-999.00,-999.00,-999.00,-999.00,-999.00,-999.00,-999.00,-999.00,-999.00,-999.00,-999.00,-999,-999.00,-999,-999.00,-999.00,-999.00,-999,-999.00,-999.00,-999.00,-999.00,-999.00,-999.00,-999.00,-999.00,-999.00,-999.00,-999.00,-999,-999.00,-999.00,-999.00,-999.00,-999.00,-999.00,-999.00
Chiroptera,Phyllostomidae,Choeroniscus,godmani,choeroniscus godmani,-999.00,7.90,34.00,-999.00,-999.00,-999.00,19.08,10.10,3.00,-999.00,-999.00,1.00,-999.00,-999.00,-999.00,0.98,-999.00,-999.00,-999.00,-999.00,-999.00,-999.00,-999.00,-999.00,-999,2.00,2,-999.00,-999.00,-999.00,106;890;1297;1658;2143;2151;2622;2655;2719,-999.00,-999.00,-999.00,-999.00,2763301.06,25.05,0.91,12.98,-51.64,-108.21,-79.92,0,42.76,0.00,0.11,148.03,238.66,1362.84,1661.72
Chiroptera,Phyllostomidae,Choeroniscus,minor,choeroniscus minor,-999.00,8.63,35.49,-999.00,-999.00,-999.00,-999.00,-999.00,2.00,-999.00,-999.00,1.00,-999.00,-999.00,-999.00,0.98,-999.00,-999.00,-999.00,-999.00,-999.00,-999.00,-999.00,-999.00,-999,2.00,2,-999.00,-999.00,-999.00,26;108;196;889;1297;1658;2143;2151;2622;2655,-999.00,-999.00,-999.00,-999.00,6447650.32,10.01,-17.41,-3.70,-44.36,-81.35,-62.85,0,9.15,0.00,0.12,173.43,241.56,1414.88,1583.68
Chiroptera,Phyllostomidae,Choeroniscus,periosus,choeroniscus periosus,-999.00,-999.00,41.00,-999.00,-999.00,-999.00,-999.00,-999.00,-999.00,-999.00,-999.00,1.00,-999.00,-999.00,-999.00,-999.00,-999.00,-999.00,-999.00,-999.00,-999.00,-999.00,-999.00,-999.00,-999,2.00,-999,-999.00,-999.00,-999.00,1658;2151,10.46,-999.00,-999.00,-999.00,250151.45,6.98,-1.75,2.61,-75.01,-80.50,-77.75,0,53.09,5.00,0.12,213.36,216.97,1442.75,1559.18
Chiroptera,Phyllostomidae,Choeronycteris,mexicana,choeronycteris mexicana,-999.00,17.26,44.49,66.00,0.00,-999.00,-999.00,-999.00,3.00,-999.00,-999.00,1.00,-999.00,-999.00,-999.00,0.99,-999.00,-999.00,4.85,-999.00,-999.00,-999.00,-999.00,-999.00,-999,2.00,2,-999.00,-999.00,-999.00,108;124;892;1297;1658;2077;2143;2151;2622;2655,-999.00,-999.00,-999.00,-999.00,1786274.52,33.35,13.13,23.24,-87.22,-117.35,-102.28,0,53.53,1.00,0.10,52.95,189.59,692.90,1322.52
Pilosa,Megalonychidae,Choloepus,didactylus,choloepus didactylus,2.00,6646.50,-999.00,688.96,0.00,-999.00,-999.00,-999.00,3.00,-999.00,269.63,2.00,-999.00,-999.00,795.41,1.00,-999.00,333.60,364.00,-999.00,53.40,-999.00,1262.74,1.00,2,2.00,2,52.61,-999.00,-999.00,12;543;730;887;889;890;905;1297;2151;2430;2431;2655,-999.00,0.74,-999.00,-999.00,3900958.92,10.13,-9.77,0.17,-42.57,-78.29,-60.43,0,4.88,0.00,0.12,184.67,252.37,1483.42,1614.82
Pilosa,Megalonychidae,Choloepus,hoffmanni,choloepus hoffmanni,2.00,5893.50,-999.00,-999.00,0.00,-999.00,697.74,4010.00,3.00,-999.00,258.54,2.00,-999.00,-999.00,456.25,1.00,-999.00,385.20,373.00,-999.00,118.42,-999.00,1473.20,1.00,2,2.00,1,46.40,-999.00,-999.00,543;730;889;890;905;1297;1822;1994;2151;2655,-999.00,0.98,-999.00,-999.00,997078.52,15.40,-15.80,-0.19,-65.29,-86.66,-75.97,0,40.18,1.00,0.13,192.46,237.35,1422.76,1574.86
Carnivora,Viverridae,Chrotogale,owstoni,chrotogale owstoni,2.00,3267.71,-999.00,570.29,-999.00,-999.00,-999.00,-999.00,6.00,-999.00,-999.00,1.00,-999.00,-999.00,-999.00,-999.00,-999.00,-999.00,-999.00,-999.00,-999.00,-999.00,-999.00,-999.00,4,1.00,2,-999.00,-999.00,-999.00,1113;2655,-999.00,-999.00,-999.00,-999.00,27879.90,23.61,20.44,22.03,106.03,104.04,105.03,35,297.26,49.00,0.10,136.85,183.06,1082.74,1204.05
Rodentia,Muridae,Chrotomys,gonzalesi,chrotomys gonzalesi,-999.00,140.20,-999.00,172.99,-999.00,-999.00,-999.00,-999.00,1.00,-999.00,-999.00,-999.00,-999.00,-999.00,-999.00,-999.00,-999.00,-999.00,-999.00,-999.00,-999.00,-999.00,-999.00,-999.00,-999,-999.00,3,-999.00,-999.00,-999.00,170;2152;2446;2655,-999.00,-999.00,-999.00,-999.00,323.24,13.74,13.55,13.65,123.47,123.28,123.38,323,323.00,323.00,0.09,331.00,252.00,-999.00,-999.00
Rodentia,Muridae,Chrotomys,mindorensis,chrotomys mindorensis,-999.00,151.98,-999.00,172.99,-999.00,-999.00,-999.00,-999.00,-999.00,-999.00,-999.00,-999.00,-999.00,-999.00,-999.00,-999.00,-999.00,-999.00,-999.00,-999.00,-999.00,-999.00,-999.00,-999.00,-999,-999.00,-999,-999.00,-999.00,-999.00,2152,-999.00,-999.00,-999.00,-999.00,115585.39,18.65,12.20,15.42,124.19,119.74,121.97,19,283.29,29.00,0.09,233.49,240.53,1367.82,1715.75
Rodentia,Muridae,Chrotomys,silaceus,chrotomys silaceus,-999.00,-999.00,-999.00,195.00,-999.00,-999.00,-999.00,-999.00,-999.00,-999.00,-999.00,-999.00,-999.00,-999.00,-999.00,-999.00,-999.00,-999.00,-999.00,-999.00,-999.00,-999.00,-999.00,-999.00,-999,-999.00,-999,-999.00,-999.00,-999.00,2152,213.39,-999.00,-999.00,-999.00,749.26,17.06,16.67,16.87,121.00,120.79,120.90,62,89.35,62.00,4.18062917993088e-03,276.36,203.99,1422.34,1557.00
Rodentia,Muridae,Chrotomys,whiteheadi,chrotomys whiteheadi,-999.00,151.98,-999.00,172.99,-999.00,-999.00,-999.00,-999.00,-999.00,-999.00,-999.00,-999.00,-999.00,-999.00,-999.00,-999.00,-999.00,-999.00,-999.00,-999.00,-999.00,-999.00,-999.00,-999.00,-999,-999.00,-999,-999.00,-999.00,-999.00,2152,-999.00,-999.00,-999.00,-999.00,696.70,16.94,16.32,16.63,120.97,120.45,120.71,93,350.39,93.00,0.08,312.99,232.04,1324.23,1540.31
Chiroptera,Phyllostomidae,Chrotopterus,auritus,chrotopterus auritus,-999.00,78.26,82.56,103.00,-999.00,-999.00,101.86,96.10,3.00,-999.00,86.09,1.00,-999.00,-999.00,-999.00,0.99,1.00,-999.00,-999.00,-999.00,-999.00,3.25,-999.00,-999.00,-999,2.00,2,-999.00,-999.00,-999.00,108;536;889;890;892;1297;1658;1822;1948;1966;1967;2143;2144;2151;2622;2655;3023,-999.00,-999.00,-999.00,-999.00,9155053.99,21.62,-31.49,-4.93,-38.87,-96.54,-67.71,0,26.42,0.00,0.12,145.40,233.69,1299.96,1511.66
Afrosoricida,Chrysochloridae,Chrysochloris,asiatica,chrysochloris asiatica,2.00,37.16,-999.00,106.50,-999.00,-999.00,40.80,34.00,2.00,-999.00,-999.00,2.00,-999.00,-999.00,-999.00,3.49,-999.00,-999.00,-999.00,16.00,1000.00,1.00,-999.00,1.00,4,1.00,3,74.43,-999.00,-999.00,1339;1822;1848;2131;2629;2655;2786,-999.00,-999.00,0.41,-999.00,145686.02,-29.33,-34.83,-32.08,21.59,17.02,19.31,0,41.55,0.00,0.05,19.96,161.09,331.28,1093.45
Afrosoricida,Chrysochloridae,Chrysochloris,stuhlmanni,chrysochloris stuhlmanni,1.00,55.76,-999.00,129.14,-999.00,-999.00,-999.00,-999.00,1.00,-999.00,-999.00,1.00,-999.00,-999.00,-999.00,0.96,-999.00,-999.00,-999.00,-999.00,1000.00,1.00,-999.00,1.00,-999,1.00,3,70.72,-999.00,-999.00,852;948;1297;1339;1480;1848;2131;2655;2786,-999.00,-999.00,-999.00,-999.00,252891.64,6.90,-9.62,-1.35,35.94,10.63,23.28,1,63.80,2.00,0.16,112.83,219.20,1306.84,1554.08
Afrosoricida,Chrysochloridae,Chrysochloris,visagiei,chrysochloris visagiei,-999.00,-999.00,-999.00,106.00,-999.00,-999.00,-999.00,-999.00,1.00,-999.00,-999.00,-999.00,-999.00,-999.00,-999.00,-999.00,-999.00,-999.00,-999.00,-999.00,-999.00,-999.00,-999.00,1.00,-999,-999.00,3,-999.00,-999.00,-999.00,1848;2131;2629,36.72,-999.00,-999.00,-999.00,137.09,-31.38,-31.51,-31.44,20.72,20.59,20.66,0,0.00,0.00,-999.00,12.49,162.01,239.03,939.04
Carnivora,Canidae,Chrysocyon,brachyurus,chrysocyon brachyurus,2.00,23325.00,-999.00,1245.72,9.03,-999.00,-999.00,-999.00,6.00,-999.00,63.48,1.00,21.36,22.62,-999.00,2.00,-999.00,180.00,372.29,-999.00,-999.00,-999.00,420.91,-999.00,4,1.00,2,119.00,-999.00,-999.00,543;890;1113;1297;1573;2655,-999.00,-999.00,-999.00,-999.00,5038801.01,-3.02,-31.62,-17.32,-35.45,-69.51,-52.48,0,23.01,1.00,0.09,110.24,223.49,1096.54,1386.50
Afrosoricida,Chrysochloridae,Chrysospalax,trevelyani,chrysospalax trevelyani,2.00,434.04,-999.00,234.94,-999.00,-999.00,-999.00,-999.00,2.00,-999.00,115.00,2.00,6.02526e-04,6.15355e-04,-999.00,1.41,1.00,48.00,28.00,-999.00,1000.00,2.00,-999.00,1.00,-999,1.00,3,-999.00,-999.00,-999.00,470;846;948;1338;1339;1848;1855;1856;2131;2303;2629;2655,-999.00,-999.00,-999.00,-999.00,43844.11,-30.48,-33.56,-32.02,30.47,27.00,28.74,10,73.38,17.00,0.09,63.73,156.04,956.76,1171.87
Afrosoricida,Chrysochloridae,Chrysospalax,villosus,chrysospalax villosus,-999.00,108.35,-999.00,150.00,-999.00,-999.00,-999.00,-999.00,1.00,-999.00,-999.00,2.00,-999.00,-999.00,-999.00,1.93,-999.00,-999.00,-999.00,-999.00,-999.00,-999.00,-999.00,1.00,4,1.00,3,-999.00,-999.00,-999.00,948;1297;1339;1455;1848;2131;2629;2655;2786,-999.00,-999.00,-999.00,-999.00,170736.37,-24.52,-31.23,-27.87,32.17,28.50,30.33,7,66.58,8.00,0.11,69.15,165.81,952.11,1194.06
Chiroptera,Vespertilionidae,Cistugo,lesueuri,cistugo lesueuri,-999.00,-999.00,34.50,-999.00,-999.00,-999.00,-999.00,-999.00,-999.00,-999.00,-999.00,1.00,-999.00,-999.00,-999.00,-999.00,-999.00,-999.00,-999.00,-999.00,-999.00,-999.00,-999.00,-999.00,-999,2.00,-999,-999.00,-999.00,-999.00,1658;2151,6.38,-999.00,-999.00,-999.00,195426.42,-27.65,-34.17,-30.91,29.40,18.72,24.06,0,16.61,0.00,0.07,27.82,154.83,439.45,1077.67
Chiroptera,Vespertilionidae,Cistugo,seabrae,cistugo seabrae,-999.00,-999.00,32.49,-999.00,-999.00,-999.00,-999.00,-999.00,-999.00,-999.00,-999.00,1.00,-999.00,-999.00,-999.00,-999.00,-999.00,-999.00,-999.00,-999.00,-999.00,-999.00,-999.00,-999.00,-999,2.00,-999,-999.00,-999.00,-999.00,1658;2151,5.37,-999.00,-999.00,-999.00,556498.40,-14.87,-30.97,-22.92,19.20,11.71,15.45,0,1.59,0.00,0.06,12.74,163.77,283.86,1164.03
Carnivora,Viverridae,Civettictis,civetta,civettictis civetta,1.00,12075.58,-999.00,790.14,1.50,395.41,-999.00,-999.00,6.00,-999.00,68.40,1.00,-999.00,-999.00,212.14,2.31,-999.00,336.00,317.30,206.56,-999.00,-999.00,286.24,-999.00,4,1.00,2,82.91,617.65,-999.00,543;1113;1297;2655,-999.00,1.44,-999.00,-999.00,14207678.60,17.04,-29.10,-6.02,43.47,-16.94,13.26,0,36.77,1.00,0.14,101.30,237.14,998.88,1537.22
Rodentia,Heptaxodontidae,Clidomys,osborni,clidomys osborni,-999.00,-999.00,-999.00,-999.00,-999.00,-999.00,-999.00,-999.00,-999.00,-999.00,-999.00,-999.00,-999.00,-999.00,-999.00,-999.00,-999.00,-999.00,-999.00,-999.00,-999.00,-999.00,-999.00,-999.00,-999,-999.00,-999,-999.00,-999.00,-999.00,-999,-999.00,-999.00,-999.00,-999.00,-999.00,-999.00,-999.00,-999.00,-999.00,-999.00,-999.00,-999,-999.00,-999.00,-999.00,-999.00,-999.00,-999.00,-999.00
Chiroptera,Hipposideridae,Cloeotis,percivali,cloeotis percivali,-999.00,4.16,34.50,-999.00,-999.00,-999.00,-999.00,-999.00,-999.00,-999.00,91.24,1.00,-999.00,-999.00,-999.00,0.99,-999.00,-999.00,-999.00,-999.00,-999.00,-999.00,-999.00,-999.00,-999,2.00,-999,-999.00,-999.00,-999.00,1297;1658;2151;2622;2655;2900,-999.00,-999.00,-999.00,-999.00,1855266.13,-3.46,-27.85,-15.65,39.79,25.25,32.52,1,26.50,3.00,0.15,73.96,212.26,803.33,1440.52
Rodentia,Echimyidae,Clyomys,bishopi,clyomys bishopi,-999.00,30.00,-999.00,-999.00,-999.00,-999.00,-999.00,-999.00,-999.00,-999.00,-999.00,-999.00,-999.00,-999.00,-999.00,-999.00,-999.00,-999.00,-999.00,-999.00,-999.00,-999.00,-999.00,-999.00,-999,-999.00,-999,-999.00,-999.00,-999.00,2655,-999.00,-999.00,-999.00,-999.00,180436.54,-20.09,-24.43,-22.26,-42.69,-48.10,-45.39,7,291.23,21.00,0.06,134.55,190.20,1192.08,1326.06
Rodentia,Echimyidae,Clyomys,laticeps,clyomys laticeps,-999.00,201.00,-999.00,-999.00,-999.00,-999.00,-999.00,-999.00,-999.00,-999.00,-999.00,2.00,-999.00,-999.00,-999.00,-999.00,-999.00,-999.00,-999.00,-999.00,-999.00,-999.00,-999.00,-999.00,-999,1.00,-999,-999.00,-999.00,-999.00,890;2655,-999.00,-999.00,-999.00,-999.00,1089098.36,-10.27,-24.55,-17.41,-43.99,-58.02,-51.00,1,12.76,1.00,0.10,117.32,222.90,1174.43,1440.13
Rodentia,Muridae,Coccymys,albidens,coccymys albidens,-999.00,-999.00,-999.00,114.99,-999.00,-999.00,-999.00,-999.00,-999.00,-999.00,-999.00,2.00,-999.00,-999.00,-999.00,-999.00,-999.00,-999.00,-999.00,-999.00,-999.00,-999.00,-999.00,-999.00,6,2.00,-999,-999.00,-999.00,-999.00,977;2152,46.44,-999.00,-999.00,-999.00,314.83,-3.94,-4.12,-4.03,138.84,138.66,138.75,7,7.00,7.00,0.16,177.00,153.00,1680.00,1680.00
Rodentia,Muridae,Coccymys,ruemmleri,coccymys ruemmleri,-999.00,29.70,-999.00,101.06,-999.00,-999.00,-999.00,-999.00,2.00,-999.00,-999.00,2.00,-999.00,-999.00,-999.00,-999.00,-999.00,-999.00,-999.00,-999.00,-999.00,-999.00,-999.00,-999.00,6,2.00,1,-999.00,-999.00,-999.00,661;977;2152;2655,-999.00,-999.00,-999.00,-999.00,47734.24,-4.06,-7.59,-5.83,146.82,138.43,142.62,2,14.16,4.00,0.16,308.34,166.87,1669.57,1675.61
Chiroptera,Hipposideridae,Coelops,frithii,coelops frithii,-999.00,7.52,41.00,-999.00,-999.00,-999.00,-999.00,-999.00,1.00,-999.00,-999.00,1.00,-999.00,-999.00,-999.00,0.98,-999.00,-999.00,-999.00,-999.00,-999.00,-999.00,-999.00,-999.00,-999,2.00,3,-999.00,-999.00,-999.00,679;1297;1658;2151;2622;2655,-999.00,-999.00,-999.00,-999.00,4074334.86,31.29,-8.84,11.22,120.82,87.20,104.01,1,232.38,12.00,0.08,155.98,201.43,1147.81,1359.69
Chiroptera,Hipposideridae,Coelops,robinsoni,coelops robinsoni,-999.00,6.50,34.99,-999.00,-999.00,-999.00,-999.00,-999.00,1.00,-999.00,-999.00,1.00,-999.00,-999.00,-999.00,-999.00,-999.00,-999.00,-999.00,-999.00,-999.00,-999.00,-999.00,-999.00,-999,2.00,3,-999.00,-999.00,-999.00,679;1658;2151;2622;2655,-999.00,-999.00,-999.00,-999.00,136979.46,12.99,-2.99,4.99,125.23,99.59,112.41,2,23.61,3.00,0.20,253.05,227.43,1682.42,1693.05
Rodentia,Erethizontidae,Coendou,bicolor,coendou bicolor,1.00,4492.49,-999.00,-999.00,-999.00,-999.00,-999.00,-999.00,4.00,-999.00,-999.00,1.00,-999.00,-999.00,-999.00,1.00,-999.00,-999.00,-999.00,-999.00,5.58,-999.00,666.44,2.00,-999,2.00,1,69.60,-999.00,-999.00,730;905;2151;2655,-999.00,-999.00,-999.00,-999.00,1180226.58,10.49,-17.19,-3.35,-64.29,-81.01,-72.65,0,15.65,0.00,0.13,179.88,235.53,1356.61,1488.17
Rodentia,Erethizontidae,Coendou,nycthemera,coendou nycthemera,-999.00,2999.98,-999.00,350.15,-999.00,-999.00,-999.00,-999.00,-999.00,-999.00,-999.00,-999.00,-999.00,-999.00,-999.00,-999.00,-999.00,-999.00,-999.00,-999.00,-999.00,-999.00,-999.00,-999.00,-999,-999.00,-999,-999.00,-999.00,-999.00,1240;2655,-999.00,-999.00,-999.00,-999.00,409217.12,-0.10,-5.37,-2.73,-47.64,-60.73,-54.18,0,7.62,0.00,0.13,168.73,255.57,1436.44,1626.42
Rodentia,Erethizontidae,Coendou,prehensilis,coendou prehensilis,1.00,4116.20,-999.00,467.60,0.00,-999.00,918.40,3280.00,5.00,-999.00,200.74,1.00,0.14,0.13,354.82,0.98,-999.00,207.60,410.80,-999.00,35.69,-999.00,631.20,1.00,-999,2.00,1,69.54,-999.00,-999.00,543;730;905;1297;1573;1627;1822;2151;2431;2457;2655,-999.00,1.11,-999.00,-999.00,10034056.62,11.46,-28.32,-8.43,-34.79,-72.76,-53.78,0,22.72,0.00,0.11,144.37,241.56,1284.51,1545.44
Rodentia,Erethizontidae,Coendou,rothschildi,coendou rothschildi,1.00,2000.00,-999.00,-999.00,-999.00,-999.00,-999.00,-999.00,2.00,-999.00,-999.00,1.00,-999.00,-999.00,-999.00,-999.00,-999.00,-999.00,-999.00,-999.00,-999.00,-999.00,-999.00,-999.00,-999,2.00,1,-999.00,-999.00,-999.00,905;2655,-999.00,-999.00,-999.00,-999.00,58668.52,9.63,7.19,8.41,-77.17,-82.74,-79.96,2,30.35,3.00,0.09,197.46,258.61,1548.21,1712.73
Chiroptera,Emballonuridae,Coleura,afra,coleura afra,1.00,10.68,48.00,-999.00,-999.00,365.00,-999.00,-999.00,1.00,-999.00,-999.00,1.00,-999.00,-999.00,-999.00,1.00,1.50,-999.00,-999.00,-999.00,-999.00,15850.00,-999.00,-999.00,-999,2.00,3,-999.00,-999.00,-999.00,196;889;1297;1384;1658;1676;2151;2622;2655;2719;3023,-999.00,-999.00,-999.00,-999.00,5013413.14,21.09,-17.54,1.77,51.41,-13.83,18.78,0,40.72,1.00,0.10,77.86,239.85,881.64,1614.00
Chiroptera,Emballonuridae,Coleura,seychellensis,coleura seychellensis,1.00,10.64,54.34,59.99,-999.00,-999.00,-999.00,-999.00,1.00,-999.00,-999.00,1.00,-999.00,-999.00,-999.00,-999.00,-999.00,-999.00,-999.00,-999.00,-999.00,-999.00,-999.00,-999.00,-999,2.00,3,-999.00,-999.00,-999.00,889;899;1658;2136;2143;2151;2655,-999.00,-999.00,-999.00,-999.00,151.19,-4.56,-4.80,-4.68,55.53,55.36,55.45,417,417.00,417.00,0.04,-999.00,-999.00,-999.00,-999.00
Primates,Cercopithecidae,Colobus,angolensis,colobus angolensis,3.00,8990.31,-999.00,564.99,-999.00,-999.00,-999.00,-999.00,1.00,-999.00,-999.00,-999.00,-999.00,-999.00,-999.00,1.01,-999.00,-999.00,-999.00,-999.00,-999.00,9.00,-999.00,10.90,-999,-999.00,1,-999.00,-999.00,-999.00,208;1297;1347;1544;1547;1848;2344;2655;2660;2986,-999.00,-999.00,-999.00,-999.00,3019802.04,4.38,-12.71,-4.16,40.13,13.25,26.69,0,30.82,2.00,0.17,122.91,233.28,1225.27,1538.48
Primates,Cercopithecidae,Colobus,guereza,colobus guereza,3.00,9925.88,-999.00,625.00,-999.00,1916.25,3055.00,10625.00,2.00,-999.00,169.02,1.00,0.17,-999.00,486.66,1.00,-999.00,294.00,444.92,-999.00,99.20,7.00,1929.19,7.60,-999,2.00,1,387.79,1532.74,-999.00,208;543;730;741;904;930;1297;1347;1544;1547;1763;1767;1822;1848;2344;2489;2493;2655;2660;2748;2986;3086,-999.00,0.95,-999.00,-999.00,3994317.48,14.41,-4.09,5.15,44.32,8.20,26.26,0,40.20,1.00,0.10,108.92,231.64,1126.47,1560.54
Primates,Cercopithecidae,Colobus,polykomos,colobus polykomos,3.00,8797.29,-999.00,625.00,-999.00,3102.50,-999.00,-999.00,2.00,-999.00,172.69,-999.00,0.14,-999.00,442.41,1.00,-999.00,366.00,489.89,-999.00,23.50,11.00,1629.84,10.20,-999,-999.00,1,213.78,1240.00,-999.00,208;543;730;741;1297;1347;1544;1547;1577;1767;1848;2344;2489;2493;2655;2660;2986,-999.00,0.99,-999.00,-999.00,526083.90,13.78,4.35,9.06,-4.79,-16.82,-10.80,3,45.73,8.00,0.08,180.76,257.22,1090.51,1514.61
Primates,Cercopithecidae,Colobus,satanas,colobus satanas,3.00,9055.32,-999.00,629.68,-999.00,-999.00,-999.00,-999.00,3.00,-999.00,192.76,1.00,0.44,-999.00,-999.00,0.99,-999.00,-999.00,-999.00,-999.00,26.57,9.50,-999.00,15.50,-999,2.00,1,-999.00,-999.00,-999.00,208;730;741;899;1297;1544;1547;1848;2344;2655;2660;2748;2878;2986,-999.00,-999.00,-999.00,-999.00,353215.29,5.15,-1.20,1.97,15.23,8.42,11.82,0,19.00,1.00,0.06,165.46,241.26,1329.54,1500.26
Primates,Cercopithecidae,Colobus,vellerosus,colobus vellerosus,3.00,7700.18,-999.00,635.00,-999.00,-999.00,-999.00,-999.00,-999.00,-999.00,-999.00,-999.00,0.29,-999.00,-999.00,1.02,-999.00,-999.00,-999.00,-999.00,-999.00,-999.00,-999.00,16.00,-999,-999.00,-999,-999.00,-999.00,-999.00,741;1544;1547;1848;2344;2660,-999.00,-999.00,-999.00,-999.00,502614.85,10.15,4.73,7.44,4.07,-5.84,-0.88,3,99.44,7.00,0.13,106.72,268.35,1173.09,1620.46
Rodentia,Muridae,Colomys,goslingi,colomys goslingi,-999.00,62.50,-999.00,124.62,-999.00,-999.00,-999.00,-999.00,-999.00,-999.00,-999.00,-999.00,-999.00,-999.00,-999.00,1.97,-999.00,36.00,-999.00,-999.00,-999.00,-999.00,-999.00,-999.00,-999,-999.00,-999,-999.00,-999.00,-999.00,543;1097;1297;2655,-999.00,-999.00,-999.00,-999.00,4628855.56,9.07,-13.37,-2.14,36.75,-13.32,11.71,0,29.71,1.00,0.13,138.46,237.67,1269.13,1539.71
Soricomorpha,Talpidae,Condylura,cristata,condylura cristata,2.00,48.15,-999.00,115.65,-999.00,-999.00,-999.00,-999.00,2.00,-999.00,40.00,3.00,3.656234e-03,3.673369e-03,-999.00,5.39,1.00,36.00,1.50,-999.00,4999.99,1.50,304.16,-999.00,8,1.00,3,20.84,-999.00,-999.00,176;595;749;1297;1338;2131;2266;2513;2655;2786,-999.00,-999.00,-999.00,-999.00,3692908.52,56.05,30.15,43.10,-55.61,-100.03,-77.82,0,40.68,0.00,0.03,68.07,36.91,534.43,575.53
Carnivora,Mephitidae,Conepatus,chinga,conepatus chinga,-999.00,-999.00,-999.00,-999.00,-999.00,-999.00,-999.00,-999.00,-999.00,-999.00,-999.00,-999.00,-999.00,-999.00,-999.00,-999.00,-999.00,-999.00,-999.00,-999.00,-999.00,-999.00,-999.00,-999.00,-999,-999.00,-999,-999.00,-999.00,-999.00,-999,-999.00,-999.00,-999.00,-999.00,3247304.52,-8.25,-40.94,-24.60,-53.52,-78.74,-66.13,0,25.60,0.00,0.07,65.02,133.91,724.98,1146.36
Carnivora,Mephitidae,Conepatus,humboldtii,conepatus humboldtii,1.00,1097.61,-999.00,353.19,-999.00,-999.00,-999.00,-999.00,1.00,-999.00,-999.00,2.00,0.10,0.11,-999.00,3.49,-999.00,-999.00,-999.00,-999.00,-999.00,-999.00,-999.00,1.00,6,1.00,3,-999.00,-999.00,-999.00,890;1113;1573;2655;2986,-999.00,-999.00,-999.00,-999.00,709172.73,-38.29,-53.66,-45.97,-63.57,-73.98,-68.78,0,3.02,0.00,0.14,30.56,80.76,324.55,585.90
Carnivora,Mephitidae,Conepatus,leuconotus,conepatus leuconotus,1.00,3293.91,-999.00,421.41,25.00,-999.00,-999.00,-999.00,1.00,-999.00,60.83,1.00,-999.00,-999.00,182.50,3.60,2.00,84.00,-999.00,-999.00,-999.00,-999.00,340.60,-999.00,6,1.00,3,45.56,-999.00,-999.00,543;1113;1297;2655,-999.00,-999.00,-999.00,-999.00,2509559.21,39.48,12.53,26.00,-85.11,-114.65,-99.88,0,43.68,0.00,0.10,56.58,180.72,693.09,1289.29
Carnivora,Mephitidae,Conepatus,semistriatus,conepatus semistriatus,1.00,1997.34,-999.00,-999.00,-999.00,-999.00,-999.00,-999.00,6.00,-999.00,-999.00,2.00,0.27,0.25,-999.00,3.49,-999.00,-999.00,-999.00,-999.00,9.52,-999.00,-999.00,-999.00,6,1.00,2,-999.00,-999.00,-999.00,730;890;1113;1573;2151;2655,-999.00,-999.00,-999.00,-999.00,2032658.27,21.60,-13.02,4.29,-34.79,-97.28,-66.03,0,65.25,3.00,0.12,130.15,243.25,1187.42,1581.66
Soricomorpha,Soricidae,Congosorex,polli,congosorex polli,-999.00,-999.00,-999.00,-999.00,-999.00,-999.00,-999.00,-999.00,-999.00,-999.00,-999.00,-999.00,-999.00,-999.00,-999.00,-999.00,-999.00,-999.00,-999.00,-999.00,-999.00,-999.00,-999.00,-999.00,-999,-999.00,-999,-999.00,-999.00,-999.00,-999,-999.00,-999.00,-999.00,-999.00,1849.85,-6.34,-6.78,-6.56,22.86,22.43,22.64,24,28.25,24.00,0.07,138.49,238.50,1256.74,1539.25
Soricomorpha,Soricidae,Congosorex,verheyeni,congosorex verheyeni,-999.00,-999.00,-999.00,-999.00,-999.00,-999.00,-999.00,-999.00,-999.00,-999.00,-999.00,-999.00,-999.00,-999.00,-999.00,-999.00,-999.00,-999.00,-999.00,-999.00,-999.00,-999.00,-999.00,-999.00,-999,-999.00,-999,-999.00,-999.00,-999.00,-999,-999.00,-999.00,-999.00,-999.00,-999.00,-999.00,-999.00,-999.00,-999.00,-999.00,-999.00,-999,-999.00,-999.00,-999.00,-999.00,-999.00,-999.00,-999.00
Rodentia,Muridae,Conilurus,albipes,conilurus albipes,-999.00,200.00,-999.00,250.00,-999.00,-999.00,-999.00,-999.00,-999.00,-999.00,-999.00,-999.00,-999.00,-999.00,-999.00,-999.00,-999.00,-999.00,-999.00,-999.00,-999.00,-999.00,-999.00,-999.00,4,-999.00,-999,-999.00,-999.00,-999.00,2655;2803,-999.00,-999.00,-999.00,-999.00,-999.00,-999.00,-999.00,-999.00,-999.00,-999.00,-999.00,-999,-999.00,-999.00,-999.00,-999.00,-999.00,-999.00,-999.00
Rodentia,Muridae,Conilurus,penicillatus,conilurus penicillatus,1.00,175.02,-999.00,189.17,-999.00,-999.00,162.67,213.20,5.00,-999.00,35.99,2.00,-999.00,-999.00,-999.00,2.00,-999.00,-999.00,-999.00,-999.00,-999.00,-999.00,-999.00,-999.00,4,2.00,2,24.40,-999.00,158.19,456;977;1297;1822;2152;2655;2803;2813,-999.00,-999.00,-999.00,104.11,278072.30,-8.62,-17.13,-12.88,141.75,124.29,133.02,0,1.29,0.00,2.36616783832649e-03,89.82,271.04,885.75,1792.58
Artiodactyla,Bovidae,Connochaetes,gnou,connochaetes gnou,2.00,156547.53,-999.00,1821.79,-999.00,912.50,-999.00,-999.00,2.00,-999.00,256.76,1.00,0.95,-999.00,-999.00,1.00,-999.00,240.00,10941.45,-999.00,34.62,-999.00,965.63,26.75,2,1.00,1,111.57,-999.00,-999.00,543;869;917;1297;1525;1848;2629;2655;2693;2956,-999.00,-999.00,-999.00,-999.00,132200.71,-26.92,-30.73,-28.83,29.61,24.14,26.87,2,21.86,2.00,0.11,47.98,154.29,637.43,1148.16
Rodentia,Muridae,Dasymys,montanus,dasymys montanus,-999.00,-999.00,-999.00,-999.00,-999.00,-999.00,-999.00,-999.00,-999.00,-999.00,-999.00,-999.00,-999.00,-999.00,-999.00,-999.00,-999.00,-999.00,-999.00,-999.00,-999.00,-999.00,-999.00,-999.00,-999,-999.00,-999,-999.00,-999.00,-999.00,-999,-999.00,-999.00,-999.00,-999.00,22409.71,1.05,-0.36,0.34,30.95,29.36,30.16,51,89.33,51.00,0.19,111.93,210.53,1392.99,1589.26
Rodentia,Muridae,Dasymys,nudipes,dasymys nudipes,-999.00,-999.00,-999.00,-999.00,-999.00,-999.00,-999.00,-999.00,-999.00,-999.00,-999.00,-999.00,-999.00,-999.00,-999.00,-999.00,-999.00,-999.00,-999.00,-999.00,-999.00,-999.00,-999.00,-999.00,-999,-999.00,-999,-999.00,-999.00,-999.00,-999,-999.00,-999.00,-999.00,-999.00,690084.90,-10.20,-19.11,-14.65,26.49,12.81,19.65,1,7.56,1.00,0.11,71.73,209.55,774.49,1428.57
Rodentia,Muridae,Dasymys,rufulus,dasymys rufulus,-999.00,-999.00,-999.00,-999.00,-999.00,-999.00,-999.00,-999.00,-999.00,-999.00,-999.00,-999.00,-999.00,-999.00,-999.00,-999.00,-999.00,-999.00,-999.00,-999.00,-999.00,-999.00,-999.00,-999.00,-999,-999.00,-999,-999.00,-999.00,-999.00,-999,-999.00,-999.00,-999.00,-999.00,861651.19,10.56,4.82,7.69,9.88,-13.48,-1.80,3,67.11,8.00,0.10,138.11,261.69,1150.13,1569.05
Rodentia,Muridae,Dasymys,rwandae,dasymys rwandae,-999.00,-999.00,-999.00,-999.00,-999.00,-999.00,-999.00,-999.00,-999.00,-999.00,-999.00,-999.00,-999.00,-999.00,-999.00,-999.00,-999.00,-999.00,-999.00,-999.00,-999.00,-999.00,-999.00,-999.00,-999,-999.00,-999,-999.00,-999.00,-999.00,-999,-999.00,-999.00,-999.00,-999.00,-999.00,-999.00,-999.00,-999.00,-999.00,-999.00,-999.00,-999,-999.00,-999.00,-999.00,-999.00,-999.00,-999.00,-999.00
Rodentia,Muridae,Dasymys,sua,dasymys sua,-999.00,-999.00,-999.00,-999.00,-999.00,-999.00,-999.00,-999.00,-999.00,-999.00,-999.00,-999.00,-999.00,-999.00,-999.00,-999.00,-999.00,-999.00,-999.00,-999.00,-999.00,-999.00,-999.00,-999.00,-999,-999.00,-999,-999.00,-999.00,-999.00,-999,-999.00,-999.00,-999.00,-999.00,-999.00,-999.00,-999.00,-999.00,-999.00,-999.00,-999.00,-999,-999.00,-999.00,-999.00,-999.00,-999.00,-999.00,-999.00
Rodentia,Dasyproctidae,Dasyprocta,azarae,dasyprocta azarae,3.00,2976.81,-999.00,-999.00,0.00,-999.00,1886.01,3849.00,3.00,-999.00,-999.00,1.00,-999.00,-999.00,-999.00,-999.00,-999.00,-999.00,-999.00,-999.00,-999.00,-999.00,-999.00,-999.00,-999,1.00,1,140.00,-999.00,-999.00,905;1822;2151;2655,-999.00,-999.00,-999.00,-999.00,1670356.30,-12.27,-33.66,-22.96,-46.61,-60.26,-53.44,0,29.51,1.00,0.11,127.73,214.57,1202.02,1331.01
Rodentia,Dasyproctidae,Dasyprocta,coibae,dasyprocta coibae,3.00,-999.00,-999.00,-999.00,0.00,-999.00,-999.00,-999.00,3.00,-999.00,-999.00,1.00,-999.00,-999.00,-999.00,-999.00,-999.00,-999.00,-999.00,-999.00,-999.00,-999.00,-999.00,-999.00,-999,1.00,1,140.00,-999.00,-999.00,2151,-999.00,-999.00,-999.00,-999.00,503.74,7.64,7.31,7.47,-81.58,-81.89,-81.74,7,10.99,7.00,0.16,-999.00,-999.00,-999.00,-999.00
Rodentia,Dasyproctidae,Dasyprocta,cristata,dasyprocta cristata,3.00,2650.03,-999.00,-999.00,0.00,-999.00,-999.00,-999.00,3.00,-999.00,-999.00,1.00,-999.00,-999.00,-999.00,2.00,-999.00,-999.00,-999.00,-999.00,-999.00,-999.00,-999.00,-999.00,-999,1.00,1,140.00,-999.00,-999.00,1297;2151;2655,-999.00,-999.00,-999.00,-999.00,-999.00,-999.00,-999.00,-999.00,-999.00,-999.00,-999.00,-999,-999.00,-999.00,-999.00,-999.00,-999.00,-999.00,-999.00
Rodentia,Dasyproctidae,Dasyprocta,fuliginosa,dasyprocta fuliginosa,3.00,3500.02,-999.00,-999.00,0.00,-999.00,-999.00,-999.00,3.00,-999.00,-999.00,1.00,-999.00,-999.00,-999.00,-999.00,-999.00,-999.00,-999.00,-999.00,-999.00,-999.00,-999.00,2.00,-999,1.00,1,140.00,-999.00,-999.00,905;2151;2655,-999.00,-999.00,-999.00,-999.00,2578681.32,7.90,-11.02,-1.56,-60.98,-77.94,-69.46,0,2.32,0.00,0.11,204.47,255.25,1492.20,1558.98
Rodentia,Dasyproctidae,Dasyprocta,guamara,dasyprocta guamara,3.00,2650.03,-999.00,-999.00,0.00,-999.00,-999.00,-999.00,3.00,-999.00,-999.00,1.00,-999.00,-999.00,-999.00,-999.00,-999.00,-999.00,-999.00,-999.00,-999.00,-999.00,-999.00,-999.00,-999,1.00,1,140.00,-999.00,-999.00,2151;2655,-999.00,-999.00,-999.00,-999.00,31799.28,10.62,8.02,9.32,-59.82,-63.11,-61.47,1,13.15,1.00,0.17,125.99,249.05,1517.02,1783.42
Rodentia,Dasyproctidae,Dasyprocta,kalinowskii,dasyprocta kalinowskii,3.00,2650.03,-999.00,-999.00,0.00,-999.00,-999.00,-999.00,3.00,-999.00,-999.00,1.00,-999.00,-999.00,-999.00,-999.00,-999.00,-999.00,-999.00,-999.00,-999.00,-999.00,-999.00,-999.00,-999,1.00,1,140.00,-999.00,-999.00,2151;2655,-999.00,-999.00,-999.00,-999.00,61009.20,-11.70,-14.65,-13.18,-68.86,-72.34,-70.60,0,5.37,1.00,0.07,287.95,155.49,1393.23,1460.46
Rodentia,Dasyproctidae,Dasyprocta,leporina,dasyprocta leporina,3.00,3009.99,-999.00,572.29,0.00,-999.00,1558.46,2687.00,3.00,-999.00,106.39,1.00,-999.00,-999.00,-999.00,1.40,-999.00,213.60,-999.00,-999.00,49.69,-999.00,-999.00,-999.00,-999,1.00,1,140.00,-999.00,-999.00,543;730;845;1297;1822;2151;2431;2655;2989,-999.00,-999.00,-999.00,-999.00,5296263.55,11.41,-24.03,-6.31,-40.09,-71.89,-55.99,0,24.15,0.00,0.13,149.15,242.39,1320.98,1565.39
Rodentia,Dasyproctidae,Dasyprocta,mexicana,dasyprocta mexicana,3.00,4999.99,-999.00,-999.00,0.00,-999.00,-999.00,-999.00,3.00,-999.00,-999.00,1.00,-999.00,-999.00,-999.00,-999.00,-999.00,-999.00,-999.00,-999.00,-999.00,-999.00,-999.00,-999.00,-999,1.00,1,140.00,-999.00,-999.00,905;2151;2655,-999.00,-999.00,-999.00,-999.00,70505.63,19.41,16.73,18.07,-92.56,-97.39,-94.97,6,78.32,12.00,0.07,139.62,244.82,1246.28,1570.05
Rodentia,Dasyproctidae,Dasyprocta,prymnolopha,dasyprocta prymnolopha,3.00,2900.00,-999.00,-999.00,0.00,-999.00,-999.00,-999.00,3.00,-999.00,-999.00,1.00,-999.00,-999.00,-999.00,1.50,-999.00,-999.00,-999.00,-999.00,-999.00,-999.00,-999.00,-999.00,-999,1.00,1,140.00,-999.00,-999.00,1297;2151;2655,-999.00,-999.00,-999.00,-999.00,1930529.83,-0.77,-18.49,-9.63,-34.79,-49.64,-42.21,1,38.20,2.00,0.08,111.87,240.77,1044.08,1516.85
Rodentia,Dasyproctidae,Dasyprocta,punctata,dasyprocta punctata,3.00,2309.12,-999.00,-999.00,0.00,-999.00,-999.00,-999.00,3.00,-999.00,107.65,2.00,-999.00,-999.00,127.00,1.25,-999.00,120.00,-999.00,-999.00,17.44,-999.00,-999.00,1.00,-999,1.00,1,140.00,-999.00,-999.00,543;730;905;1297;2151;2655,-999.00,1.87,-999.00,-999.00,2516292.24,21.60,-24.76,-1.57,-56.93,-93.77,-75.35,0,33.48,0.00,0.15,142.57,231.70,1275.93,1538.57
Rodentia,Dasyproctidae,Dasyprocta,ruatanica,dasyprocta ruatanica,3.00,-999.00,-999.00,-999.00,0.00,-999.00,-999.00,-999.00,3.00,-999.00,-999.00,1.00,-999.00,-999.00,-999.00,-999.00,-999.00,-999.00,-999.00,-999.00,-999.00,-999.00,-999.00,-999.00,-999,1.00,1,140.00,-999.00,-999.00,2151,-999.00,-999.00,-999.00,-999.00,157.49,16.44,16.27,16.35,-86.21,-86.63,-86.42,105,105.50,105.00,0.16,-999.00,-999.00,-999.00,-999.00
Cingulata,Dasypodidae,Dasypus,hybridus,dasypus hybridus,-999.00,1500.00,-999.00,-999.00,-999.00,-999.00,-999.00,-999.00,3.00,-999.00,126.40,2.00,-999.00,-999.00,-999.00,8.36,-999.00,-999.00,-999.00,-999.00,-999.00,-999.00,-999.00,-999.00,-999,1.00,2,-999.00,-999.00,-999.00,890;1297;2151;2655,-999.00,-999.00,-999.00,-999.00,3810966.60,-12.93,-37.87,-25.40,-48.46,-69.70,-59.08,0,20.20,0.00,0.09,89.44,189.80,967.86,1215.55
Cingulata,Dasypodidae,Dasypus,kappleri,dasypus kappleri,2.00,9702.83,-999.00,555.34,-999.00,-999.00,-999.00,-999.00,4.00,-999.00,-999.00,2.00,-999.00,-999.00,-999.00,4.47,-999.00,-999.00,-999.00,-999.00,-999.00,-999.00,-999.00,1.00,-999,1.00,2,-999.00,-999.00,-999.00,199;890;905;1297;2431;2655;2787,-999.00,-999.00,-999.00,-999.00,4937797.17,8.86,-15.03,-3.08,-45.69,-78.72,-62.21,0,3.59,0.00,0.13,184.45,251.75,1464.37,1597.12
Cingulata,Dasypodidae,Dasypus,novemcinctus,dasypus novemcinctus,2.00,3949.01,-999.00,442.79,0.00,-999.00,866.97,3510.00,5.00,-999.00,134.00,2.00,0.04,0.03,-999.00,3.96,-999.00,180.00,96.48,-999.00,20.37,-999.00,511.16,1.00,4,1.00,2,136.87,-999.00,-999.00,454;543;730;889;890;905;966;1171;1172;1297;1757;1822;1914;1928;1946;2151;2431;2649;2655,-999.00,-999.00,-999.00,-999.00,17080218.63,40.84,-31.88,4.48,-34.79,-108.70,-71.74,0,30.67,0.00,0.10,132.38,225.09,1181.55,1448.33
Cingulata,Dasypodidae,Dasypus,pilosus,dasypus pilosus,-999.00,4444.98,-999.00,-999.00,-999.00,-999.00,-999.00,-999.00,3.00,-999.00,-999.00,2.00,-999.00,-999.00,-999.00,-999.00,-999.00,-999.00,-999.00,-999.00,-999.00,-999.00,-999.00,-999.00,-999,1.00,2,-999.00,-999.00,-999.00,890;2655,-999.00,-999.00,-999.00,-999.00,71200.05,-7.37,-11.95,-9.66,-74.29,-78.96,-76.63,2,24.49,4.00,0.10,118.89,155.60,1081.42,1452.67
Cingulata,Dasypodidae,Dasypus,sabanicola,dasypus sabanicola,-999.00,1150.01,-999.00,-999.00,-999.00,-999.00,-999.00,-999.00,1.00,-999.00,91.24,2.00,-999.00,-999.00,-999.00,4.00,-999.00,-999.00,-999.00,-999.00,280.00,-999.00,-999.00,-999.00,-999,1.00,3,-999.00,-999.00,-999.00,199;889;1297;2151;2655,-999.00,-999.00,-999.00,-999.00,688618.81,9.57,2.50,6.04,-61.59,-73.76,-67.67,0,7.97,0.00,0.09,157.31,244.54,1400.50,1636.55
Chiroptera,Molossidae,Eumops,patagonicus,eumops patagonicus,-999.00,-999.00,-999.00,-999.00,-999.00,-999.00,-999.00,-999.00,-999.00,-999.00,-999.00,-999.00,-999.00,-999.00,-999.00,-999.00,-999.00,-999.00,-999.00,-999.00,-999.00,-999.00,-999.00,-999.00,-999,-999.00,-999,-999.00,-999.00,-999.00,-999,-999.00,-999.00,-999.00,-999.00,1653941.70,-17.88,-35.84,-26.86,-52.79,-65.17,-58.98,0,22.68,0.00,0.07,81.09,192.21,931.96,1165.08
Chiroptera,Molossidae,Eumops,perotis,eumops perotis,-999.00,50.97,75.49,-999.00,0.00,-999.00,39.76,56.00,1.00,-999.00,-999.00,1.00,-999.00,-999.00,-999.00,0.99,1.00,-999.00,7.53,52.56,-999.00,-999.00,-999.00,-999.00,-999,2.00,3,-999.00,-999.00,-999.00,196;654;877;1297;1658;1685;1948;2143;2151;2161;2655;2719,-999.00,-999.00,-999.00,-999.00,16118784.11,37.70,-29.71,3.99,-34.79,-122.41,-78.60,0,26.80,0.00,0.11,128.55,218.18,1143.32,1461.18
Chiroptera,Molossidae,Eumops,trumbulli,eumops trumbulli,-999.00,-999.00,-999.00,-999.00,-999.00,-999.00,-999.00,-999.00,-999.00,-999.00,-999.00,-999.00,-999.00,-999.00,-999.00,-999.00,-999.00,-999.00,-999.00,-999.00,-999.00,-999.00,-999.00,-999.00,-999,-999.00,-999,-999.00,-999.00,-999.00,-999,-999.00,-999.00,-999.00,-999.00,7676222.32,11.11,-17.92,-3.40,-48.90,-81.32,-65.11,0,14.33,0.00,0.13,169.16,235.24,1367.82,1558.49
Chiroptera,Molossidae,Eumops,underwoodi,eumops underwoodi,-999.00,58.67,71.24,-999.00,-999.00,-999.00,-999.00,-999.00,1.00,-999.00,-999.00,1.00,-999.00,-999.00,-999.00,1.00,1.00,-999.00,-999.00,-999.00,-999.00,-999.00,-999.00,-999.00,-999,2.00,3,-999.00,-999.00,-999.00,1297;1316;1613;1658;2143;2151;2622;2655,-999.00,-999.00,-999.00,-999.00,789177.81,32.58,12.68,22.63,-86.90,-112.74,-99.82,1,72.40,3.00,0.09,85.55,202.40,913.43,1490.80
Rodentia,Cricetidae,Euneomys,chinchilloides,euneomys chinchilloides,-999.00,75.57,-999.00,-999.00,-999.00,-999.00,84.36,65.40,-999.00,-999.00,-999.00,1.00,-999.00,-999.00,-999.00,-999.00,-999.00,-999.00,-999.00,-999.00,-999.00,-999.00,-999.00,-999.00,-999,1.00,-999,-999.00,-999.00,-999.00,424;890;1822;2655,-999.00,-999.00,-999.00,-999.00,74442.36,-51.88,-55.04,-53.46,-65.13,-73.32,-69.23,0,2.29,0.00,0.33,47.29,44.35,354.86,412.81
Rodentia,Cricetidae,Euneomys,fossor,euneomys fossor,-999.00,83.00,-999.00,-999.00,-999.00,-999.00,-999.00,-999.00,-999.00,-999.00,-999.00,-999.00,-999.00,-999.00,-999.00,-999.00,-999.00,-999.00,-999.00,-999.00,-999.00,-999.00,-999.00,-999.00,-999,-999.00,-999,-999.00,-999.00,-999.00,2655,-999.00,-999.00,-999.00,-999.00,-999.00,-999.00,-999.00,-999.00,-999.00,-999.00,-999.00,-999,-999.00,-999.00,-999.00,-999.00,-999.00,-999.00,-999.00
Rodentia,Cricetidae,Euneomys,mordax,euneomys mordax,-999.00,81.99,-999.00,-999.00,-999.00,-999.00,-999.00,-999.00,-999.00,-999.00,-999.00,2.00,-999.00,-999.00,-999.00,-999.00,-999.00,-999.00,-999.00,-999.00,-999.00,-999.00,-999.00,-999.00,-999,1.00,-999,-999.00,-999.00,-999.00,890;2655,-999.00,-999.00,-999.00,-999.00,40516.08,-33.20,-38.90,-36.05,-69.66,-71.34,-70.50,1,30.33,1.00,0.10,34.21,8.24,449.77,998.30
Rodentia,Cricetidae,Euneomys,petersoni,euneomys petersoni,-999.00,83.00,-999.00,-999.00,-999.00,-999.00,-999.00,-999.00,-999.00,-999.00,-999.00,-999.00,-999.00,-999.00,-999.00,-999.00,-999.00,-999.00,-999.00,-999.00,-999.00,-999.00,-999.00,-999.00,-999,-999.00,-999,-999.00,-999.00,-999.00,2655,-999.00,-999.00,-999.00,-999.00,56740.83,-40.50,-51.45,-45.98,-71.33,-73.59,-72.46,0,1.92,0.00,0.05,93.03,32.92,515.18,591.46
Primates,Galagidae,Euoticus,elegantulus,euoticus elegantulus,1.00,295.48,-999.00,300.00,-999.00,-999.00,215.66,261.75,4.00,-999.00,133.45,-999.00,-999.00,-999.00,-999.00,0.99,-999.00,180.00,-999.00,-999.00,16.47,-999.00,-999.00,1.00,-999,-999.00,2,-999.00,-999.00,-999.00,208;223;543;730;732;1297;1544;1547;1822;1848;2344;2655;2660;2986,-999.00,-999.00,-999.00,-999.00,901808.78,5.51,-6.05,-0.26,18.39,8.69,13.54,0,18.20,1.00,0.08,149.71,244.37,1298.21,1499.54
Primates,Galagidae,Euoticus,pallidus,euoticus pallidus,-999.00,277.37,-999.00,-999.00,-999.00,-999.00,-999.00,-999.00,-999.00,-999.00,-999.00,-999.00,-999.00,-999.00,-999.00,-999.00,-999.00,-999.00,-999.00,-999.00,-999.00,-999.00,-999.00,-999.00,-999,-999.00,-999,-999.00,-999.00,-999.00,1547;2655,-999.00,-999.00,-999.00,-999.00,117645.33,6.57,3.20,4.89,14.36,7.93,11.14,6,73.22,6.00,0.11,192.29,242.50,1225.07,1514.77
Rodentia,Sciuridae,Eupetaurus,cinereus,eupetaurus cinereus,-999.00,-999.00,-999.00,459.99,-999.00,-999.00,-999.00,-999.00,2.00,-999.00,-999.00,2.00,-999.00,-999.00,-999.00,-999.00,-999.00,-999.00,-999.00,-999.00,-999.00,-999.00,-999.00,-999.00,-999,2.00,1,-999.00,-999.00,-999.00,511;1015,2542.20,-999.00,-999.00,-999.00,292850.27,36.48,26.90,31.69,88.57,72.86,80.71,0,68.92,1.00,0.07,78.86,4.02,742.79,1075.21
Cingulata,Dasypodidae,Euphractus,sexcinctus,euphractus sexcinctus,2.00,4731.16,-999.00,446.66,23.50,-999.00,1236.69,8190.00,6.00,-999.00,64.66,2.00,0.65,0.93,-999.00,1.73,-999.00,225.96,104.98,-999.00,1.77,-999.00,283.18,1.00,2,1.00,2,28.00,-999.00,-999.00,354;543;730;889;890;905;1008;1297;1822;1946;2151;2403;2649;2655,-999.00,-999.00,-999.00,-999.00,6270416.00,3.05,-35.53,-16.24,-34.79,-66.07,-50.43,0,36.46,1.00,0.09,109.70,217.48,1083.97,1362.67
Carnivora,Eupleridae,Eupleres,goudotii,eupleres goudotii,2.00,2763.34,-999.00,549.99,1.00,-999.00,-999.00,-999.00,6.00,-999.00,93.86,1.00,-999.00,-999.00,-999.00,1.00,-999.00,-999.00,150.00,-999.00,-999.00,2.00,-999.00,-999.00,-999,1.00,2,62.99,-999.00,-999.00,817;1048;1113;1290;1297;1740;2151;2655;2932,-999.00,-999.00,-999.00,-999.00,111808.26,-12.33,-25.20,-18.76,50.48,44.40,47.44,3,33.45,4.00,0.18,163.67,207.15,1270.55,1613.46
Soricomorpha,Talpidae,Euroscaptor,grandis,euroscaptor grandis,-999.00,-999.00,-999.00,-999.00,-999.00,-999.00,-999.00,-999.00,1.00,-999.00,-999.00,2.00,-999.00,-999.00,-999.00,-999.00,-999.00,-999.00,-999.00,-999.00,-999.00,-999.00,-999.00,-999.00,-999,1.00,3,-999.00,-999.00,-999.00,2131,-999.00,-999.00,-999.00,-999.00,120325.71,30.98,27.01,28.99,103.73,98.21,100.97,3,73.04,3.00,0.06,154.94,43.40,813.02,984.18
Soricomorpha,Talpidae,Euroscaptor,klossi,euroscaptor klossi,-999.00,-999.00,-999.00,-999.00,-999.00,-999.00,-999.00,-999.00,1.00,-999.00,34.99,2.00,-999.00,-999.00,-999.00,4.50,1.00,-999.00,-999.00,-999.00,-999.00,-999.00,-999.00,-999.00,-999,1.00,3,-999.00,-999.00,-999.00,2131;2741,-999.00,-999.00,-999.00,-999.00,106925.04,21.58,3.18,12.38,108.63,98.20,103.41,3,75.05,13.00,0.11,139.25,217.58,1212.99,1491.95
Soricomorpha,Talpidae,Euroscaptor,longirostris,euroscaptor longirostris,-999.00,-999.00,-999.00,-999.00,-999.00,-999.00,-999.00,-999.00,1.00,-999.00,-999.00,2.00,-999.00,-999.00,-999.00,-999.00,-999.00,-999.00,-999.00,-999.00,-999.00,-999.00,-999.00,-999.00,-999,1.00,3,-999.00,-999.00,-999.00,2131,-999.00,-999.00,-999.00,-999.00,1789027.42,33.99,21.61,27.80,119.45,98.95,109.20,8,232.35,45.00,0.06,108.08,143.93,968.97,1046.58
Soricomorpha,Talpidae,Euroscaptor,micrura,euroscaptor micrura,-999.00,60.46,-999.00,122.00,-999.00,-999.00,-999.00,-999.00,1.00,-999.00,-999.00,2.00,-999.00,-999.00,-999.00,-999.00,-999.00,36.00,-999.00,-999.00,-999.00,-999.00,-999.00,-999.00,-999,1.00,3,-999.00,-999.00,-999.00,543;1973;2131;2655,-999.00,-999.00,-999.00,-999.00,157260.51,28.90,23.75,26.32,95.95,87.54,91.74,1,120.18,4.00,0.09,159.76,132.22,1032.86,1245.42
Soricomorpha,Talpidae,Euroscaptor,mizura,euroscaptor mizura,2.00,25.05,-999.00,90.89,-999.00,-999.00,-999.00,-999.00,1.00,-999.00,40.00,1.00,-999.00,-999.00,-999.00,3.00,1.00,36.00,-999.00,-999.00,-999.00,1.00,-999.00,-999.00,-999,1.00,3,-999.00,-999.00,-999.00,1646;2131;2528;2741,-999.00,-999.00,-999.00,-999.00,7152.32,40.64,34.73,37.68,141.68,132.68,137.18,93,240.10,93.00,0.01,129.53,67.49,778.16,830.38
Soricomorpha,Talpidae,Euroscaptor,parvidens,euroscaptor parvidens,-999.00,-999.00,-999.00,-999.00,-999.00,-999.00,-999.00,-999.00,1.00,-999.00,-999.00,2.00,-999.00,-999.00,-999.00,-999.00,-999.00,-999.00,-999.00,-999.00,-999.00,-999.00,-999.00,-999.00,-999,1.00,3,-999.00,-999.00,-999.00,2131,-999.00,-999.00,-999.00,-999.00,9353.46,22.70,11.18,16.94,108.44,105.20,106.82,54,110.48,54.00,0.11,132.14,215.70,1142.19,1336.28
Rodentia,Echimyidae,Euryzygomatomys,spinosus,euryzygomatomys spinosus,-999.00,187.49,-999.00,-999.00,-999.00,-999.00,-999.00,-999.00,-999.00,-999.00,-999.00,-999.00,-999.00,-999.00,-999.00,0.97,-999.00,-999.00,-999.00,-999.00,-999.00,-999.00,-999.00,-999.00,-999,-999.00,-999,-999.00,-999.00,-999.00,1297;2655,-999.00,-999.00,-999.00,-999.00,1396880.41,-15.05,-30.83,-22.94,-38.86,-57.09,-47.97,3,77.42,7.00,0.06,128.25,199.15,1183.74,1330.73
Rodentia,Sciuridae,Exilisciurus,concinnus,exilisciurus concinnus,-999.00,27.72,-999.00,-999.00,-999.00,-999.00,-999.00,-999.00,-999.00,-999.00,-999.00,-999.00,-999.00,-999.00,-999.00,1.94,-999.00,-999.00,-999.00,83.00,-999.00,-999.00,-999.00,-999.00,-999,-999.00,-999,-999.00,-999.00,-999.00,2152;2655,-999.00,-999.00,26.87,-999.00,121262.31,12.58,5.55,9.07,126.60,121.79,124.19,33,172.57,55.00,0.11,183.10,241.07,1565.18,1739.39
Artiodactyla,Bovidae,Connochaetes,taurinus,connochaetes taurinus,2.00,198619.68,-999.00,2014.99,-999.00,730.00,26460.00,90000.00,1.00,-999.00,251.49,1.00,-999.00,-999.00,365.00,0.98,-999.00,258.00,18044.36,-999.00,7.99,-999.00,841.82,20.00,2,1.00,1,256.32,51051.33,-999.00,543;730;869;1052;1297;1525;1763;1822;1848;2338;2620;2629;2655;2693;2986,-999.00,1.10,-999.00,-999.00,3201113.49,-0.82,-30.44,-15.63,39.88,13.13,26.50,0,19.12,0.00,0.16,61.61,211.04,731.29,1433.23
Chiroptera,Emballonuridae,Cormura,brevirostris,cormura brevirostris,1.00,9.26,46.50,-999.00,-999.00,-999.00,-999.00,-999.00,1.00,-999.00,-999.00,1.00,-999.00,-999.00,-999.00,-999.00,-999.00,-999.00,-999.00,-999.00,-999.00,-999.00,-999.00,-999.00,-999,2.00,3,-999.00,-999.00,-999.00,196;889;905;1658;2151;2622;2655;2751,-999.00,-999.00,-999.00,-999.00,6457181.09,14.11,-12.58,0.76,-48.10,-85.84,-66.97,0,15.82,0.00,0.12,179.40,249.38,1454.83,1613.83
Chiroptera,Vespertilionidae,Corynorhinus,mexicanus,corynorhinus mexicanus,-999.00,-999.00,-999.00,-999.00,-999.00,-999.00,-999.00,-999.00,-999.00,-999.00,-999.00,-999.00,-999.00,-999.00,-999.00,-999.00,-999.00,-999.00,-999.00,-999.00,-999.00,-999.00,-999.00,-999.00,-999,-999.00,-999,-999.00,-999.00,-999.00,-999,-999.00,-999.00,-999.00,-999.00,559891.05,31.07,18.14,24.60,-86.73,-109.76,-98.25,1,79.25,2.00,0.11,62.53,183.65,820.96,1367.87
Chiroptera,Vespertilionidae,Corynorhinus,rafinesquii,corynorhinus rafinesquii,-999.00,9.15,43.00,-999.00,9.00,-999.00,-999.00,-999.00,1.00,-999.00,55.27,1.00,-999.00,-999.00,-999.00,1.00,1.00,121.20,2.45,-999.00,-999.00,144.00,210.45,-999.00,-999,2.00,3,21.00,-999.00,-999.00,188;543;953;1297;1384;1388;1658;1705;2143;2151;2215;2241;2352;2622;2655;3023,-999.00,-999.00,-999.00,-999.00,1333256.65,40.66,24.94,32.80,-75.71,-95.31,-85.51,0,52.70,6.00,0.05,102.28,172.06,980.22,1083.72
Chiroptera,Vespertilionidae,Corynorhinus,townsendii,corynorhinus townsendii,-999.00,10.30,43.40,57.50,9.00,-999.00,-999.00,-999.00,1.00,-999.00,67.49,1.00,-999.00,-999.00,-999.00,0.99,1.00,254.00,2.39,-999.00,-999.00,-999.00,-999.00,-999.00,-999,2.00,3,40.50,-999.00,-999.00,543;657;899;1006;1161;1297;1658;1698;1705;1727;2143;2151;2215;2253;2535;2622;2655,-999.00,-999.00,-999.00,-999.00,4604871.50,53.26,16.67,34.97,-79.16,-125.09,-102.12,0,29.42,0.00,0.09,39.48,110.48,456.28,976.59
Rodentia,Muridae,Coryphomys,buehleri,coryphomys buehleri,-999.00,-999.00,-999.00,-999.00,-999.00,-999.00,-999.00,-999.00,-999.00,-999.00,-999.00,-999.00,-999.00,-999.00,-999.00,-999.00,-999.00,-999.00,-999.00,-999.00,-999.00,-999.00,-999.00,-999.00,-999,-999.00,-999,-999.00,-999.00,-999.00,-999,-999.00,-999.00,-999.00,-999.00,-999.00,-999.00,-999.00,-999.00,-999.00,-999.00,-999.00,-999,-999.00,-999.00,-999.00,-999.00,-999.00,-999.00,-999.00
Chiroptera,Craseonycteridae,Craseonycteris,thonglongyai,craseonycteris thonglongyai,1.00,1.96,24.11,30.99,-999.00,-999.00,-999.00,-999.00,1.00,-999.00,-999.00,1.00,-999.00,-999.00,365.00,1.00,1.00,-999.00,-999.00,-999.00,-999.00,150.10,-999.00,-999.00,-999,2.00,3,-999.00,-999.00,-999.00,196;842;843;844;899;1297;1344;1658;1953;2143;2151;2622;2655,-999.00,-999.00,-999.00,-999.00,895.08,14.58,14.27,14.42,99.01,98.70,98.86,5,23.68,5.00,0.06,375.32,240.33,1138.35,1702.99
Rodentia,Muridae,Crateromys,australis,crateromys australis,-999.00,-999.00,-999.00,265.00,-999.00,-999.00,-999.00,-999.00,-999.00,-999.00,-999.00,-999.00,-999.00,-999.00,-999.00,-999.00,-999.00,-999.00,-999.00,-999.00,-999.00,-999.00,-999.00,-999.00,-999,-999.00,-999,-999.00,-999.00,-999.00,2152,517.32,-999.00,-999.00,-999.00,832.19,10.47,9.81,10.14,125.70,125.48,125.59,92,144.02,92.00,0.02,-999.00,-999.00,-999.00,-999.00
Rodentia,Muridae,Crateromys,heaneyi,crateromys heaneyi,-999.00,-999.00,-999.00,-999.00,-999.00,-999.00,-999.00,-999.00,-999.00,-999.00,-999.00,-999.00,-999.00,-999.00,-999.00,-999.00,-999.00,-999.00,-999.00,-999.00,-999.00,-999.00,-999.00,-999.00,-999,-999.00,-999,-999.00,-999.00,-999.00,-999,-999.00,-999.00,-999.00,-999.00,-999.00,-999.00,-999.00,-999.00,-999.00,-999.00,-999.00,-999,-999.00,-999.00,-999.00,-999.00,-999.00,-999.00,-999.00
Rodentia,Muridae,Crateromys,paulus,crateromys paulus,-999.00,-999.00,-999.00,252.80,-999.00,-999.00,-999.00,-999.00,-999.00,-999.00,-999.00,-999.00,-999.00,-999.00,-999.00,-999.00,-999.00,-999.00,-999.00,-999.00,-999.00,-999.00,-999.00,-999.00,-999,-999.00,-999,-999.00,-999.00,-999.00,2089;2152,451.51,-999.00,-999.00,-999.00,75.23,12.29,12.15,12.22,121.13,121.03,121.08,143,143.00,143.00,0.18,183.00,258.00,-999.00,-999.00
Rodentia,Muridae,Crateromys,schadenbergi,crateromys schadenbergi,2.00,-999.00,-999.00,370.73,-999.00,-999.00,-999.00,-999.00,-999.00,-999.00,-999.00,-999.00,-999.00,-999.00,-999.00,-999.00,-999.00,-999.00,-999.00,-999.00,-999.00,-999.00,-999.00,-999.00,-999,-999.00,-999,-999.00,-999.00,-999.00,2089;2152,1363.72,-999.00,-999.00,-999.00,36658.29,18.90,16.00,17.45,122.36,120.48,121.42,29,126.47,29.00,0.06,226.03,226.83,1421.40,1690.11
Rodentia,Geomyidae,Cratogeomys,castanops,cratogeomys castanops,-999.00,266.83,-999.00,192.55,-999.00,-999.00,-999.00,-999.00,4.00,-999.00,-999.00,2.00,-999.00,-999.00,-999.00,2.34,3.50,56.40,6.06,-999.00,1001.77,-999.00,-999.00,1.00,-999,1.00,1,-999.00,-999.00,-999.00,230;296;543;738;740;1297;1305;2151;2655;2657,-999.00,-999.00,-999.00,-999.00,653636.15,38.59,24.80,31.70,-97.59,-107.10,-102.34,0,14.88,0.00,0.08,30.93,170.33,466.37,1086.27
Rodentia,Geomyidae,Cratogeomys,fumosus,cratogeomys fumosus,-999.00,150.00,-999.00,-999.00,-999.00,-999.00,-999.00,-999.00,3.00,-999.00,-999.00,2.00,-999.00,-999.00,-999.00,-999.00,-999.00,-999.00,-999.00,-999.00,-999.00,-999.00,-999.00,-999.00,-999,1.00,1,-999.00,-999.00,-999.00,2151;2655,-999.00,-999.00,-999.00,-999.00,512.65,19.35,19.11,19.23,-103.65,-103.88,-103.76,89,89.00,89.00,0.12,97.00,208.00,877.00,1562.00
Rodentia,Geomyidae,Cratogeomys,goldmani,cratogeomys goldmani,-999.00,-999.00,-999.00,-999.00,-999.00,-999.00,-999.00,-999.00,-999.00,-999.00,-999.00,-999.00,-999.00,-999.00,-999.00,-999.00,-999.00,-999.00,-999.00,-999.00,-999.00,-999.00,-999.00,-999.00,-999,-999.00,-999,-999.00,-999.00,-999.00,-999,-999.00,-999.00,-999.00,-999.00,121756.60,26.33,21.72,24.02,-99.28,-105.36,-102.32,1,36.16,2.00,0.05,30.61,163.25,566.56,1132.13
Rodentia,Geomyidae,Cratogeomys,gymnurus,cratogeomys gymnurus,-999.00,599.99,-999.00,-999.00,-999.00,-999.00,-999.00,-999.00,3.00,-999.00,-999.00,2.00,-999.00,-999.00,-999.00,-999.00,-999.00,-999.00,-999.00,-999.00,-999.00,-999.00,-999.00,-999.00,-999,1.00,1,-999.00,-999.00,-999.00,2151;2655,-999.00,-999.00,-999.00,-999.00,12710.83,20.71,18.99,19.85,-100.38,-104.04,-102.21,19,77.47,19.00,0.07,83.68,192.03,852.09,1453.68
Rodentia,Geomyidae,Cratogeomys,merriami,cratogeomys merriami,-999.00,419.99,-999.00,-999.00,-999.00,-999.00,-999.00,-999.00,3.00,-999.00,-999.00,2.00,-999.00,-999.00,-999.00,1.94,-999.00,-999.00,-999.00,-999.00,-999.00,-999.00,-999.00,-999.00,-999,1.00,1,-999.00,-999.00,-999.00,1297;2151;2655,-999.00,-999.00,-999.00,-999.00,17777.06,19.90,18.73,19.31,-97.05,-99.53,-98.29,81,474.21,81.00,0.10,98.40,149.51,955.42,1305.40
Rodentia,Geomyidae,Cratogeomys,neglectus,cratogeomys neglectus,-999.00,302.48,-999.00,192.53,-999.00,-999.00,-999.00,-999.00,3.00,-999.00,-999.00,2.00,-999.00,-999.00,-999.00,1.94,-999.00,-999.00,-999.00,-999.00,-999.00,-999.00,-999.00,1.00,-999,1.00,1,-999.00,-999.00,-999.00,1776;2151;2655,-999.00,-999.00,-999.00,-999.00,151.95,21.11,20.98,21.05,-99.61,-99.74,-99.67,27,39.52,27.00,0.14,58.99,192.45,827.40,1279.99
Rodentia,Geomyidae,Cratogeomys,tylorhinus,cratogeomys tylorhinus,-999.00,403.42,-999.00,214.74,-999.00,-999.00,-999.00,-999.00,4.00,-999.00,-999.00,2.00,-999.00,-999.00,-999.00,1.94,-999.00,-999.00,-999.00,-999.00,-999.00,-999.00,-999.00,1.00,-999,1.00,1,-999.00,-999.00,-999.00,574;1297;2151;2655,-999.00,-999.00,-999.00,-999.00,32204.11,21.50,18.83,20.17,-98.75,-103.76,-101.25,23,296.89,24.00,0.09,70.59,178.74,843.73,1357.12
Rodentia,Geomyidae,Cratogeomys,zinseri,cratogeomys zinseri,-999.00,150.00,-999.00,-999.00,-999.00,-999.00,-999.00,-999.00,3.00,-999.00,-999.00,2.00,-999.00,-999.00,-999.00,-999.00,-999.00,-999.00,-999.00,-999.00,-999.00,-999.00,-999.00,-999.00,-999,1.00,1,-999.00,-999.00,-999.00,2151;2655,-999.00,-999.00,-999.00,-999.00,557.24,21.31,21.10,21.20,-101.81,-102.10,-101.95,45,174.00,45.00,0.07,53.00,180.50,709.00,1301.00
Rodentia,Muridae,Cremnomys,cutchicus,cremnomys cutchicus,-999.00,-999.00,-999.00,-999.00,-999.00,-999.00,-999.00,-999.00,-999.00,-999.00,-999.00,-999.00,-999.00,-999.00,-999.00,5.23,-999.00,-999.00,-999.00,-999.00,-999.00,-999.00,-999.00,-999.00,-999,-999.00,-999,-999.00,-999.00,-999.00,1297,-999.00,-999.00,-999.00,-999.00,246119.11,25.23,11.37,18.30,86.04,68.47,77.25,30,282.11,45.00,0.08,60.28,257.70,676.12,1485.49
Rodentia,Muridae,Cremnomys,elvira,cremnomys elvira,-999.00,-999.00,-999.00,-999.00,-999.00,-999.00,-999.00,-999.00,-999.00,-999.00,-999.00,-999.00,-999.00,-999.00,-999.00,-999.00,-999.00,-999.00,-999.00,-999.00,-999.00,-999.00,-999.00,-999.00,-999,-999.00,-999,-999.00,-999.00,-999.00,-999,-999.00,-999.00,-999.00,-999.00,320.43,11.49,11.31,11.40,78.45,78.26,78.35,388,388.00,388.00,0.04,81.00,273.00,1000.00,1465.00
Rodentia,Nesomyidae,Cricetomys,ansorgei,cricetomys ansorgei,-999.00,-999.00,-999.00,-999.00,-999.00,-999.00,-999.00,-999.00,-999.00,-999.00,-999.00,-999.00,-999.00,-999.00,-999.00,-999.00,-999.00,-999.00,-999.00,-999.00,-999.00,-999.00,-999.00,-999.00,-999,-999.00,-999,-999.00,-999.00,-999.00,-999,-999.00,-999.00,-999.00,-999.00,-999.00,-999.00,-999.00,-999.00,-999.00,-999.00,-999.00,-999,-999.00,-999.00,-999.00,-999.00,-999.00,-999.00,-999.00
Rodentia,Nesomyidae,Cricetomys,emini,cricetomys emini,1.00,1280.00,-999.00,-999.00,-999.00,-999.00,-999.00,-999.00,-999.00,-999.00,-999.00,1.00,-999.00,-999.00,-999.00,0.97,-999.00,-999.00,-999.00,-999.00,-999.00,-999.00,-999.00,-999.00,-999,1.00,-999,-999.00,-999.00,-999.00,904;1297;2399;2655,-999.00,-999.00,-999.00,-999.00,2945905.07,9.22,-6.04,1.58,35.29,-13.32,10.98,0,51.76,1.00,0.10,148.27,242.80,1333.83,1559.28
Rodentia,Nesomyidae,Cricetomys,gambianus,cricetomys gambianus,-999.00,1267.52,-999.00,362.64,23.00,212.91,1022.38,1521.40,-999.00,-999.00,31.45,-999.00,-999.00,-999.00,-999.00,3.11,2.00,-999.00,22.68,78.00,-999.00,-999.00,177.08,-999.00,-999,-999.00,-999,34.54,-999.00,-999.00,36;416;922;1213;1244;1297;1822;2061;2655,-999.00,-999.00,-999.00,-999.00,-999.00,-999.00,-999.00,-999.00,-999.00,-999.00,-999.00,-999,-999.00,-999.00,-999.00,-999.00,-999.00,-999.00,-999.00
Rodentia,Nesomyidae,Cricetomys,kivuensis,cricetomys kivuensis,-999.00,-999.00,-999.00,-999.00,-999.00,-999.00,-999.00,-999.00,-999.00,-999.00,-999.00,-999.00,-999.00,-999.00,-999.00,-999.00,-999.00,-999.00,-999.00,-999.00,-999.00,-999.00,-999.00,-999.00,-999,-999.00,-999,-999.00,-999.00,-999.00,-999,-999.00,-999.00,-999.00,-999.00,-999.00,-999.00,-999.00,-999.00,-999.00,-999.00,-999.00,-999,-999.00,-999.00,-999.00,-999.00,-999.00,-999.00,-999.00
Rodentia,Cricetidae,Cricetulus,alticola,cricetulus alticola,-999.00,-999.00,-999.00,-999.00,-999.00,-999.00,-999.00,-999.00,-999.00,-999.00,-999.00,-999.00,-999.00,-999.00,-999.00,-999.00,-999.00,-999.00,-999.00,-999.00,-999.00,-999.00,-999.00,-999.00,-999,-999.00,-999,-999.00,-999.00,-999.00,-999,-999.00,-999.00,-999.00,-999.00,153013.38,35.19,28.89,32.04,82.29,77.85,80.07,0,24.41,0.00,0.09,52.17,-11.07,510.72,960.97
Soricomorpha,Soricidae,Crocidura,tanakae,crocidura tanakae,-999.00,-999.00,-999.00,-999.00,-999.00,-999.00,-999.00,-999.00,-999.00,-999.00,-999.00,-999.00,-999.00,-999.00,-999.00,-999.00,-999.00,-999.00,-999.00,-999.00,-999.00,-999.00,-999.00,-999.00,-999,-999.00,-999,-999.00,-999.00,-999.00,-999,-999.00,-999.00,-999.00,-999.00,36065.98,25.29,21.90,23.60,122.00,120.04,121.02,70,676.60,73.00,0.03,160.50,165.80,-999.00,-999.00
Soricomorpha,Soricidae,Crocidura,tansaniana,crocidura tansaniana,-999.00,-999.00,-999.00,-999.00,-999.00,-999.00,-999.00,-999.00,-999.00,-999.00,-999.00,-999.00,-999.00,-999.00,-999.00,-999.00,-999.00,-999.00,-999.00,-999.00,-999.00,-999.00,-999.00,-999.00,-999,-999.00,-999,-999.00,-999.00,-999.00,-999,-999.00,-999.00,-999.00,-999.00,5441.49,-3.53,-5.18,-4.35,38.81,37.53,38.17,8,52.12,8.00,0.13,107.72,236.12,1068.83,1575.02
Soricomorpha,Soricidae,Crocidura,tarella,crocidura tarella,-999.00,-999.00,-999.00,-999.00,-999.00,-999.00,-999.00,-999.00,-999.00,-999.00,-999.00,-999.00,-999.00,-999.00,-999.00,-999.00,-999.00,-999.00,-999.00,-999.00,-999.00,-999.00,-999.00,-999.00,-999,-999.00,-999,-999.00,-999.00,-999.00,-999,-999.00,-999.00,-999.00,-999.00,109789.05,3.04,0.06,1.55,34.32,30.56,32.44,10,106.94,19.00,0.12,103.16,231.89,1279.03,1595.49
Soricomorpha,Soricidae,Crocidura,tarfayensis,crocidura tarfayensis,-999.00,6.59,-999.00,63.79,-999.00,-999.00,-999.00,-999.00,-999.00,-999.00,-999.00,-999.00,-999.00,-999.00,-999.00,-999.00,-999.00,-999.00,-999.00,-999.00,-999.00,-999.00,-999.00,-999.00,-999,-999.00,-999,-999.00,-999.00,-999.00,1430;2655,-999.00,-999.00,-999.00,-999.00,677846.60,32.99,12.37,22.68,-6.40,-17.53,-11.96,0,58.54,0.00,0.05,18.16,227.61,227.03,1372.44
Soricomorpha,Soricidae,Crocidura,telfordi,crocidura telfordi,-999.00,-999.00,-999.00,-999.00,-999.00,-999.00,-999.00,-999.00,-999.00,-999.00,-999.00,-999.00,-999.00,-999.00,-999.00,-999.00,-999.00,-999.00,-999.00,-999.00,-999.00,-999.00,-999.00,-999.00,-999,-999.00,-999,-999.00,-999.00,-999.00,-999,-999.00,-999.00,-999.00,-999.00,451.92,-6.73,-6.95,-6.84,37.74,37.52,37.63,36,36.00,36.00,0.16,73.00,246.00,1032.00,1494.00
Soricomorpha,Soricidae,Crocidura,tenuis,crocidura tenuis,-999.00,-999.00,-999.00,-999.00,-999.00,-999.00,-999.00,-999.00,-999.00,-999.00,-999.00,-999.00,-999.00,-999.00,-999.00,-999.00,-999.00,-999.00,-999.00,-999.00,-999.00,-999.00,-999.00,-999.00,-999,-999.00,-999,-999.00,-999.00,-999.00,-999,-999.00,-999.00,-999.00,-999.00,28767.92,-8.32,-10.37,-9.35,127.30,123.44,125.37,29,78.02,33.00,0.10,111.37,246.44,-999.00,-999.00
Soricomorpha,Soricidae,Crocidura,thalia,crocidura thalia,-999.00,-999.00,-999.00,-999.00,-999.00,-999.00,-999.00,-999.00,-999.00,-999.00,-999.00,-999.00,-999.00,-999.00,-999.00,-999.00,-999.00,-999.00,-999.00,-999.00,-999.00,-999.00,-999.00,-999.00,-999,-999.00,-999,-999.00,-999.00,-999.00,-999,-999.00,-999.00,-999.00,-999.00,265080.46,11.39,5.78,8.58,40.07,34.34,37.20,3,101.04,8.00,0.15,101.99,168.66,1047.31,1395.20
Soricomorpha,Soricidae,Crocidura,theresae,crocidura theresae,-999.00,17.60,-999.00,-999.00,-999.00,-999.00,-999.00,-999.00,-999.00,-999.00,-999.00,-999.00,-999.00,-999.00,-999.00,-999.00,-999.00,-999.00,-999.00,-999.00,-999.00,-999.00,-999.00,-999.00,-999,-999.00,-999,-999.00,-999.00,-999.00,2655,-999.00,-999.00,-999.00,-999.00,591924.42,12.84,7.19,10.02,0.21,-11.03,-5.41,3,29.73,6.00,0.15,111.78,267.83,989.71,1569.49
Soricomorpha,Soricidae,Crocidura,thomensis,crocidura thomensis,-999.00,-999.00,-999.00,-999.00,-999.00,-999.00,-999.00,-999.00,-999.00,-999.00,-999.00,-999.00,-999.00,-999.00,-999.00,-999.00,-999.00,-999.00,-999.00,-999.00,-999.00,-999.00,-999.00,-999.00,-999,-999.00,-999,-999.00,-999.00,-999.00,-999,-999.00,-999.00,-999.00,-999.00,862.58,0.41,0.02,0.22,6.76,6.47,6.61,144,144.00,144.00,0.11,-999.00,-999.00,-999.00,-999.00
Soricomorpha,Soricidae,Crocidura,trichura,crocidura trichura,-999.00,-999.00,-999.00,-999.00,-999.00,-999.00,-999.00,-999.00,-999.00,-999.00,-999.00,-999.00,-999.00,-999.00,-999.00,-999.00,-999.00,-999.00,-999.00,-999.00,-999.00,-999.00,-999.00,-999.00,-999,-999.00,-999,-999.00,-999.00,-999.00,-999,-999.00,-999.00,-999.00,-999.00,138.04,-10.41,-10.57,-10.49,105.71,105.53,105.62,14,14.00,14.00,0.07,-999.00,-999.00,-999.00,-999.00
Soricomorpha,Soricidae,Crocidura,turba,crocidura turba,-999.00,14.49,-999.00,-999.00,-999.00,-999.00,-999.00,-999.00,-999.00,-999.00,-999.00,-999.00,-999.00,-999.00,-999.00,2.00,-999.00,-999.00,-999.00,-999.00,-999.00,-999.00,-999.00,-999.00,-999,-999.00,-999,-999.00,-999.00,-999.00,1297;2655,-999.00,-999.00,-999.00,-999.00,4351979.87,8.74,-16.99,-4.12,39.37,10.98,25.18,0,30.80,2.00,0.17,100.26,222.73,1001.60,1492.30
Soricomorpha,Soricidae,Crocidura,ultima,crocidura ultima,-999.00,16.00,-999.00,-999.00,-999.00,-999.00,-999.00,-999.00,-999.00,-999.00,-999.00,-999.00,-999.00,-999.00,-999.00,-999.00,-999.00,-999.00,-999.00,-999.00,-999.00,-999.00,-999.00,-999.00,-999,-999.00,-999,-999.00,-999.00,-999.00,2655,-999.00,-999.00,-999.00,-999.00,28532.21,0.50,-0.88,-0.18,37.31,35.27,36.29,21,145.74,21.00,0.19,77.93,161.56,1069.18,1488.31
Soricomorpha,Soricidae,Crocidura,usambarae,crocidura usambarae,-999.00,11.83,-999.00,79.72,-999.00,-999.00,-999.00,-999.00,-999.00,-999.00,-999.00,-999.00,-999.00,-999.00,-999.00,1.99,-999.00,-999.00,-999.00,-999.00,-999.00,-999.00,-999.00,-999.00,-999,-999.00,-999,-999.00,-999.00,-999.00,1297;1393;2655,-999.00,-999.00,-999.00,-999.00,4845.06,-3.89,-5.18,-4.53,38.81,37.67,38.24,8,52.12,8.00,0.13,107.72,236.12,1068.83,1575.02
Soricomorpha,Soricidae,Crocidura,viaria,crocidura viaria,-999.00,16.49,-999.00,88.80,-999.00,-999.00,22.95,15.30,-999.00,-999.00,-999.00,-999.00,-999.00,-999.00,-999.00,3.49,-999.00,-999.00,1.39,-999.00,-999.00,-999.00,-999.00,-999.00,-999,-999.00,-999,-999.00,13.70,-999.00,1297;1430;1822;2655,-999.00,-999.00,-999.00,-999.00,4924759.49,31.54,0.59,16.06,40.95,-16.88,12.03,0,18.48,0.00,0.08,39.36,255.52,476.26,1506.65
Soricomorpha,Soricidae,Crocidura,virgata,crocidura virgata,-999.00,-999.00,-999.00,-999.00,-999.00,-999.00,-999.00,-999.00,-999.00,-999.00,-999.00,-999.00,-999.00,-999.00,-999.00,-999.00,-999.00,-999.00,-999.00,-999.00,-999.00,-999.00,-999.00,-999.00,-999,-999.00,-999,-999.00,-999.00,-999.00,-999,-999.00,-999.00,-999.00,-999.00,197818.13,7.89,2.94,5.42,11.24,3.26,7.25,7,204.02,10.00,0.13,183.29,253.67,1238.23,1561.50
Soricomorpha,Soricidae,Crocidura,voi,crocidura voi,-999.00,-999.00,-999.00,-999.00,-999.00,-999.00,-999.00,-999.00,-999.00,-999.00,-999.00,-999.00,-999.00,-999.00,-999.00,-999.00,-999.00,-999.00,-999.00,-999.00,-999.00,-999.00,-999.00,-999.00,-999,-999.00,-999,-999.00,-999.00,-999.00,-999,-999.00,-999.00,-999.00,-999.00,2323750.46,14.76,-3.81,5.47,45.31,-3.95,20.67,0,32.80,1.00,0.12,64.07,266.16,698.80,1675.43
Soricomorpha,Soricidae,Crocidura,vorax,crocidura vorax,-999.00,-999.00,-999.00,-999.00,-999.00,-999.00,-999.00,-999.00,-999.00,-999.00,-999.00,-999.00,-999.00,-999.00,-999.00,-999.00,-999.00,-999.00,-999.00,-999.00,-999.00,-999.00,-999.00,-999.00,-999,-999.00,-999,-999.00,-999.00,-999.00,-999,-999.00,-999.00,-999.00,-999.00,325781.44,25.96,17.71,21.83,103.23,98.14,100.68,6,48.81,10.00,0.09,119.40,185.70,1050.69,1396.30
Soricomorpha,Soricidae,Crocidura,vosmaeri,crocidura vosmaeri,-999.00,-999.00,-999.00,-999.00,-999.00,-999.00,-999.00,-999.00,-999.00,-999.00,-999.00,-999.00,-999.00,-999.00,-999.00,-999.00,-999.00,-999.00,-999.00,-999.00,-999.00,-999.00,-999.00,-999.00,-999,-999.00,-999,-999.00,-999.00,-999.00,-999,-999.00,-999.00,-999.00,-999.00,-999.00,-999.00,-999.00,-999.00,-999.00,-999.00,-999.00,-999,-999.00,-999.00,-999.00,-999.00,-999.00,-999.00,-999.00
Soricomorpha,Soricidae,Crocidura,watasei,crocidura watasei,-999.00,-999.00,-999.00,-999.00,-999.00,-999.00,-999.00,-999.00,-999.00,-999.00,-999.00,-999.00,-999.00,-999.00,-999.00,-999.00,-999.00,-999.00,-999.00,-999.00,-999.00,-999.00,-999.00,-999.00,-999,-999.00,-999,-999.00,-999.00,-999.00,-999,-999.00,-999.00,-999.00,-999.00,2267.41,28.51,26.07,27.29,129.72,127.63,128.68,365,365.00,365.00,0.04,-999.00,-999.00,-999.00,-999.00
Soricomorpha,Soricidae,Crocidura,whitakeri,crocidura whitakeri,-999.00,5.58,-999.00,61.20,-999.00,-999.00,-999.00,-999.00,-999.00,-999.00,-999.00,-999.00,-999.00,-999.00,-999.00,-999.00,-999.00,-999.00,-999.00,-999.00,-999.00,-999.00,-999.00,-999.00,-999,-999.00,-999,-999.00,-999.00,-999.00,1430;2655,-999.00,-999.00,-999.00,-999.00,1111959.91,37.34,24.88,31.11,11.25,-14.84,-1.79,0,41.81,0.00,0.18,15.63,187.43,221.63,1127.46
Soricomorpha,Soricidae,Crocidura,wimmeri,crocidura wimmeri,-999.00,23.50,-999.00,-999.00,-999.00,-999.00,-999.00,-999.00,-999.00,-999.00,-999.00,-999.00,-999.00,-999.00,-999.00,-999.00,-999.00,-999.00,-999.00,-999.00,-999.00,-999.00,-999.00,-999.00,-999,-999.00,-999,-999.00,-999.00,-999.00,2655,-999.00,-999.00,-999.00,-999.00,152.56,5.39,5.26,5.33,-4.05,-4.18,-4.12,1101,1101.00,1101.00,0.23,167.00,262.00,1412.00,1606.00
Soricomorpha,Soricidae,Crocidura,wuchihensis,crocidura wuchihensis,-999.00,-999.00,-999.00,-999.00,-999.00,-999.00,-999.00,-999.00,-999.00,-999.00,-999.00,-999.00,-999.00,-999.00,-999.00,-999.00,-999.00,-999.00,-999.00,-999.00,-999.00,-999.00,-999.00,-999.00,-999,-999.00,-999,-999.00,-999.00,-999.00,-999,-999.00,-999.00,-999.00,-999.00,-999.00,-999.00,-999.00,-999.00,-999.00,-999.00,-999.00,-999,-999.00,-999.00,-999.00,-999.00,-999.00,-999.00,-999.00
Soricomorpha,Soricidae,Crocidura,xantippe,crocidura xantippe,-999.00,-999.00,-999.00,-999.00,-999.00,-999.00,-999.00,-999.00,-999.00,-999.00,-999.00,-999.00,-999.00,-999.00,-999.00,-999.00,-999.00,-999.00,-999.00,-999.00,-999.00,-999.00,-999.00,-999.00,-999,-999.00,-999,-999.00,-999.00,-999.00,-999,-999.00,-999.00,-999.00,-999.00,25181.09,-2.65,-5.01,-3.83,38.77,37.54,38.16,2,42.36,2.00,0.14,76.16,233.87,994.86,1652.87
Soricomorpha,Soricidae,Crocidura,yankariensis,crocidura yankariensis,-999.00,4.99,-999.00,-999.00,-999.00,-999.00,-999.00,-999.00,-999.00,-999.00,-999.00,-999.00,-999.00,-999.00,-999.00,-999.00,-999.00,-999.00,-999.00,-999.00,-999.00,-999.00,-999.00,-999.00,-999,-999.00,-999,-999.00,-999.00,-999.00,2655,-999.00,-999.00,-999.00,-999.00,3217670.38,14.30,0.33,7.31,48.59,4.29,26.44,0,30.23,1.00,0.10,73.07,249.00,806.17,1618.98
Soricomorpha,Soricidae,Crocidura,zaphiri,crocidura zaphiri,-999.00,-999.00,-999.00,-999.00,-999.00,-999.00,-999.00,-999.00,-999.00,-999.00,-999.00,-999.00,-999.00,-999.00,-999.00,-999.00,-999.00,-999.00,-999.00,-999.00,-999.00,-999.00,-999.00,-999.00,-999,-999.00,-999,-999.00,-999.00,-999.00,-999,-999.00,-999.00,-999.00,-999.00,4952.10,7.60,5.51,6.55,37.59,36.31,36.95,33,105.31,33.00,0.14,106.39,178.68,1157.40,1291.29
Soricomorpha,Soricidae,Crocidura,zarudnyi,crocidura zarudnyi,-999.00,-999.00,-999.00,-999.00,-999.00,-999.00,-999.00,-999.00,-999.00,-999.00,-999.00,-999.00,-999.00,-999.00,-999.00,5.99,-999.00,-999.00,-999.00,-999.00,-999.00,-999.00,-999.00,-999.00,-999,-999.00,-999,-999.00,-999.00,-999.00,1297,-999.00,-999.00,-999.00,-999.00,453690.20,35.76,25.03,30.39,71.72,59.59,65.65,3,30.51,3.00,0.23,14.55,157.00,189.12,1273.50
Soricomorpha,Soricidae,Crocidura,zimmeri,crocidura zimmeri,-999.00,14.49,-999.00,-999.00,-999.00,-999.00,-999.00,-999.00,-999.00,-999.00,-999.00,-999.00,-999.00,-999.00,-999.00,-999.00,-999.00,-999.00,-999.00,-999.00,-999.00,-999.00,-999.00,-999.00,-999,-999.00,-999,-999.00,-999.00,-999.00,2655,-999.00,-999.00,-999.00,-999.00,671.11,-8.80,-9.11,-8.96,26.20,25.99,26.09,17,18.00,17.00,0.24,104.50,256.50,923.51,1423.74
Soricomorpha,Soricidae,Crocidura,zimmermanni,crocidura zimmermanni,-999.00,-999.00,-999.00,-999.00,-999.00,-999.00,-999.00,-999.00,-999.00,-999.00,-999.00,-999.00,-999.00,-999.00,-999.00,-999.00,-999.00,-999.00,-999.00,-999.00,-999.00,-999.00,-999.00,-999.00,-999,-999.00,-999,-999.00,-999.00,-999.00,-999,-999.00,-999.00,-999.00,-999.00,4817.08,35.67,34.92,35.29,26.00,23.52,24.76,0,53.14,0.00,0.02,51.80,163.80,-999.00,-999.00
Carnivora,Hyaenidae,Crocuta,crocuta,crocuta crocuta,1.00,63369.98,-999.00,1300.11,0.00,-999.00,-999.00,-999.00,1.00,913.00,112.33,1.00,21.93,53.84,441.04,1.91,-999.00,493.20,1460.00,-999.00,0.12,-999.00,789.54,-999.00,4,1.00,3,371.37,14499.99,-999.00,257;542;543;730;1113;1297;1573;2655,-999.00,1.00,-999.00,-999.00,14790149.69,18.59,-28.88,-5.14,51.41,-17.53,16.93,0,33.56,1.00,0.13,78.32,238.46,822.22,1551.16
Carnivora,Herpestidae,Crossarchus,alexandri,crossarchus alexandri,-999.00,1503.40,-999.00,448.99,-999.00,-999.00,-999.00,-999.00,-999.00,-999.00,-999.00,1.00,-999.00,-999.00,-999.00,4.00,-999.00,-999.00,-999.00,-999.00,-999.00,-999.00,-999.00,-999.00,-999,1.00,-999,-999.00,-999.00,-999.00,1113;1297;2655,-999.00,-999.00,-999.00,-999.00,1464819.63,5.18,-5.81,-0.31,35.11,16.16,25.63,1,21.39,2.00,0.15,143.64,240.89,1458.66,1600.87
Carnivora,Herpestidae,Crossarchus,ansorgei,crossarchus ansorgei,3.00,700.00,-999.00,325.52,-999.00,-999.00,-999.00,-999.00,6.00,-999.00,-999.00,1.00,-999.00,-999.00,-999.00,-999.00,-999.00,-999.00,-999.00,-999.00,-999.00,-999.00,-999.00,-999.00,-999,1.00,2,-999.00,-999.00,-999.00,1113;2655,-999.00,-999.00,-999.00,-999.00,604251.42,2.22,-9.57,-3.67,26.04,14.07,20.06,2,9.34,3.00,0.17,154.30,250.03,1488.79,1592.05
Carnivora,Herpestidae,Crossarchus,obscurus,crossarchus obscurus,3.00,1395.09,-999.00,338.98,12.00,-999.00,-999.00,-999.00,6.00,-999.00,70.00,1.00,-999.00,-999.00,121.66,4.29,2.50,108.00,9.78,-999.00,-999.00,-999.00,278.42,-999.00,6,1.00,2,29.23,-999.00,-999.00,543;1113;1297;2655,-999.00,-999.00,-999.00,-999.00,438210.83,9.30,4.35,6.82,0.04,-13.32,-6.63,3,72.53,10.00,0.07,175.02,256.38,1309.36,1566.02
Carnivora,Herpestidae,Crossarchus,platycephalus,crossarchus platycephalus,-999.00,-999.00,-999.00,-999.00,-999.00,-999.00,-999.00,-999.00,-999.00,-999.00,-999.00,-999.00,-999.00,-999.00,-999.00,-999.00,-999.00,-999.00,-999.00,-999.00,-999.00,-999.00,-999.00,-999.00,-999,-999.00,-999,-999.00,-999.00,-999.00,-999,-999.00,-999.00,-999.00,-999.00,-999.00,-999.00,-999.00,-999.00,-999.00,-999.00,-999.00,-999,-999.00,-999.00,-999.00,-999.00,-999.00,-999.00,-999.00
Rodentia,Muridae,Crossomys,moncktoni,crossomys moncktoni,3.00,168.42,-999.00,193.61,-999.00,-999.00,-999.00,-999.00,2.00,-999.00,-999.00,3.00,-999.00,-999.00,-999.00,1.07,-999.00,-999.00,-999.00,-999.00,-999.00,-999.00,-999.00,-999.00,4,1.00,3,-999.00,-999.00,-999.00,977;2152;2655;2803,-999.00,-999.00,-999.00,-999.00,47340.55,-5.14,-9.47,-7.31,147.67,142.29,144.98,1,20.88,5.00,0.11,370.04,167.51,1627.65,1647.21
Rodentia,Muridae,Crunomys,celebensis,crunomys celebensis,-999.00,-999.00,-999.00,-999.00,-999.00,-999.00,-999.00,-999.00,-999.00,-999.00,-999.00,-999.00,-999.00,-999.00,-999.00,-999.00,-999.00,-999.00,-999.00,-999.00,-999.00,-999.00,-999.00,-999.00,-999,-999.00,-999,-999.00,-999.00,-999.00,-999,-999.00,-999.00,-999.00,-999.00,525.31,-1.20,-1.43,-1.32,120.20,119.96,120.08,41,46.50,41.00,0.11,205.00,181.50,1799.50,2005.00
Rodentia,Muridae,Crunomys,fallax,crunomys fallax,-999.00,-999.00,-999.00,105.00,-999.00,-999.00,-999.00,-999.00,-999.00,-999.00,-999.00,-999.00,-999.00,-999.00,-999.00,-999.00,-999.00,-999.00,-999.00,-999.00,-999.00,-999.00,-999.00,-999.00,-999,-999.00,-999,-999.00,-999.00,-999.00,2152,35.72,-999.00,-999.00,-999.00,328.12,16.81,16.62,16.71,122.26,122.07,122.17,30,30.00,30.00,0.07,177.00,234.00,-999.00,-999.00
Rodentia,Muridae,Crunomys,melanius,crunomys melanius,-999.00,-999.00,-999.00,99.49,-999.00,-999.00,-999.00,-999.00,-999.00,-999.00,-999.00,-999.00,-999.00,-999.00,-999.00,-999.00,-999.00,-999.00,-999.00,-999.00,-999.00,-999.00,-999.00,-999.00,6,-999.00,-999,-999.00,-999.00,-999.00,2152,30.58,-999.00,-999.00,-999.00,102114.88,11.56,5.55,8.56,126.60,121.89,124.24,33,170.74,55.00,0.11,174.05,238.38,1567.81,1734.24
Rodentia,Muridae,Crunomys,suncoides,crunomys suncoides,-999.00,-999.00,-999.00,-999.00,-999.00,-999.00,-999.00,-999.00,-999.00,-999.00,-999.00,-999.00,-999.00,-999.00,-999.00,-999.00,-999.00,-999.00,-999.00,-999.00,-999.00,-999.00,-999.00,-999.00,-999,-999.00,-999,-999.00,-999.00,-999.00,-999,-999.00,-999.00,-999.00,-999.00,-999.00,-999.00,-999.00,-999.00,-999.00,-999.00,-999.00,-999,-999.00,-999.00,-999.00,-999.00,-999.00,-999.00,-999.00
Afrosoricida,Chrysochloridae,Cryptochloris,wintoni,cryptochloris wintoni,-999.00,-999.00,-999.00,89.99,-999.00,-999.00,-999.00,-999.00,2.00,-999.00,-999.00,1.00,-999.00,-999.00,-999.00,-999.00,-999.00,-999.00,-999.00,-999.00,-999.00,-999.00,-999.00,1.00,-999,1.00,3,-999.00,-999.00,-999.00,948;1339;1848;2131;2629,22.88,-999.00,-999.00,-999.00,1.45,-29.24,-29.25,-29.24,16.88,16.86,16.87,2,2.00,2.00,0.00,-999.00,-999.00,-999.00,-999.00
Afrosoricida,Chrysochloridae,Cryptochloris,zyli,cryptochloris zyli,-999.00,-999.00,-999.00,84.85,-999.00,-999.00,-999.00,-999.00,1.00,-999.00,-999.00,1.00,-999.00,-999.00,-999.00,-999.00,-999.00,-999.00,-999.00,-999.00,-999.00,-999.00,-999.00,1.00,-999,1.00,3,-999.00,-999.00,-999.00,511;1848;2131;2629,19.31,-999.00,-999.00,-999.00,7.83,-32.08,-32.11,-32.09,18.48,18.45,18.46,6,6.00,6.00,0.20,16.00,167.00,355.00,1176.00
Rodentia,Bathyergidae,Cryptomys,amatus,cryptomys amatus,-999.00,76.74,-999.00,-999.00,-999.00,-999.00,48.51,77.00,-999.00,-999.00,95.00,-999.00,-999.00,-999.00,-999.00,-999.00,-999.00,-999.00,-999.00,-999.00,-999.00,-999.00,-999.00,-999.00,-999,-999.00,-999,-999.00,-999.00,-999.00,248;250;1822,-999.00,-999.00,-999.00,-999.00,-999.00,-999.00,-999.00,-999.00,-999.00,-999.00,-999.00,-999,-999.00,-999.00,-999.00,-999.00,-999.00,-999.00,-999.00
Rodentia,Bathyergidae,Cryptomys,anselli,cryptomys anselli,-999.00,85.59,-999.00,-999.00,-999.00,-999.00,-999.00,-999.00,-999.00,-999.00,-999.00,-999.00,-999.00,-999.00,-999.00,-999.00,-999.00,-999.00,-999.00,-999.00,-999.00,21.00,-999.00,-999.00,-999,-999.00,-999,-999.00,-999.00,-999.00,2557,-999.00,-999.00,-999.00,-999.00,-999.00,-999.00,-999.00,-999.00,-999.00,-999.00,-999.00,-999,-999.00,-999.00,-999.00,-999.00,-999.00,-999.00,-999.00
Rodentia,Bathyergidae,Cryptomys,bocagei,cryptomys bocagei,-999.00,93.84,-999.00,-999.00,-999.00,-999.00,69.56,94.00,-999.00,-999.00,-999.00,-999.00,-999.00,-999.00,-999.00,-999.00,-999.00,-999.00,-999.00,-999.00,-999.00,-999.00,-999.00,-999.00,-999,-999.00,-999,-999.00,-999.00,-999.00,250;1822;2655,-999.00,-999.00,-999.00,-999.00,754390.24,-10.15,-16.04,-13.10,27.12,12.67,19.90,1,8.48,1.00,0.27,93.91,209.32,876.57,1393.40
Rodentia,Bathyergidae,Cryptomys,damarensis,cryptomys damarensis,2.00,112.20,-999.00,-999.00,18.00,-999.00,76.87,128.00,1.00,-999.00,83.55,1.00,0.01,9.51845e-03,-999.00,3.00,4.00,-999.00,8.49,-999.00,-999.00,12.00,-999.00,22.50,-999,1.00,1,18.02,-999.00,-999.00,231;243;244;245;247;249;250;1468;1573;1821;1822;2440;2557;2629;2655,-999.00,-999.00,-999.00,-999.00,1869675.78,-8.11,-28.64,-18.37,27.84,12.99,20.41,0,7.61,0.00,0.16,59.70,211.87,662.02,1429.30
Rodentia,Bathyergidae,Cryptomys,darlingi,cryptomys darlingi,-999.00,65.58,-999.00,-999.00,19.00,-999.00,67.23,81.00,-999.00,-999.00,57.82,1.00,-999.00,-999.00,133.00,1.84,-999.00,-999.00,7.54,-999.00,-999.00,7.00,-999.00,8.00,-999,1.00,-999,27.28,-999.00,-999.00,247;248;250;1035;1822;2557,-999.00,1.83,-999.00,-999.00,-999.00,-999.00,-999.00,-999.00,-999.00,-999.00,-999.00,-999,-999.00,-999.00,-999.00,-999.00,-999.00,-999.00,-999.00
Rodentia,Bathyergidae,Cryptomys,foxi,cryptomys foxi,-999.00,-999.00,-999.00,-999.00,-999.00,-999.00,-999.00,-999.00,-999.00,-999.00,-999.00,-999.00,-999.00,-999.00,-999.00,-999.00,-999.00,-999.00,-999.00,-999.00,-999.00,-999.00,-999.00,-999.00,-999,-999.00,-999,-999.00,-999.00,-999.00,-999,-999.00,-999.00,-999.00,-999.00,46366.94,10.81,8.97,9.89,10.37,7.56,8.96,27,74.40,36.00,0.12,110.11,255.76,862.51,1602.96
Rodentia,Bathyergidae,Cryptomys,hottentotus,cryptomys hottentotus,2.00,75.13,-999.00,-999.00,18.50,-999.00,74.55,95.00,1.00,-999.00,84.99,2.00,1.455832e-03,1.582e-03,-999.00,2.48,2.00,-999.00,8.24,22.47,816.08,8.00,472.60,11.00,-999,1.00,1,32.07,24.77,-999.00,230;231;242;244;245;246;247;248;250;730;740;1075;1297;1573;1822;2052;2413;2557;2629;2655;2694;2695,-999.00,-999.00,-999.00,-999.00,3174641.70,-3.60,-34.83,-19.22,36.75,16.60,26.68,0,29.71,1.00,0.14,61.61,198.67,717.52,1354.06
Rodentia,Bathyergidae,Cryptomys,kafuensis,cryptomys kafuensis,-999.00,-999.00,-999.00,-999.00,-999.00,-999.00,-999.00,-999.00,-999.00,-999.00,-999.00,-999.00,-999.00,-999.00,-999.00,-999.00,-999.00,-999.00,-999.00,-999.00,-999.00,-999.00,-999.00,-999.00,-999,-999.00,-999,-999.00,-999.00,-999.00,-999,-999.00,-999.00,-999.00,-999.00,-999.00,-999.00,-999.00,-999.00,-999.00,-999.00,-999.00,-999,-999.00,-999.00,-999.00,-999.00,-999.00,-999.00,-999.00
Rodentia,Bathyergidae,Cryptomys,mechowi,cryptomys mechowi,-999.00,271.54,-999.00,-999.00,-999.00,-999.00,163.20,272.00,1.00,-999.00,104.00,1.00,-999.00,-999.00,112.00,2.60,-999.00,-999.00,18.77,-999.00,-999.00,12.00,-999.00,11.00,12,1.00,1,38.49,-999.00,-999.00,250;1822;2556;2557;2655;2961,-999.00,2.00,-999.00,-999.00,1436768.44,-8.02,-16.15,-12.09,35.51,12.33,23.92,1,16.27,2.00,0.19,98.05,214.66,889.09,1439.86
Rodentia,Bathyergidae,Cryptomys,ochraceocinereus,cryptomys ochraceocinereus,-999.00,200.00,-999.00,-999.00,-999.00,-999.00,-999.00,-999.00,-999.00,-999.00,-999.00,-999.00,-999.00,-999.00,-999.00,3.00,2.00,-999.00,-999.00,-999.00,-999.00,-999.00,-999.00,-999.00,-999,-999.00,-999,-999.00,-999.00,-999.00,1297;2655,-999.00,-999.00,-999.00,-999.00,1268391.62,8.73,0.67,4.70,34.07,8.78,21.42,0,17.56,0.00,0.07,122.93,243.60,1192.73,1612.08
Rodentia,Bathyergidae,Cryptomys,zechi,cryptomys zechi,-999.00,-999.00,-999.00,-999.00,-999.00,-999.00,-999.00,-999.00,-999.00,-999.00,-999.00,-999.00,-999.00,-999.00,-999.00,-999.00,-999.00,-999.00,-999.00,-999.00,-999.00,-999.00,-999.00,-999.00,-999,-999.00,-999,-999.00,-999.00,-999.00,-999,-999.00,-999.00,-999.00,-999.00,52619.38,9.17,6.85,8.01,0.99,-1.33,-0.16,15,50.91,22.00,0.20,108.60,271.17,1239.31,1671.32
Carnivora,Eupleridae,Cryptoprocta,ferox,cryptoprocta ferox,2.00,9500.00,246.00,726.04,17.75,-999.00,-999.00,-999.00,2.00,521.26,92.54,3.00,0.75,0.90,-999.00,2.98,1.00,240.00,99.96,-999.00,0.88,1.00,1262.74,-999.00,6,2.00,3,136.10,5251.93,-999.00,543;730;817;1045;1048;1113;1291;1297;1687;1740;2151;2655;2932;3053,-999.00,-999.00,-999.00,-999.00,214312.12,-12.31,-25.60,-18.96,50.48,43.22,46.85,2,24.10,3.00,0.19,125.27,221.98,1097.77,1614.19
Soricomorpha,Soricidae,Cryptotis,alticola,cryptotis alticola,-999.00,-999.00,-999.00,-999.00,-999.00,-999.00,-999.00,-999.00,-999.00,-999.00,-999.00,-999.00,-999.00,-999.00,-999.00,-999.00,-999.00,-999.00,-999.00,-999.00,-999.00,-999.00,-999.00,-999.00,-999,-999.00,-999,-999.00,-999.00,-999.00,-999,-999.00,-999.00,-999.00,-999.00,36737.67,19.84,18.73,19.29,-98.43,-104.18,-101.31,19,268.60,22.00,0.08,83.11,191.04,867.82,1386.43
Soricomorpha,Soricidae,Cryptotis,brachyonyx,cryptotis brachyonyx,-999.00,-999.00,-999.00,-999.00,-999.00,-999.00,-999.00,-999.00,-999.00,-999.00,-999.00,-999.00,-999.00,-999.00,-999.00,-999.00,-999.00,-999.00,-999.00,-999.00,-999.00,-999.00,-999.00,-999.00,-999,-999.00,-999,-999.00,-999.00,-999.00,-999,-999.00,-999.00,-999.00,-999.00,-999.00,-999.00,-999.00,-999.00,-999.00,-999.00,-999.00,-999,-999.00,-999.00,-999.00,-999.00,-999.00,-999.00,-999.00
Soricomorpha,Soricidae,Cryptotis,colombiana,cryptotis colombiana,-999.00,-999.00,-999.00,-999.00,-999.00,-999.00,-999.00,-999.00,-999.00,-999.00,-999.00,-999.00,-999.00,-999.00,-999.00,-999.00,-999.00,-999.00,-999.00,-999.00,-999.00,-999.00,-999.00,-999.00,-999,-999.00,-999,-999.00,-999.00,-999.00,-999,-999.00,-999.00,-999.00,-999.00,-999.00,-999.00,-999.00,-999.00,-999.00,-999.00,-999.00,-999,-999.00,-999.00,-999.00,-999.00,-999.00,-999.00,-999.00
Soricomorpha,Soricidae,Cryptotis,endersi,cryptotis endersi,-999.00,-999.00,-999.00,-999.00,-999.00,-999.00,-999.00,-999.00,-999.00,-999.00,-999.00,-999.00,-999.00,-999.00,-999.00,-999.00,-999.00,-999.00,-999.00,-999.00,-999.00,-999.00,-999.00,-999.00,-999,-999.00,-999,-999.00,-999.00,-999.00,-999,-999.00,-999.00,-999.00,-999.00,335.80,8.92,8.73,8.83,-82.07,-82.25,-82.16,18,18.00,18.00,0.00,270.00,350.00,-999.00,-999.00
Soricomorpha,Soricidae,Cryptotis,equatoris,cryptotis equatoris,-999.00,-999.00,-999.00,-999.00,-999.00,-999.00,-999.00,-999.00,-999.00,-999.00,-999.00,-999.00,-999.00,-999.00,-999.00,-999.00,-999.00,-999.00,-999.00,-999.00,-999.00,-999.00,-999.00,-999.00,-999,-999.00,-999,-999.00,-999.00,-999.00,-999,-999.00,-999.00,-999.00,-999.00,-999.00,-999.00,-999.00,-999.00,-999.00,-999.00,-999.00,-999,-999.00,-999.00,-999.00,-999.00,-999.00,-999.00,-999.00
Soricomorpha,Soricidae,Cryptotis,goldmani,cryptotis goldmani,-999.00,6.73,-999.00,-999.00,-999.00,-999.00,-999.00,-999.00,-999.00,-999.00,-999.00,-999.00,-999.00,-999.00,-999.00,-999.00,-999.00,-999.00,-999.00,-999.00,115.15,-999.00,-999.00,-999.00,-999,-999.00,-999,-999.00,-999.00,-999.00,730;2655,-999.00,-999.00,-999.00,-999.00,-999.00,-999.00,-999.00,-999.00,-999.00,-999.00,-999.00,-999,-999.00,-999.00,-999.00,-999.00,-999.00,-999.00,-999.00
Soricomorpha,Soricidae,Cryptotis,goodwini,cryptotis goodwini,-999.00,7.00,-999.00,94.91,-999.00,-999.00,-999.00,-999.00,-999.00,-999.00,-999.00,2.00,-999.00,-999.00,-999.00,-999.00,-999.00,-999.00,-999.00,-999.00,-999.00,-999.00,-999.00,-999.00,-999,1.00,-999,-999.00,-999.00,-999.00,612;1427;2655,-999.00,-999.00,-999.00,-999.00,52453.87,17.29,14.13,15.71,-89.00,-93.56,-91.28,10,108.69,12.00,0.11,118.43,211.31,1372.95,1666.25
Soricomorpha,Soricidae,Cryptotis,gracilis,cryptotis gracilis,-999.00,-999.00,-999.00,-999.00,-999.00,-999.00,-999.00,-999.00,-999.00,-999.00,-999.00,-999.00,-999.00,-999.00,-999.00,-999.00,-999.00,-999.00,-999.00,-999.00,-999.00,-999.00,-999.00,-999.00,-999,-999.00,-999,-999.00,-999.00,-999.00,-999,-999.00,-999.00,-999.00,-999.00,14725.54,10.52,8.64,9.58,-82.45,-84.87,-83.66,13,77.25,13.00,0.15,262.64,252.18,1370.20,1736.63
Soricomorpha,Soricidae,Cryptotis,griseoventris,cryptotis griseoventris,-999.00,-999.00,-999.00,-999.00,-999.00,-999.00,-999.00,-999.00,-999.00,-999.00,-999.00,-999.00,-999.00,-999.00,-999.00,-999.00,-999.00,-999.00,-999.00,-999.00,-999.00,-999.00,-999.00,-999.00,-999,-999.00,-999,-999.00,-999.00,-999.00,-999,-999.00,-999.00,-999.00,-999.00,-999.00,-999.00,-999.00,-999.00,-999.00,-999.00,-999.00,-999,-999.00,-999.00,-999.00,-999.00,-999.00,-999.00,-999.00
Soricomorpha,Soricidae,Cryptotis,hondurensis,cryptotis hondurensis,-999.00,-999.00,-999.00,-999.00,-999.00,-999.00,-999.00,-999.00,-999.00,-999.00,-999.00,-999.00,-999.00,-999.00,-999.00,-999.00,-999.00,-999.00,-999.00,-999.00,-999.00,-999.00,-999.00,-999.00,-999,-999.00,-999,-999.00,-999.00,-999.00,-999,-999.00,-999.00,-999.00,-999.00,2987.92,14.29,13.78,14.03,-86.82,-87.48,-87.15,36,105.20,36.00,0.15,82.00,210.50,1111.71,1542.50
Soricomorpha,Soricidae,Cryptotis,magna,cryptotis magna,-999.00,7.00,-999.00,84.99,-999.00,-999.00,-999.00,-999.00,-999.00,-999.00,-999.00,1.00,-999.00,-999.00,-999.00,2.99,-999.00,-999.00,-999.00,-999.00,-999.00,-999.00,-999.00,-999.00,-999,1.00,-999,-999.00,-999.00,-999.00,1297;2461;2655,-999.00,-999.00,-999.00,-999.00,10152.68,18.07,16.78,17.42,-95.87,-96.93,-96.40,12,52.26,12.00,0.02,105.55,184.72,1027.91,1567.42
Soricomorpha,Soricidae,Cryptotis,mayensis,cryptotis mayensis,-999.00,-999.00,-999.00,-999.00,-999.00,-999.00,-999.00,-999.00,-999.00,-999.00,-999.00,-999.00,-999.00,-999.00,-999.00,-999.00,-999.00,-999.00,-999.00,-999.00,-999.00,-999.00,-999.00,-999.00,-999,-999.00,-999,-999.00,-999.00,-999.00,-999,-999.00,-999.00,-999.00,-999.00,-999.00,-999.00,-999.00,-999.00,-999.00,-999.00,-999.00,-999,-999.00,-999.00,-999.00,-999.00,-999.00,-999.00,-999.00
Soricomorpha,Soricidae,Cryptotis,medellinia,cryptotis medellinia,-999.00,-999.00,-999.00,-999.00,-999.00,-999.00,-999.00,-999.00,-999.00,-999.00,-999.00,-999.00,-999.00,-999.00,-999.00,-999.00,-999.00,-999.00,-999.00,-999.00,-999.00,-999.00,-999.00,-999.00,-999,-999.00,-999,-999.00,-999.00,-999.00,-999,-999.00,-999.00,-999.00,-999.00,-999.00,-999.00,-999.00,-999.00,-999.00,-999.00,-999.00,-999,-999.00,-999.00,-999.00,-999.00,-999.00,-999.00,-999.00
Soricomorpha,Soricidae,Cryptotis,mera,cryptotis mera,-999.00,-999.00,-999.00,-999.00,-999.00,-999.00,-999.00,-999.00,-999.00,-999.00,-999.00,-999.00,-999.00,-999.00,-999.00,-999.00,-999.00,-999.00,-999.00,-999.00,-999.00,-999.00,-999.00,-999.00,-999,-999.00,-999,-999.00,-999.00,-999.00,-999,-999.00,-999.00,-999.00,-999.00,-999.00,-999.00,-999.00,-999.00,-999.00,-999.00,-999.00,-999,-999.00,-999.00,-999.00,-999.00,-999.00,-999.00,-999.00
Soricomorpha,Soricidae,Cryptotis,meridensis,cryptotis meridensis,-999.00,12.63,-999.00,-999.00,-999.00,-999.00,-999.00,-999.00,1.00,-999.00,-999.00,2.00,-999.00,-999.00,-999.00,-999.00,-999.00,-999.00,-999.00,-999.00,104.61,-999.00,-999.00,-999.00,-999,1.00,3,-999.00,-999.00,-999.00,794;858;2655,-999.00,-999.00,-999.00,-999.00,27050.11,10.84,7.08,8.96,-66.23,-73.44,-69.84,7,166.15,8.00,0.09,104.67,209.91,1385.50,1688.58
Soricomorpha,Soricidae,Cryptotis,merriami,cryptotis merriami,-999.00,-999.00,-999.00,-999.00,-999.00,-999.00,-999.00,-999.00,-999.00,-999.00,-999.00,-999.00,-999.00,-999.00,-999.00,-999.00,-999.00,-999.00,-999.00,-999.00,-999.00,-999.00,-999.00,-999.00,-999,-999.00,-999,-999.00,-999.00,-999.00,-999,-999.00,-999.00,-999.00,-999.00,-999.00,-999.00,-999.00,-999.00,-999.00,-999.00,-999.00,-999,-999.00,-999.00,-999.00,-999.00,-999.00,-999.00,-999.00
Soricomorpha,Soricidae,Cryptotis,mexicana,cryptotis mexicana,-999.00,7.00,-999.00,60.99,-999.00,-999.00,-999.00,-999.00,-999.00,-999.00,-999.00,1.00,-999.00,-999.00,-999.00,2.99,-999.00,-999.00,-999.00,-999.00,-999.00,-999.00,-999.00,-999.00,-999,1.00,-999,-999.00,-999.00,-999.00,194;611;1297;2655,-999.00,-999.00,-999.00,-999.00,68045.83,20.81,16.50,18.65,-92.56,-98.35,-95.45,6,74.74,13.50,0.06,114.70,209.74,1154.80,1526.62
Soricomorpha,Soricidae,Cryptotis,montivaga,cryptotis montivaga,2.00,11.29,-999.00,79.60,-999.00,-999.00,-999.00,-999.00,1.00,-999.00,-999.00,-999.00,-999.00,-999.00,-999.00,-999.00,-999.00,-999.00,-999.00,-999.00,-999.00,-999.00,-999.00,-999.00,-999,-999.00,3,-999.00,-999.00,-999.00,194;195;890;2655,-999.00,-999.00,-999.00,-999.00,25609.05,-2.21,-5.49,-3.85,-78.21,-79.79,-79.00,4,26.36,4.00,0.09,107.60,167.71,961.18,1396.84
Soricomorpha,Soricidae,Cryptotis,nelsoni,cryptotis nelsoni,-999.00,-999.00,-999.00,-999.00,-999.00,-999.00,-999.00,-999.00,-999.00,-999.00,-999.00,-999.00,-999.00,-999.00,-999.00,-999.00,-999.00,-999.00,-999.00,-999.00,-999.00,-999.00,-999.00,-999.00,-999,-999.00,-999,-999.00,-999.00,-999.00,-999,-999.00,-999.00,-999.00,-999.00,-999.00,-999.00,-999.00,-999.00,-999.00,-999.00,-999.00,-999,-999.00,-999.00,-999.00,-999.00,-999.00,-999.00,-999.00
Soricomorpha,Soricidae,Cryptotis,nigrescens,cryptotis nigrescens,-999.00,8.32,-999.00,-999.00,-999.00,-999.00,-999.00,-999.00,-999.00,-999.00,-999.00,-999.00,-999.00,-999.00,-999.00,-999.00,-999.00,-999.00,-999.00,-999.00,-999.00,-999.00,-999.00,-999.00,-999,-999.00,-999,-999.00,-999.00,-999.00,2655,-999.00,-999.00,-999.00,-999.00,-999.00,-999.00,-999.00,-999.00,-999.00,-999.00,-999.00,-999,-999.00,-999.00,-999.00,-999.00,-999.00,-999.00,-999.00
Soricomorpha,Soricidae,Cryptotis,obscura,cryptotis obscura,-999.00,-999.00,-999.00,-999.00,-999.00,-999.00,-999.00,-999.00,-999.00,-999.00,-999.00,-999.00,-999.00,-999.00,-999.00,-999.00,-999.00,-999.00,-999.00,-999.00,-999.00,-999.00,-999.00,-999.00,-999,-999.00,-999,-999.00,-999.00,-999.00,-999,-999.00,-999.00,-999.00,-999.00,-999.00,-999.00,-999.00,-999.00,-999.00,-999.00,-999.00,-999,-999.00,-999.00,-999.00,-999.00,-999.00,-999.00,-999.00
Soricomorpha,Soricidae,Cryptotis,orophila,cryptotis orophila,-999.00,-999.00,-999.00,-999.00,-999.00,-999.00,-999.00,-999.00,-999.00,-999.00,-999.00,-999.00,-999.00,-999.00,-999.00,-999.00,-999.00,-999.00,-999.00,-999.00,-999.00,-999.00,-999.00,-999.00,-999,-999.00,-999,-999.00,-999.00,-999.00,-999,-999.00,-999.00,-999.00,-999.00,-999.00,-999.00,-999.00,-999.00,-999.00,-999.00,-999.00,-999,-999.00,-999.00,-999.00,-999.00,-999.00,-999.00,-999.00
Soricomorpha,Soricidae,Cryptotis,parva,cryptotis parva,2.00,4.97,-999.00,67.99,14.00,-999.00,44.66,6.38,6.00,-999.00,21.99,1.00,1.442322e-03,1.724648e-03,-999.00,4.55,2.50,21.00,0.35,19.00,493.99,15.00,35.44,-999.00,6,1.00,2,20.34,-999.00,-999.00,34;194;626;665;698;889;916;1081;1297;1392;1756;1822;2043;2080;2277;2516;2655;2786;2819;3006,-999.00,-999.00,-999.00,-999.00,4102791.80,44.50,15.64,30.07,-71.62,-106.18,-88.90,0,66.35,1.00,0.05,78.58,153.07,827.65,1040.95
Soricomorpha,Soricidae,Cryptotis,peregrina,cryptotis peregrina,-999.00,-999.00,-999.00,-999.00,-999.00,-999.00,-999.00,-999.00,-999.00,-999.00,-999.00,-999.00,-999.00,-999.00,-999.00,-999.00,-999.00,-999.00,-999.00,-999.00,-999.00,-999.00,-999.00,-999.00,-999,-999.00,-999,-999.00,-999.00,-999.00,-999,-999.00,-999.00,-999.00,-999.00,-999.00,-999.00,-999.00,-999.00,-999.00,-999.00,-999.00,-999,-999.00,-999.00,-999.00,-999.00,-999.00,-999.00,-999.00
Soricomorpha,Soricidae,Cryptotis,peruviensis,cryptotis peruviensis,-999.00,-999.00,-999.00,-999.00,-999.00,-999.00,-999.00,-999.00,1.00,-999.00,-999.00,-999.00,-999.00,-999.00,-999.00,-999.00,-999.00,-999.00,-999.00,-999.00,-999.00,-999.00,-999.00,-999.00,-999,-999.00,3,-999.00,-999.00,-999.00,890,-999.00,-999.00,-999.00,-999.00,-999.00,-999.00,-999.00,-999.00,-999.00,-999.00,-999.00,-999,-999.00,-999.00,-999.00,-999.00,-999.00,-999.00,-999.00
Soricomorpha,Soricidae,Cryptotis,phillipsii,cryptotis phillipsii,-999.00,-999.00,-999.00,-999.00,-999.00,-999.00,-999.00,-999.00,-999.00,-999.00,-999.00,-999.00,-999.00,-999.00,-999.00,-999.00,-999.00,-999.00,-999.00,-999.00,-999.00,-999.00,-999.00,-999.00,-999,-999.00,-999,-999.00,-999.00,-999.00,-999,-999.00,-999.00,-999.00,-999.00,-999.00,-999.00,-999.00,-999.00,-999.00,-999.00,-999.00,-999,-999.00,-999.00,-999.00,-999.00,-999.00,-999.00,-999.00
Soricomorpha,Soricidae,Cryptotis,squamipes,cryptotis squamipes,-999.00,11.00,-999.00,-999.00,-999.00,-999.00,-999.00,-999.00,1.00,-999.00,-999.00,-999.00,-999.00,-999.00,-999.00,-999.00,-999.00,-999.00,-999.00,-999.00,-999.00,-999.00,-999.00,-999.00,-999,-999.00,3,-999.00,-999.00,-999.00,890;2655,-999.00,-999.00,-999.00,-999.00,18765.47,3.40,0.01,1.70,-76.35,-78.15,-77.25,11,90.61,11.00,0.13,171.50,182.69,1516.86,1626.76
Soricomorpha,Soricidae,Cryptotis,tamensis,cryptotis tamensis,-999.00,-999.00,-999.00,-999.00,-999.00,-999.00,-999.00,-999.00,-999.00,-999.00,-999.00,-999.00,-999.00,-999.00,-999.00,-999.00,-999.00,-999.00,-999.00,-999.00,-999.00,-999.00,-999.00,-999.00,-999,-999.00,-999,-999.00,-999.00,-999.00,-999,-999.00,-999.00,-999.00,-999.00,-999.00,-999.00,-999.00,-999.00,-999.00,-999.00,-999.00,-999,-999.00,-999.00,-999.00,-999.00,-999.00,-999.00,-999.00
Soricomorpha,Soricidae,Cryptotis,thomasi,cryptotis thomasi,-999.00,11.77,-999.00,-999.00,-999.00,-999.00,-999.00,-999.00,1.00,-999.00,-999.00,-999.00,-999.00,-999.00,-999.00,-999.00,-999.00,-999.00,-999.00,-999.00,-999.00,-999.00,-999.00,-999.00,-999,-999.00,3,-999.00,-999.00,-999.00,890;2655,-999.00,-999.00,-999.00,-999.00,32860.44,5.91,1.52,3.72,-72.23,-76.13,-74.18,2,104.36,3.00,0.08,101.78,190.96,1444.85,1495.88
Soricomorpha,Soricidae,Cryptotis,tropicalis,cryptotis tropicalis,-999.00,-999.00,-999.00,-999.00,-999.00,-999.00,-999.00,-999.00,-999.00,-999.00,-999.00,-999.00,-999.00,-999.00,-999.00,-999.00,-999.00,-999.00,-999.00,-999.00,-999.00,-999.00,-999.00,-999.00,-999,-999.00,-999,-999.00,-999.00,-999.00,-999,-999.00,-999.00,-999.00,-999.00,-999.00,-999.00,-999.00,-999.00,-999.00,-999.00,-999.00,-999,-999.00,-999.00,-999.00,-999.00,-999.00,-999.00,-999.00
Rodentia,Ctenodactylidae,Ctenodactylus,gundi,ctenodactylus gundi,-999.00,288.41,-999.00,208.00,-999.00,-999.00,-999.00,-999.00,-999.00,-999.00,65.96,-999.00,-999.00,-999.00,69.70,2.00,-999.00,-999.00,29.89,-999.00,-999.00,-999.00,169.03,-999.00,-999,-999.00,-999,-999.00,-999.00,-999.00,1091;1297;2655,-999.00,2.54,-999.00,-999.00,324162.50,35.56,31.18,33.37,10.96,-5.07,2.94,2,22.34,2.00,0.16,15.84,173.79,259.05,1084.16
Rodentia,Ctenodactylidae,Ctenodactylus,vali,ctenodactylus vali,3.00,173.60,-999.00,176.00,-999.00,-999.00,-999.00,-999.00,3.00,-999.00,59.13,-999.00,-999.00,-999.00,64.00,2.00,-999.00,60.00,17.90,-999.00,-999.00,-999.00,340.64,-999.00,-999,-999.00,1,-999.00,-999.00,-999.00,543;1091;1297;1810;2655,-999.00,2.65,-999.00,-999.00,269951.32,34.71,30.54,32.63,15.14,-3.07,6.03,1,12.70,1.00,0.13,12.22,187.88,206.34,1095.49
Rodentia,Ctenomyidae,Ctenomys,argentinus,ctenomys argentinus,-999.00,221.30,-999.00,-999.00,-999.00,-999.00,-999.00,-999.00,3.00,-999.00,-999.00,1.00,-999.00,-999.00,-999.00,-999.00,-999.00,-999.00,-999.00,-999.00,-999.00,-999.00,-999.00,-999.00,-999,1.00,1,-999.00,-999.00,-999.00,2151;2655,-999.00,-999.00,-999.00,-999.00,23664.72,-25.42,-27.43,-26.43,-58.27,-60.62,-59.44,2,10.66,2.00,0.07,92.69,214.23,1098.07,1187.41
Rodentia,Ctenomyidae,Ctenomys,australis,ctenomys australis,-999.00,403.32,-999.00,-999.00,-999.00,-999.00,-999.00,-999.00,3.00,-999.00,-999.00,2.00,-999.00,-999.00,-999.00,-999.00,-999.00,-999.00,-999.00,-999.00,-999.00,-999.00,-999.00,-999.00,-999,1.00,1,-999.00,-999.00,-999.00,890;2151;2655;2917,-999.00,-999.00,-999.00,-999.00,23805.63,-37.51,-39.01,-38.26,-57.38,-62.03,-59.70,4,28.50,4.00,0.05,61.85,139.34,690.05,868.48
Rodentia,Ctenomyidae,Ctenomys,azarae,ctenomys azarae,-999.00,400.00,-999.00,-999.00,-999.00,-999.00,-999.00,-999.00,3.00,-999.00,-999.00,1.00,-999.00,-999.00,-999.00,-999.00,-999.00,-999.00,-999.00,-999.00,-999.00,-999.00,-999.00,-999.00,-999,1.00,1,-999.00,-999.00,-999.00,2151;2655,-999.00,-999.00,-999.00,-999.00,7836.88,-36.75,-38.13,-37.44,-64.82,-65.49,-65.16,0,0.62,0.00,0.00,36.90,149.36,502.44,751.20
Rodentia,Ctenomyidae,Ctenomys,bergi,ctenomys bergi,-999.00,-999.00,-999.00,-999.00,-999.00,-999.00,-999.00,-999.00,-999.00,-999.00,-999.00,-999.00,-999.00,-999.00,-999.00,-999.00,-999.00,-999.00,-999.00,-999.00,-999.00,-999.00,-999.00,-999.00,-999,-999.00,-999,-999.00,-999.00,-999.00,-999,-999.00,-999.00,-999.00,-999.00,-999.00,-999.00,-999.00,-999.00,-999.00,-999.00,-999.00,-999,-999.00,-999.00,-999.00,-999.00,-999.00,-999.00,-999.00
Rodentia,Ctenomyidae,Ctenomys,boliviensis,ctenomys boliviensis,-999.00,462.60,-999.00,221.10,-999.00,-999.00,-999.00,-999.00,3.00,-999.00,-999.00,2.00,-999.00,-999.00,-999.00,-999.00,-999.00,-999.00,-999.00,-999.00,-999.00,-999.00,-999.00,-999.00,-999,1.00,1,-999.00,-999.00,-999.00,890;1779;2151;2655,-999.00,-999.00,-999.00,-999.00,70023.94,-17.55,-21.35,-19.45,-55.81,-57.96,-56.88,1,1.99,1.00,0.18,103.11,252.02,1283.12,1478.71
Rodentia,Ctenomyidae,Ctenomys,bonettoi,ctenomys bonettoi,-999.00,202.30,-999.00,-999.00,-999.00,-999.00,-999.00,-999.00,3.00,-999.00,-999.00,1.00,-999.00,-999.00,-999.00,-999.00,-999.00,-999.00,-999.00,-999.00,-999.00,-999.00,-999.00,-999.00,-999,1.00,1,-999.00,-999.00,-999.00,2151;2655,-999.00,-999.00,-999.00,-999.00,8251.77,-25.94,-27.53,-26.74,-59.29,-59.83,-59.56,1,13.64,1.00,0.04,93.97,212.82,1110.39,1211.92
Rodentia,Ctenomyidae,Ctenomys,brasiliensis,ctenomys brasiliensis,-999.00,-999.00,-999.00,-999.00,-999.00,-999.00,-999.00,-999.00,-999.00,-999.00,-999.00,-999.00,-999.00,-999.00,-999.00,-999.00,-999.00,-999.00,-999.00,-999.00,-999.00,-999.00,-999.00,-999.00,-999,-999.00,-999,-999.00,-999.00,-999.00,-999,-999.00,-999.00,-999.00,-999.00,-999.00,-999.00,-999.00,-999.00,-999.00,-999.00,-999.00,-999,-999.00,-999.00,-999.00,-999.00,-999.00,-999.00,-999.00
Rodentia,Ctenomyidae,Ctenomys,budini,ctenomys budini,-999.00,-999.00,-999.00,-999.00,-999.00,-999.00,-999.00,-999.00,-999.00,-999.00,-999.00,-999.00,-999.00,-999.00,-999.00,-999.00,-999.00,-999.00,-999.00,-999.00,-999.00,-999.00,-999.00,-999.00,-999,-999.00,-999,-999.00,-999.00,-999.00,-999,-999.00,-999.00,-999.00,-999.00,-999.00,-999.00,-999.00,-999.00,-999.00,-999.00,-999.00,-999,-999.00,-999.00,-999.00,-999.00,-999.00,-999.00,-999.00
Rodentia,Ctenomyidae,Ctenomys,colburni,ctenomys colburni,-999.00,400.00,-999.00,-999.00,-999.00,-999.00,-999.00,-999.00,3.00,-999.00,-999.00,1.00,-999.00,-999.00,-999.00,-999.00,-999.00,-999.00,-999.00,-999.00,-999.00,-999.00,-999.00,-999.00,-999,1.00,1,-999.00,-999.00,-999.00,2151;2655,-999.00,-999.00,-999.00,-999.00,22326.04,-47.31,-50.94,-49.13,-70.69,-71.75,-71.22,0,0.25,0.00,1.00,12.88,47.41,309.40,406.47
Rodentia,Ctenomyidae,Ctenomys,coludo,ctenomys coludo,-999.00,-999.00,-999.00,-999.00,-999.00,-999.00,-999.00,-999.00,3.00,-999.00,-999.00,1.00,-999.00,-999.00,-999.00,-999.00,-999.00,-999.00,-999.00,-999.00,-999.00,-999.00,-999.00,-999.00,-999,1.00,1,-999.00,-999.00,-999.00,2151,-999.00,-999.00,-999.00,-999.00,-999.00,-999.00,-999.00,-999.00,-999.00,-999.00,-999.00,-999,-999.00,-999.00,-999.00,-999.00,-999.00,-999.00,-999.00
Rodentia,Ctenomyidae,Ctenomys,conoveri,ctenomys conoveri,-999.00,859.99,-999.00,258.50,-999.00,-999.00,-999.00,-999.00,3.00,-999.00,-999.00,2.00,-999.00,-999.00,-999.00,-999.00,-999.00,-999.00,-999.00,-999.00,-999.00,-999.00,-999.00,-999.00,-999,1.00,1,-999.00,-999.00,-999.00,890;1779;2151;2655,-999.00,-999.00,-999.00,-999.00,78001.32,-19.87,-22.64,-21.26,-60.26,-63.73,-62.00,0,1.27,0.00,0.13,73.89,231.19,794.98,1330.94
Rodentia,Ctenomyidae,Ctenomys,coyhaiquensis,ctenomys coyhaiquensis,-999.00,-999.00,-999.00,-999.00,-999.00,-999.00,-999.00,-999.00,-999.00,-999.00,-999.00,-999.00,-999.00,-999.00,-999.00,-999.00,-999.00,-999.00,-999.00,-999.00,-999.00,-999.00,-999.00,-999.00,-999,-999.00,-999,-999.00,-999.00,-999.00,-999,-999.00,-999.00,-999.00,-999.00,-999.00,-999.00,-999.00,-999.00,-999.00,-999.00,-999.00,-999,-999.00,-999.00,-999.00,-999.00,-999.00,-999.00,-999.00
Rodentia,Ctenomyidae,Ctenomys,dorbignyi,ctenomys dorbignyi,-999.00,-999.00,-999.00,-999.00,-999.00,-999.00,-999.00,-999.00,3.00,-999.00,-999.00,1.00,-999.00,-999.00,-999.00,-999.00,-999.00,-999.00,-999.00,-999.00,-999.00,-999.00,-999.00,-999.00,-999,1.00,1,-999.00,-999.00,-999.00,2151,-999.00,-999.00,-999.00,-999.00,-999.00,-999.00,-999.00,-999.00,-999.00,-999.00,-999.00,-999,-999.00,-999.00,-999.00,-999.00,-999.00,-999.00,-999.00
Rodentia,Ctenomyidae,Ctenomys,dorsalis,ctenomys dorsalis,-999.00,165.60,-999.00,200.00,-999.00,-999.00,-999.00,-999.00,3.00,-999.00,-999.00,1.00,-999.00,-999.00,-999.00,-999.00,-999.00,-999.00,-999.00,-999.00,-999.00,-999.00,-999.00,-999.00,-999,1.00,1,-999.00,-999.00,-999.00,1779;2151;2655,-999.00,-999.00,-999.00,-999.00,11182.33,-20.43,-22.21,-21.32,-60.59,-61.55,-61.07,0,0.19,0.00,0.00,67.11,250.60,764.49,1164.07
Rodentia,Ctenomyidae,Ctenomys,emilianus,ctenomys emilianus,-999.00,285.29,-999.00,-999.00,-999.00,-999.00,-999.00,-999.00,3.00,-999.00,-999.00,1.00,-999.00,-999.00,-999.00,-999.00,-999.00,-999.00,-999.00,-999.00,-999.00,-999.00,-999.00,-999.00,-999,1.00,1,-999.00,-999.00,-999.00,2151;2655,-999.00,-999.00,-999.00,-999.00,9676.88,-36.66,-38.35,-37.51,-69.84,-70.79,-70.32,1,1.30,1.00,0.05,20.64,66.13,418.34,927.26
Rodentia,Ctenomyidae,Ctenomys,famosus,ctenomys famosus,-999.00,-999.00,-999.00,-999.00,-999.00,-999.00,-999.00,-999.00,3.00,-999.00,-999.00,1.00,-999.00,-999.00,-999.00,-999.00,-999.00,-999.00,-999.00,-999.00,-999.00,-999.00,-999.00,-999.00,-999,1.00,1,-999.00,-999.00,-999.00,2151,-999.00,-999.00,-999.00,-999.00,-999.00,-999.00,-999.00,-999.00,-999.00,-999.00,-999.00,-999,-999.00,-999.00,-999.00,-999.00,-999.00,-999.00,-999.00
Rodentia,Ctenomyidae,Ctenomys,flamarioni,ctenomys flamarioni,-999.00,-999.00,-999.00,-999.00,-999.00,-999.00,-999.00,-999.00,3.00,-999.00,-999.00,1.00,-999.00,-999.00,-999.00,-999.00,-999.00,-999.00,-999.00,-999.00,-999.00,-999.00,-999.00,-999.00,-999,1.00,1,-999.00,-999.00,-999.00,2151,-999.00,-999.00,-999.00,-999.00,-999.00,-999.00,-999.00,-999.00,-999.00,-999.00,-999.00,-999,-999.00,-999.00,-999.00,-999.00,-999.00,-999.00,-999.00
Rodentia,Ctenomyidae,Ctenomys,fochi,ctenomys fochi,-999.00,-999.00,-999.00,-999.00,-999.00,-999.00,-999.00,-999.00,-999.00,-999.00,-999.00,-999.00,-999.00,-999.00,-999.00,-999.00,-999.00,-999.00,-999.00,-999.00,-999.00,-999.00,-999.00,-999.00,-999,-999.00,-999,-999.00,-999.00,-999.00,-999,-999.00,-999.00,-999.00,-999.00,-999.00,-999.00,-999.00,-999.00,-999.00,-999.00,-999.00,-999,-999.00,-999.00,-999.00,-999.00,-999.00,-999.00,-999.00
Rodentia,Ctenomyidae,Ctenomys,fodax,ctenomys fodax,-999.00,-999.00,-999.00,-999.00,-999.00,-999.00,-999.00,-999.00,-999.00,-999.00,-999.00,-999.00,-999.00,-999.00,-999.00,-999.00,-999.00,-999.00,-999.00,-999.00,-999.00,-999.00,-999.00,-999.00,-999,-999.00,-999,-999.00,-999.00,-999.00,-999,-999.00,-999.00,-999.00,-999.00,-999.00,-999.00,-999.00,-999.00,-999.00,-999.00,-999.00,-999,-999.00,-999.00,-999.00,-999.00,-999.00,-999.00,-999.00
Rodentia,Ctenomyidae,Ctenomys,frater,ctenomys frater,-999.00,172.90,-999.00,188.30,-999.00,-999.00,-999.00,-999.00,3.00,-999.00,-999.00,2.00,-999.00,-999.00,-999.00,-999.00,-999.00,-999.00,-999.00,-999.00,-999.00,-999.00,-999.00,-999.00,-999,1.00,1,-999.00,-999.00,-999.00,890;1779;2151;2655,-999.00,-999.00,-999.00,-999.00,5398.92,-19.22,-19.95,-19.59,-65.25,-66.07,-65.66,7,21.68,7.00,0.13,50.50,47.18,491.89,1264.84
Rodentia,Ctenomyidae,Ctenomys,fulvus,ctenomys fulvus,-999.00,279.88,-999.00,-999.00,-999.00,-999.00,189.00,300.00,3.00,-999.00,-999.00,2.00,-999.00,-999.00,-999.00,-999.00,-999.00,-999.00,-999.00,-999.00,-999.00,-999.00,-999.00,-999.00,-999,1.00,1,-999.00,-999.00,-999.00,890;1822;2151;2655,-999.00,-999.00,-999.00,-999.00,-999.00,-999.00,-999.00,-999.00,-999.00,-999.00,-999.00,-999,-999.00,-999.00,-999.00,-999.00,-999.00,-999.00,-999.00
Rodentia,Ctenomyidae,Ctenomys,goodfellowi,ctenomys goodfellowi,-999.00,-999.00,-999.00,-999.00,-999.00,-999.00,-999.00,-999.00,-999.00,-999.00,-999.00,-999.00,-999.00,-999.00,-999.00,-999.00,-999.00,-999.00,-999.00,-999.00,-999.00,-999.00,-999.00,-999.00,-999,-999.00,-999,-999.00,-999.00,-999.00,-999,-999.00,-999.00,-999.00,-999.00,21761.32,-15.76,-18.09,-16.93,-61.29,-63.06,-62.17,1,7.14,1.00,0.29,87.28,235.24,1194.48,1383.71
Rodentia,Ctenomyidae,Ctenomys,haigi,ctenomys haigi,-999.00,164.00,-999.00,173.49,-999.00,-999.00,-999.00,-999.00,-999.00,-999.00,-999.00,2.00,3.29744e-05,2.59929e-05,-999.00,-999.00,-999.00,-999.00,-999.00,-999.00,-999.00,-999.00,-999.00,1.00,-999,1.00,-999,-999.00,-999.00,-999.00,890;1717;1779;2655,-999.00,-999.00,-999.00,-999.00,25958.86,-39.61,-43.17,-41.39,-69.61,-71.72,-70.67,0,2.65,0.00,0.12,40.32,69.47,456.83,715.96
Rodentia,Ctenomyidae,Ctenomys,johannis,ctenomys johannis,-999.00,-999.00,-999.00,-999.00,-999.00,-999.00,-999.00,-999.00,3.00,-999.00,-999.00,1.00,-999.00,-999.00,-999.00,-999.00,-999.00,-999.00,-999.00,-999.00,-999.00,-999.00,-999.00,-999.00,-999,1.00,1,-999.00,-999.00,-999.00,2151,-999.00,-999.00,-999.00,-999.00,-999.00,-999.00,-999.00,-999.00,-999.00,-999.00,-999.00,-999,-999.00,-999.00,-999.00,-999.00,-999.00,-999.00,-999.00
Rodentia,Ctenomyidae,Ctenomys,juris,ctenomys juris,-999.00,-999.00,-999.00,-999.00,-999.00,-999.00,-999.00,-999.00,-999.00,-999.00,-999.00,-999.00,-999.00,-999.00,-999.00,-999.00,-999.00,-999.00,-999.00,-999.00,-999.00,-999.00,-999.00,-999.00,-999,-999.00,-999,-999.00,-999.00,-999.00,-999,-999.00,-999.00,-999.00,-999.00,-999.00,-999.00,-999.00,-999.00,-999.00,-999.00,-999.00,-999,-999.00,-999.00,-999.00,-999.00,-999.00,-999.00,-999.00
Rodentia,Ctenomyidae,Ctenomys,knighti,ctenomys knighti,-999.00,316.00,-999.00,-999.00,-999.00,-999.00,-999.00,-999.00,3.00,-999.00,-999.00,1.00,-999.00,-999.00,-999.00,-999.00,-999.00,-999.00,-999.00,-999.00,-999.00,-999.00,-999.00,-999.00,-999,1.00,1,-999.00,-999.00,-999.00,2151;2655,-999.00,-999.00,-999.00,-999.00,20864.38,-25.96,-29.02,-27.49,-65.37,-67.22,-66.30,1,19.78,1.00,0.08,47.45,108.48,515.88,1198.36
Rodentia,Ctenomyidae,Ctenomys,lami,ctenomys lami,-999.00,-999.00,-999.00,-999.00,-999.00,-999.00,-999.00,-999.00,-999.00,-999.00,-999.00,-999.00,-999.00,-999.00,-999.00,-999.00,-999.00,-999.00,-999.00,-999.00,-999.00,-999.00,-999.00,-999.00,-999,-999.00,-999,-999.00,-999.00,-999.00,-999,-999.00,-999.00,-999.00,-999.00,-999.00,-999.00,-999.00,-999.00,-999.00,-999.00,-999.00,-999,-999.00,-999.00,-999.00,-999.00,-999.00,-999.00,-999.00
Rodentia,Ctenomyidae,Ctenomys,latro,ctenomys latro,-999.00,192.00,-999.00,-999.00,-999.00,-999.00,-999.00,-999.00,3.00,-999.00,-999.00,1.00,-999.00,-999.00,-999.00,-999.00,-999.00,-999.00,-999.00,-999.00,-999.00,-999.00,-999.00,-999.00,-999,1.00,1,-999.00,-999.00,-999.00,890;2151;2655,-999.00,-999.00,-999.00,-999.00,19561.91,-24.98,-26.87,-25.92,-64.17,-65.92,-65.05,2,28.14,2.00,0.12,62.72,144.36,706.05,1260.38
Rodentia,Ctenomyidae,Ctenomys,leucodon,ctenomys leucodon,-999.00,243.60,-999.00,-999.00,-999.00,-999.00,-999.00,-999.00,3.00,-999.00,-999.00,2.00,-999.00,-999.00,-999.00,-999.00,-999.00,-999.00,-999.00,-999.00,-999.00,-999.00,-999.00,-999.00,-999,1.00,1,-999.00,-999.00,-999.00,890;2151;2655,-999.00,-999.00,-999.00,-999.00,52340.92,-14.80,-17.05,-15.92,-67.79,-71.01,-69.40,3,30.92,4.00,0.06,72.39,69.30,835.96,1206.02
Rodentia,Ctenomyidae,Ctenomys,lewisi,ctenomys lewisi,-999.00,117.20,-999.00,177.50,-999.00,-999.00,-999.00,-999.00,3.00,-999.00,-999.00,3.00,-999.00,-999.00,-999.00,-999.00,-999.00,-999.00,-999.00,-999.00,-999.00,-999.00,-999.00,-999.00,-999,1.00,1,-999.00,-999.00,-999.00,890;1779;2151;2655,-999.00,-999.00,-999.00,-999.00,8824.32,-21.00,-22.09,-21.55,-64.64,-65.50,-65.07,6,12.57,6.00,0.15,43.13,103.48,659.00,1513.16
Rodentia,Ctenomyidae,Ctenomys,magellanicus,ctenomys magellanicus,-999.00,271.44,-999.00,216.00,-999.00,-999.00,-999.00,-999.00,3.00,-999.00,-999.00,2.00,-999.00,-999.00,-999.00,-999.00,-999.00,-999.00,-999.00,-999.00,-999.00,-999.00,-999.00,-999.00,-999,1.00,1,-999.00,-999.00,-999.00,890;1473;1779;2151;2655,-999.00,-999.00,-999.00,-999.00,106225.77,-43.69,-54.24,-48.96,-65.21,-73.37,-69.29,0,1.30,0.00,0.26,49.16,47.17,362.48,462.54
Rodentia,Ctenomyidae,Ctenomys,maulinus,ctenomys maulinus,-999.00,215.00,-999.00,-999.00,-999.00,-999.00,187.05,215.00,3.00,-999.00,-999.00,2.00,-999.00,-999.00,-999.00,-999.00,-999.00,-999.00,-999.00,-999.00,-999.00,-999.00,-999.00,-999.00,-999,1.00,1,-999.00,-999.00,-999.00,230;890;1822;2151;2655,-999.00,-999.00,-999.00,-999.00,51536.00,-35.04,-41.51,-38.28,-70.41,-72.40,-71.40,1,15.09,1.00,0.08,60.56,61.08,610.08,944.03
Rodentia,Ctenomyidae,Ctenomys,mendocinus,ctenomys mendocinus,-999.00,178.44,-999.00,-999.00,-999.00,-999.00,-999.00,-999.00,3.00,-999.00,-999.00,1.00,-999.00,-999.00,-999.00,-999.00,-999.00,-999.00,-999.00,-999.00,-999.00,-999.00,-999.00,-999.00,-999,1.00,1,-999.00,-999.00,-999.00,230;2151;2655,-999.00,-999.00,-999.00,-999.00,-999.00,-999.00,-999.00,-999.00,-999.00,-999.00,-999.00,-999,-999.00,-999.00,-999.00,-999.00,-999.00,-999.00,-999.00
Rodentia,Ctenomyidae,Ctenomys,minutus,ctenomys minutus,-999.00,92.00,-999.00,156.99,-999.00,-999.00,-999.00,-999.00,3.00,-999.00,-999.00,2.00,-999.00,-999.00,-999.00,-999.00,-999.00,-999.00,-999.00,-999.00,-999.00,-999.00,-999.00,-999.00,-999,1.00,1,-999.00,-999.00,-999.00,890;1779;2151;2655,-999.00,-999.00,-999.00,-999.00,108713.49,-16.51,-19.64,-18.08,-55.42,-59.90,-57.66,0,1.45,0.00,0.12,111.66,256.40,1242.85,1451.69
Rodentia,Ctenomyidae,Ctenomys,occultus,ctenomys occultus,-999.00,150.00,-999.00,-999.00,-999.00,-999.00,-999.00,-999.00,3.00,-999.00,-999.00,1.00,-999.00,-999.00,-999.00,-999.00,-999.00,-999.00,-999.00,-999.00,-999.00,-999.00,-999.00,-999.00,-999,1.00,1,-999.00,-999.00,-999.00,2151;2655,-999.00,-999.00,-999.00,-999.00,4611.74,-26.90,-27.74,-27.32,-65.02,-65.79,-65.40,9,65.85,9.00,0.08,66.07,144.86,778.29,1244.83
Rodentia,Ctenomyidae,Ctenomys,opimus,ctenomys opimus,3.00,327.05,-999.00,213.29,-999.00,-999.00,-999.00,-999.00,3.00,-999.00,60.83,2.00,-999.00,-999.00,-999.00,2.00,1.00,-999.00,-999.00,-999.00,233.87,-999.00,365.00,-999.00,-999,1.00,1,-999.00,-999.00,-999.00,730;740;890;1297;1779;2151;2655,-999.00,-999.00,-999.00,-999.00,344662.55,-15.40,-26.55,-20.97,-65.20,-71.24,-68.22,0,12.56,0.00,0.06,39.30,16.06,454.77,1234.76
Rodentia,Ctenomyidae,Ctenomys,osvaldoreigi,ctenomys osvaldoreigi,-999.00,-999.00,-999.00,-999.00,-999.00,-999.00,-999.00,-999.00,-999.00,-999.00,-999.00,-999.00,-999.00,-999.00,-999.00,-999.00,-999.00,-999.00,-999.00,-999.00,-999.00,-999.00,-999.00,-999.00,-999,-999.00,-999,-999.00,-999.00,-999.00,-999,-999.00,-999.00,-999.00,-999.00,-999.00,-999.00,-999.00,-999.00,-999.00,-999.00,-999.00,-999,-999.00,-999.00,-999.00,-999.00,-999.00,-999.00,-999.00
Rodentia,Ctenomyidae,Ctenomys,pearsoni,ctenomys pearsoni,-999.00,212.00,-999.00,-999.00,-999.00,-999.00,-999.00,-999.00,3.00,-999.00,-999.00,1.00,-999.00,-999.00,-999.00,-999.00,-999.00,-999.00,-999.00,-999.00,-999.00,-999.00,-999.00,-999.00,-999,1.00,1,-999.00,-999.00,-999.00,890;2151;2655,-999.00,-999.00,-999.00,-999.00,46304.08,-33.01,-34.97,-33.99,-53.41,-58.43,-55.92,3,45.05,7.00,0.06,84.60,159.25,916.64,1101.93
Rodentia,Ctenomyidae,Ctenomys,perrensi,ctenomys perrensi,-999.00,400.00,-999.00,-999.00,-999.00,-999.00,-999.00,-999.00,3.00,-999.00,-999.00,1.00,-999.00,-999.00,-999.00,-999.00,-999.00,-999.00,-999.00,-999.00,-999.00,-999.00,-999.00,-999.00,-999,1.00,1,-999.00,-999.00,-999.00,2151;2655,-999.00,-999.00,-999.00,-999.00,77423.01,-26.00,-32.36,-29.18,-53.77,-59.04,-56.40,3,16.62,3.00,0.08,122.04,197.29,1140.14,1221.75
Rodentia,Ctenomyidae,Ctenomys,peruanus,ctenomys peruanus,-999.00,488.36,-999.00,238.00,-999.00,-999.00,220.50,490.00,3.00,-999.00,120.83,2.00,-999.00,-999.00,-999.00,3.00,1.00,-999.00,-999.00,-999.00,3720.24,-999.00,365.00,-999.00,-999,1.00,1,-999.00,-999.00,-999.00,730;890;1297;1779;1822;2151;2655,-999.00,-999.00,-999.00,-999.00,55816.24,-13.90,-17.76,-15.83,-69.13,-70.95,-70.04,3,18.21,4.00,0.07,125.29,52.15,809.61,1226.03
Rodentia,Ctenomyidae,Ctenomys,pilarensis,ctenomys pilarensis,-999.00,-999.00,-999.00,-999.00,-999.00,-999.00,-999.00,-999.00,-999.00,-999.00,-999.00,-999.00,-999.00,-999.00,-999.00,-999.00,-999.00,-999.00,-999.00,-999.00,-999.00,-999.00,-999.00,-999.00,-999,-999.00,-999,-999.00,-999.00,-999.00,-999,-999.00,-999.00,-999.00,-999.00,-999.00,-999.00,-999.00,-999.00,-999.00,-999.00,-999.00,-999,-999.00,-999.00,-999.00,-999.00,-999.00,-999.00,-999.00
Rodentia,Ctenomyidae,Ctenomys,pontifex,ctenomys pontifex,-999.00,400.00,-999.00,-999.00,-999.00,-999.00,-999.00,-999.00,3.00,-999.00,-999.00,1.00,-999.00,-999.00,-999.00,-999.00,-999.00,-999.00,-999.00,-999.00,-999.00,-999.00,-999.00,-999.00,-999,1.00,1,-999.00,-999.00,-999.00,2151;2655,-999.00,-999.00,-999.00,-999.00,30540.40,-32.41,-35.07,-33.74,-68.01,-69.50,-68.76,2,22.35,2.00,0.08,25.84,95.21,335.40,1023.00
Rodentia,Ctenomyidae,Ctenomys,porteousi,ctenomys porteousi,-999.00,192.40,-999.00,-999.00,-999.00,-999.00,-999.00,-999.00,3.00,-999.00,-999.00,1.00,-999.00,-999.00,-999.00,-999.00,-999.00,-999.00,-999.00,-999.00,-999.00,-999.00,-999.00,-999.00,-999,1.00,1,-999.00,-999.00,-999.00,2151;2655,-999.00,-999.00,-999.00,-999.00,46290.24,-36.29,-38.01,-37.15,-60.86,-64.32,-62.59,2,5.07,2.00,0.07,62.88,145.79,679.00,919.57
Rodentia,Ctenomyidae,Ctenomys,pundti,ctenomys pundti,-999.00,-999.00,-999.00,-999.00,-999.00,-999.00,-999.00,-999.00,-999.00,-999.00,-999.00,-999.00,-999.00,-999.00,-999.00,-999.00,-999.00,-999.00,-999.00,-999.00,-999.00,-999.00,-999.00,-999.00,-999,-999.00,-999,-999.00,-999.00,-999.00,-999,-999.00,-999.00,-999.00,-999.00,-999.00,-999.00,-999.00,-999.00,-999.00,-999.00,-999.00,-999,-999.00,-999.00,-999.00,-999.00,-999.00,-999.00,-999.00
Rodentia,Ctenomyidae,Ctenomys,rionegrensis,ctenomys rionegrensis,-999.00,-999.00,-999.00,-999.00,-999.00,-999.00,-999.00,-999.00,3.00,-999.00,-999.00,1.00,-999.00,-999.00,-999.00,-999.00,-999.00,-999.00,-999.00,-999.00,-999.00,-999.00,-999.00,-999.00,-999,1.00,1,-999.00,-999.00,-999.00,2151,-999.00,-999.00,-999.00,-999.00,24759.25,-31.07,-34.19,-32.63,-57.69,-59.43,-58.56,6,35.05,6.50,0.03,89.03,174.28,970.13,1130.67
Rodentia,Ctenomyidae,Ctenomys,roigi,ctenomys roigi,-999.00,-999.00,-999.00,-999.00,-999.00,-999.00,-999.00,-999.00,-999.00,-999.00,-999.00,-999.00,-999.00,-999.00,-999.00,-999.00,-999.00,-999.00,-999.00,-999.00,-999.00,-999.00,-999.00,-999.00,-999,-999.00,-999,-999.00,-999.00,-999.00,-999,-999.00,-999.00,-999.00,-999.00,-999.00,-999.00,-999.00,-999.00,-999.00,-999.00,-999.00,-999,-999.00,-999.00,-999.00,-999.00,-999.00,-999.00,-999.00
Rodentia,Ctenomyidae,Ctenomys,saltarius,ctenomys saltarius,-999.00,230.00,-999.00,-999.00,-999.00,-999.00,-999.00,-999.00,3.00,-999.00,-999.00,1.00,-999.00,-999.00,-999.00,-999.00,-999.00,-999.00,-999.00,-999.00,-999.00,-999.00,-999.00,-999.00,-999,1.00,1,-999.00,-999.00,-999.00,890;2151;2655,-999.00,-999.00,-999.00,-999.00,54806.90,-22.90,-26.16,-24.53,-64.19,-66.70,-65.44,0,13.59,0.00,0.13,55.35,54.08,679.61,1320.07
Rodentia,Ctenomyidae,Ctenomys,scagliai,ctenomys scagliai,-999.00,-999.00,-999.00,-999.00,-999.00,-999.00,-999.00,-999.00,-999.00,-999.00,-999.00,-999.00,-999.00,-999.00,-999.00,-999.00,-999.00,-999.00,-999.00,-999.00,-999.00,-999.00,-999.00,-999.00,-999,-999.00,-999,-999.00,-999.00,-999.00,-999,-999.00,-999.00,-999.00,-999.00,-999.00,-999.00,-999.00,-999.00,-999.00,-999.00,-999.00,-999,-999.00,-999.00,-999.00,-999.00,-999.00,-999.00,-999.00
Rodentia,Ctenomyidae,Ctenomys,sericeus,ctenomys sericeus,-999.00,400.00,-999.00,-999.00,-999.00,-999.00,-999.00,-999.00,3.00,-999.00,-999.00,1.00,-999.00,-999.00,-999.00,-999.00,-999.00,-999.00,-999.00,-999.00,-999.00,-999.00,-999.00,-999.00,-999,1.00,1,-999.00,-999.00,-999.00,2151;2655,-999.00,-999.00,-999.00,-999.00,237955.24,-40.23,-48.99,-44.61,-64.84,-71.81,-68.33,0,1.51,0.00,0.07,11.71,95.26,239.79,561.42
Rodentia,Ctenomyidae,Ctenomys,sociabilis,ctenomys sociabilis,-999.00,400.00,-999.00,-999.00,-999.00,-999.00,-999.00,-999.00,-999.00,-999.00,-999.00,-999.00,-999.00,-999.00,-999.00,-999.00,-999.00,-999.00,-999.00,-999.00,-999.00,-999.00,-999.00,-999.00,-999,-999.00,-999,-999.00,-999.00,-999.00,2655,-999.00,-999.00,-999.00,-999.00,1976.67,-40.35,-41.30,-40.82,-70.78,-71.11,-70.95,0,3.49,0.00,0.08,60.81,62.04,639.56,867.27
Rodentia,Ctenomyidae,Ctenomys,steinbachi,ctenomys steinbachi,-999.00,384.99,-999.00,196.60,-999.00,-999.00,-999.00,-999.00,3.00,-999.00,-999.00,2.00,-999.00,-999.00,-999.00,-999.00,-999.00,-999.00,-999.00,-999.00,-999.00,-999.00,-999.00,-999.00,-999,1.00,1,-999.00,-999.00,-999.00,890;1779;2151;2655,-999.00,-999.00,-999.00,-999.00,19311.11,-16.22,-18.34,-17.28,-62.48,-64.14,-63.31,1,26.09,1.00,0.04,87.36,222.89,1268.70,1457.21
Rodentia,Ctenomyidae,Ctenomys,sylvanus,ctenomys sylvanus,-999.00,-999.00,-999.00,-999.00,-999.00,-999.00,-999.00,-999.00,-999.00,-999.00,-999.00,-999.00,-999.00,-999.00,-999.00,-999.00,-999.00,-999.00,-999.00,-999.00,-999.00,-999.00,-999.00,-999.00,-999,-999.00,-999,-999.00,-999.00,-999.00,-999,-999.00,-999.00,-999.00,-999.00,33278.04,-21.04,-23.69,-22.36,-63.07,-65.27,-64.17,3,8.31,3.00,0.13,71.94,153.37,856.38,1512.92
Rodentia,Ctenomyidae,Ctenomys,talarum,ctenomys talarum,1.00,140.84,-999.00,-999.00,2.50,-999.00,-999.00,-999.00,4.00,-999.00,102.67,1.00,2.0373e-05,1.87442e-05,-999.00,4.34,1.50,36.00,8.00,-999.00,5187.48,-999.00,213.20,1.00,-999,1.00,1,34.80,-999.00,-999.00,230;245;512;543;740;890;1297;1627;1849;1865;1866;1867;2151;2414;2655;2917,-999.00,-999.00,-999.00,-999.00,216393.60,-34.86,-39.01,-36.93,-56.66,-64.15,-60.40,1,70.89,3.00,0.06,67.75,145.36,747.96,921.91
Rodentia,Ctenomyidae,Ctenomys,torquatus,ctenomys torquatus,3.00,209.49,-999.00,187.00,-999.00,-999.00,-999.00,-999.00,3.00,-999.00,107.00,2.00,-999.00,-999.00,-999.00,2.50,-999.00,-999.00,-999.00,-999.00,-999.00,-999.00,-999.00,-999.00,-999,1.00,1,-999.00,-999.00,-999.00,890;1297;1779;2151;2655,-999.00,-999.00,-999.00,-999.00,459331.26,-27.18,-34.97,-31.08,-51.11,-59.82,-55.46,3,25.93,4.00,0.05,113.30,179.49,1042.72,1150.04
Rodentia,Ctenomyidae,Ctenomys,tuconax,ctenomys tuconax,-999.00,248.99,-999.00,-999.00,-999.00,-999.00,-999.00,-999.00,3.00,-999.00,-999.00,1.00,-999.00,-999.00,-999.00,-999.00,-999.00,-999.00,-999.00,-999.00,-999.00,-999.00,-999.00,-999.00,-999,1.00,1,-999.00,-999.00,-999.00,2151;2655,-999.00,-999.00,-999.00,-999.00,2421.97,-26.78,-27.54,-27.16,-65.40,-65.83,-65.61,17,77.16,17.00,0.07,71.26,134.09,770.19,1270.86
Rodentia,Ctenomyidae,Ctenomys,tucumanus,ctenomys tucumanus,-999.00,217.00,-999.00,-999.00,-999.00,-999.00,-999.00,-999.00,3.00,-999.00,-999.00,1.00,-999.00,-999.00,-999.00,-999.00,-999.00,-999.00,-999.00,-999.00,-999.00,-999.00,-999.00,-999.00,-999,1.00,1,-999.00,-999.00,-999.00,2151;2655,-999.00,-999.00,-999.00,-999.00,5165.21,-26.35,-27.57,-26.96,-65.04,-65.68,-65.36,5,57.09,5.00,0.10,68.36,146.32,762.27,1245.00
Rodentia,Ctenomyidae,Ctenomys,tulduco,ctenomys tulduco,-999.00,-999.00,-999.00,-999.00,-999.00,-999.00,-999.00,-999.00,3.00,-999.00,-999.00,1.00,-999.00,-999.00,-999.00,-999.00,-999.00,-999.00,-999.00,-999.00,-999.00,-999.00,-999.00,-999.00,-999,1.00,1,-999.00,-999.00,-999.00,2151,-999.00,-999.00,-999.00,-999.00,-999.00,-999.00,-999.00,-999.00,-999.00,-999.00,-999.00,-999,-999.00,-999.00,-999.00,-999.00,-999.00,-999.00,-999.00
Rodentia,Ctenomyidae,Ctenomys,validus,ctenomys validus,-999.00,232.60,-999.00,-999.00,-999.00,-999.00,-999.00,-999.00,3.00,-999.00,-999.00,1.00,-999.00,-999.00,-999.00,-999.00,-999.00,-999.00,-999.00,-999.00,-999.00,-999.00,-999.00,-999.00,-999,1.00,1,-999.00,-999.00,-999.00,2151;2655,-999.00,-999.00,-999.00,-999.00,3491.05,-33.03,-33.72,-33.37,-68.21,-68.86,-68.53,2,19.04,2.00,0.04,26.99,154.02,345.99,962.00
Rodentia,Ctenomyidae,Ctenomys,viperinus,ctenomys viperinus,-999.00,-999.00,-999.00,-999.00,-999.00,-999.00,-999.00,-999.00,-999.00,-999.00,-999.00,-999.00,-999.00,-999.00,-999.00,-999.00,-999.00,-999.00,-999.00,-999.00,-999.00,-999.00,-999.00,-999.00,-999,-999.00,-999,-999.00,-999.00,-999.00,-999,-999.00,-999.00,-999.00,-999.00,-999.00,-999.00,-999.00,-999.00,-999.00,-999.00,-999.00,-999,-999.00,-999.00,-999.00,-999.00,-999.00,-999.00,-999.00
Rodentia,Ctenomyidae,Ctenomys,yolandae,ctenomys yolandae,-999.00,-999.00,-999.00,-999.00,-999.00,-999.00,-999.00,-999.00,3.00,-999.00,-999.00,1.00,-999.00,-999.00,-999.00,-999.00,-999.00,-999.00,-999.00,-999.00,-999.00,-999.00,-999.00,-999.00,-999,1.00,1,-999.00,-999.00,-999.00,2151,-999.00,-999.00,-999.00,-999.00,-999.00,-999.00,-999.00,-999.00,-999.00,-999.00,-999.00,-999,-999.00,-999.00,-999.00,-999.00,-999.00,-999.00,-999.00
Rodentia,Cuniculidae,Cuniculus,paca,cuniculus paca,1.00,8172.55,-999.00,647.06,0.00,-999.00,2746.80,9156.00,5.00,-999.00,116.24,2.00,-999.00,-999.00,191.00,1.01,1.75,192.00,674.77,-999.00,48.71,-999.00,335.48,1.00,8,1.00,1,82.75,-999.00,-999.00,543;730;905;1297;1627;1822;2151;2252;2431;2655,-999.00,-999.00,-999.00,-999.00,12381979.80,22.40,-30.12,-3.86,-36.57,-99.60,-68.08,0,23.54,0.00,0.12,154.72,239.80,1319.82,1532.39
Rodentia,Cuniculidae,Cuniculus,taczanowskii,cuniculus taczanowskii,1.00,8999.95,-999.00,-999.00,-999.00,-999.00,-999.00,-999.00,4.00,-999.00,-999.00,2.00,-999.00,-999.00,-999.00,1.00,2.00,-999.00,-999.00,-999.00,-999.00,-999.00,-999.00,-999.00,8,1.00,1,-999.00,-999.00,-999.00,511;2151;2655,-999.00,-999.00,-999.00,-999.00,392199.69,9.80,-14.53,-2.36,-68.94,-80.13,-74.54,1,48.14,2.00,0.10,157.32,191.81,1318.39,1498.95
Carnivora,Canidae,Cuon,alpinus,cuon alpinus,2.00,15800.00,-999.00,987.74,14.01,-999.00,-999.00,-999.00,1.00,210.00,61.50,1.00,33.64,39.99,365.00,4.30,-999.00,192.00,275.00,-999.00,0.55,-999.00,374.18,-999.00,14,1.00,3,57.33,-999.00,-999.00,542;543;679;730;1113;1297;1573;2655,-999.00,1.10,-999.00,-999.00,10546280.10,55.54,-8.78,23.37,141.54,71.50,106.52,0,145.00,1.00,0.06,95.28,96.48,758.61,997.65
Rodentia,Abrocomidae,Cuscomys,ashaninka,cuscomys ashaninka,-999.00,-999.00,-999.00,-999.00,-999.00,-999.00,-999.00,-999.00,-999.00,-999.00,-999.00,-999.00,-999.00,-999.00,-999.00,-999.00,-999.00,-999.00,-999.00,-999.00,-999.00,-999.00,-999.00,-999.00,-999,-999.00,-999,-999.00,-999.00,-999.00,-999,-999.00,-999.00,-999.00,-999.00,-999.00,-999.00,-999.00,-999.00,-999.00,-999.00,-999.00,-999,-999.00,-999.00,-999.00,-999.00,-999.00,-999.00,-999.00
Rodentia,Abrocomidae,Cuscomys,oblativa,cuscomys oblativa,-999.00,-999.00,-999.00,-999.00,-999.00,-999.00,-999.00,-999.00,-999.00,-999.00,-999.00,-999.00,-999.00,-999.00,-999.00,-999.00,-999.00,-999.00,-999.00,-999.00,-999.00,-999.00,-999.00,-999.00,-999,-999.00,-999,-999.00,-999.00,-999.00,-999,-999.00,-999.00,-999.00,-999.00,-999.00,-999.00,-999.00,-999.00,-999.00,-999.00,-999.00,-999,-999.00,-999.00,-999.00,-999.00,-999.00,-999.00,-999.00
Pilosa,Cyclopedidae,Cyclopes,didactylus,cyclopes didactylus,1.00,263.95,-999.00,177.18,-999.00,-999.00,114.48,240.00,1.00,-999.00,160.00,1.00,0.03,0.04,-999.00,1.00,-999.00,27.60,-999.00,-999.00,32.40,-999.00,-999.00,1.00,-999,2.00,3,-999.00,-999.00,-999.00,298;543;730;889;890;905;966;1008;1297;1822;1848;1947;2051;2151;2431;2655,-999.00,-999.00,-999.00,-999.00,7292625.62,19.60,-13.94,2.82,-35.88,-96.68,-66.28,0,21.08,0.00,0.12,169.65,249.00,1390.76,1613.58
Carnivora,Herpestidae,Cynictis,penicillata,cynictis penicillata,3.00,694.41,-999.00,291.87,-999.00,-999.00,-999.00,-999.00,1.00,365.00,56.83,1.00,1.89,2.00,365.00,2.15,-999.00,182.40,-999.00,-999.00,-999.00,-999.00,350.57,-999.00,6,1.00,3,41.76,-999.00,-999.00,543;1113;1297;1573;2655,-999.00,1.10,-999.00,-999.00,2233627.48,-16.73,-34.68,-25.71,31.47,12.62,22.04,0,15.27,0.00,0.09,33.29,184.21,473.21,1285.77
Dermoptera,Cynocephalidae,Cynocephalus,volans,cynocephalus volans,2.00,1250.00,-999.00,379.43,-999.00,-999.00,-999.00,-999.00,4.00,-999.00,62.57,1.00,0.07,0.07,-999.00,1.00,-999.00,-999.00,35.79,254.00,-999.00,-999.00,-999.00,-999.00,4,2.00,1,198.50,-999.00,-999.00,1008;1297;1786;1848;2152;2655;2999;3058,-999.00,-999.00,-999.00,-999.00,120788.30,12.58,5.55,9.07,126.60,121.75,124.17,33,172.57,55.00,0.11,183.10,241.07,1565.18,1739.39
Carnivora,Viverridae,Cynogale,bennettii,cynogale bennettii,2.00,4246.57,-999.00,624.54,-999.00,-999.00,-999.00,-999.00,6.00,-999.00,-999.00,2.00,-999.00,-999.00,-999.00,2.30,-999.00,60.00,-999.00,-999.00,-999.00,-999.00,-999.00,-999.00,-999,1.00,2,-999.00,-999.00,-999.00,543;679;1113;1297;2655,-999.00,-999.00,-999.00,-999.00,170977.09,6.39,-4.29,1.05,117.99,98.18,108.08,3,60.48,5.00,0.15,235.45,254.40,1689.78,1770.48
Chiroptera,Molossidae,Cynomops,abrasus,cynomops abrasus,-999.00,35.39,43.50,-999.00,-999.00,-999.00,-999.00,-999.00,1.00,-999.00,-999.00,1.00,-999.00,-999.00,-999.00,0.98,-999.00,-999.00,-999.00,-999.00,-999.00,-999.00,-999.00,-999.00,-999,2.00,3,-999.00,-999.00,-999.00,196;1297;1658;2143;2151;2622;2655,-999.00,-999.00,-999.00,-999.00,10368632.82,9.58,-29.90,-10.15,-34.79,-79.05,-56.92,0,10.20,0.00,0.12,151.62,243.36,1293.46,1511.70
Chiroptera,Molossidae,Cynomops,greenhalli,cynomops greenhalli,-999.00,15.87,35.49,-999.00,-999.00,-999.00,-999.00,-999.00,1.00,-999.00,-999.00,1.00,-999.00,-999.00,-999.00,0.99,-999.00,-999.00,-999.00,-999.00,-999.00,-999.00,-999.00,-999.00,-999,2.00,3,-999.00,-999.00,-999.00,196;1297;1658;2151;2622;2655,-999.00,-999.00,-999.00,-999.00,1848057.21,12.46,-10.41,1.02,-34.79,-80.10,-57.45,0,52.15,0.00,0.10,148.42,248.11,1313.54,1666.55
Chiroptera,Molossidae,Cynomops,mexicanus,cynomops mexicanus,-999.00,-999.00,-999.00,-999.00,-999.00,-999.00,-999.00,-999.00,-999.00,-999.00,-999.00,-999.00,-999.00,-999.00,-999.00,-999.00,-999.00,-999.00,-999.00,-999.00,-999.00,-999.00,-999.00,-999.00,-999,-999.00,-999,-999.00,-999.00,-999.00,-999,-999.00,-999.00,-999.00,-999.00,552617.08,20.04,7.20,13.62,-79.99,-105.41,-92.70,2,60.50,4.00,0.12,159.18,223.70,1165.43,1665.21
Chiroptera,Molossidae,Cynomops,paranus,cynomops paranus,-999.00,12.16,-999.00,-999.00,-999.00,-999.00,-999.00,-999.00,-999.00,-999.00,-999.00,-999.00,-999.00,-999.00,-999.00,-999.00,-999.00,-999.00,-999.00,-999.00,-999.00,-999.00,-999.00,-999.00,-999,-999.00,-999,-999.00,-999.00,-999.00,2622,-999.00,-999.00,-999.00,-999.00,11408256.94,12.46,-29.32,-8.43,-34.79,-80.93,-57.86,0,15.90,0.00,0.11,149.25,243.33,1296.32,1538.29
Chiroptera,Molossidae,Cynomops,planirostris,cynomops planirostris,-999.00,12.84,31.50,-999.00,-999.00,-999.00,-999.00,-999.00,1.00,-999.00,-999.00,1.00,-999.00,-999.00,-999.00,1.00,-999.00,-999.00,-999.00,-999.00,-999.00,-999.00,-999.00,-999.00,-999,2.00,3,-999.00,-999.00,-999.00,196;1297;1658;2151;2622;2655;2719,-999.00,-999.00,-999.00,-999.00,11408256.94,12.46,-29.32,-8.43,-34.79,-80.93,-57.86,0,15.90,0.00,0.11,149.25,243.33,1296.32,1538.29
Rodentia,Sciuridae,Cynomys,gunnisoni,cynomys gunnisoni,3.00,797.93,-999.00,279.12,-999.00,-999.00,-999.00,-999.00,5.00,-999.00,29.64,2.00,7.188295e-03,-999.00,-999.00,4.48,1.00,-999.00,-999.00,-999.00,669.10,75.00,395.29,5.65,10,1.00,2,36.65,-999.00,-999.00,963;1297;1371;1372;1373;1374;1810;1977;2296;2655;2974,-999.00,-999.00,-999.00,-999.00,309978.76,39.75,32.97,36.36,-104.65,-113.20,-108.93,0,10.66,0.00,0.12,25.94,94.34,418.21,1074.38
Rodentia,Sciuridae,Cynomys,leucurus,cynomys leucurus,3.00,963.76,-999.00,307.49,-999.00,-999.00,-999.00,-999.00,1.00,-999.00,30.39,2.00,0.05,0.05,-999.00,5.40,1.00,-999.00,-999.00,-999.00,546.43,-999.00,413.84,-999.00,-999,1.00,1,31.76,-999.00,-999.00,166;639;1297;1849;1977;1986;2249;2655;2849;2974,-999.00,-999.00,-999.00,-999.00,269822.59,45.32,37.86,41.59,-104.96,-112.10,-108.53,0,3.48,0.00,0.09,25.55,38.37,378.76,811.50
Rodentia,Sciuridae,Cynomys,ludovicianus,cynomys ludovicianus,3.00,797.05,-999.00,294.04,32.00,-999.00,422.67,1112.30,4.00,524.89,33.46,2.00,1.787394e-03,2.137265e-03,-999.00,4.43,1.00,102.00,15.24,-999.00,1830.00,5.00,696.90,6.13,8,1.00,1,45.57,123.59,-999.00,32;100;511;543;730;993;994;1054;1297;1370;1374;1596;1822;1849;1977;2249;2655;2731;2849;2974,-999.00,-999.00,-999.00,-999.00,1823313.42,49.39,29.10,39.25,-96.06,-113.54,-104.80,0,8.10,0.00,0.05,35.98,108.78,523.53,901.88
Rodentia,Sciuridae,Cynomys,mexicanus,cynomys mexicanus,3.00,899.98,-999.00,341.09,34.75,-999.00,-999.00,-999.00,2.00,-999.00,30.41,2.00,-999.00,-999.00,-999.00,4.18,1.00,-999.00,-999.00,-999.00,-999.00,-999.00,-999.00,-999.00,8,1.00,1,46.35,-999.00,-999.00,566;899;1297;1978;2297;2655,-999.00,-999.00,-999.00,-999.00,586.55,25.20,24.38,24.79,-100.09,-101.29,-100.69,7,32.29,7.00,0.11,21.84,159.19,537.52,1017.82
Rodentia,Sciuridae,Cynomys,parvidens,cynomys parvidens,3.00,899.98,-999.00,288.47,-999.00,-999.00,-999.00,-999.00,1.00,-999.00,-999.00,2.00,-999.00,-999.00,-999.00,4.89,1.00,-999.00,-999.00,-999.00,3824.99,-999.00,371.23,-999.00,10,1.00,1,-999.00,-999.00,-999.00,1297;1374;2298;2655,-999.00,-999.00,-999.00,-999.00,24425.78,39.42,37.55,38.49,-110.74,-113.75,-112.24,0,1.61,0.00,0.11,22.76,61.49,327.96,1000.42
Chiroptera,Pteropodidae,Cynopterus,brachyotis,cynopterus brachyotis,-999.00,33.87,64.21,-999.00,-999.00,-999.00,47.49,37.40,3.00,-999.00,117.06,1.00,-999.00,-999.00,-999.00,0.99,2.00,96.00,6.20,-999.00,-999.00,-999.00,251.71,-999.00,-999,2.00,1,48.99,-999.00,-999.00,81;196;212;360;408;1297;1309;1314;1343;1388;1439;1621;1658;1705;1822;1948;2017;2143;2151;2295;2655;2719;2885;2910,-999.00,-999.00,-999.00,-999.00,2220429.06,27.65,-4.18,11.73,126.60,74.37,100.48,0,190.51,4.00,0.12,195.98,244.45,1328.22,1611.42
Chiroptera,Pteropodidae,Cynopterus,horsfieldii,cynopterus horsfieldii,-999.00,56.01,73.52,-999.00,-999.00,-999.00,-999.00,-999.00,1.00,-999.00,-999.00,1.00,-999.00,-999.00,-999.00,-999.00,-999.00,-999.00,-999.00,-999.00,-999.00,-999.00,-999.00,-999.00,-999,2.00,1,-999.00,-999.00,-999.00,196;360;1621;1658;2143;2151;2295;2655;2719,-999.00,-999.00,-999.00,-999.00,1048657.06,14.54,-8.78,2.88,117.74,95.18,106.46,1,192.40,4.00,0.12,239.19,246.32,1647.57,1739.99
Chiroptera,Pteropodidae,Cynopterus,luzoniensis,cynopterus luzoniensis,-999.00,-999.00,-999.00,-999.00,-999.00,-999.00,-999.00,-999.00,-999.00,-999.00,-999.00,-999.00,-999.00,-999.00,-999.00,-999.00,-999.00,-999.00,-999.00,-999.00,-999.00,-999.00,-999.00,-999.00,-999,-999.00,-999,-999.00,-999.00,-999.00,-999,-999.00,-999.00,-999.00,-999.00,170486.35,1.75,-5.70,-1.97,125.24,118.75,121.99,17,96.75,17.00,0.08,229.41,215.47,1812.60,1909.15
Chiroptera,Pteropodidae,Cynopterus,minutus,cynopterus minutus,-999.00,26.45,-999.00,-999.00,-999.00,-999.00,-999.00,-999.00,-999.00,-999.00,-999.00,-999.00,-999.00,-999.00,-999.00,-999.00,-999.00,-999.00,-999.00,-999.00,-999.00,-999.00,-999.00,-999.00,-999,-999.00,-999,-999.00,-999.00,-999.00,1388,-999.00,-999.00,-999.00,-999.00,1467026.28,7.03,-8.78,-0.87,125.24,95.18,110.21,1,138.87,4.00,0.14,241.44,243.51,1673.70,1739.15
Chiroptera,Pteropodidae,Cynopterus,nusatenggara,cynopterus nusatenggara,-999.00,-999.00,-999.00,-999.00,-999.00,-999.00,-999.00,-999.00,-999.00,-999.00,-999.00,1.00,-999.00,-999.00,-999.00,-999.00,-999.00,-999.00,-999.00,-999.00,-999.00,-999.00,-999.00,-999.00,-999,2.00,-999,-999.00,-999.00,-999.00,2151,-999.00,-999.00,-999.00,-999.00,51558.74,-7.55,-10.32,-8.93,126.84,114.43,120.63,19,143.51,19.00,0.06,241.32,239.33,-999.00,-999.00
Chiroptera,Pteropodidae,Cynopterus,sphinx,cynopterus sphinx,-999.00,44.71,71.00,98.99,0.00,319.37,-999.00,-999.00,2.00,-999.00,120.00,1.00,-999.00,-999.00,-999.00,1.50,2.00,-999.00,11.00,-999.00,-999.00,4.00,312.99,1.00,-999,2.00,1,32.49,25.00,-999.00,81;196;211;735;818;1297;1343;1386;1388;1528;1658;1677;1678;1680;1705;1982;2017;2143;2151;2367;2542;2543;2655;2699;3023,-999.00,-999.00,-999.00,-999.00,5648557.98,33.20,-5.94,13.63,119.33,67.57,93.45,1,242.36,10.00,0.09,138.22,233.80,1018.32,1479.68
Chiroptera,Pteropodidae,Cynopterus,titthaecheilus,cynopterus titthaecheilus,-999.00,58.33,76.94,-999.00,-999.00,-999.00,-999.00,-999.00,-999.00,-999.00,-999.00,1.00,-999.00,-999.00,-999.00,1.00,2.00,-999.00,-999.00,-999.00,-999.00,-999.00,-999.00,-999.00,-999,2.00,-999,-999.00,-999.00,-999.00,1621;1658;2151;2622;2655,-999.00,-999.00,-999.00,-999.00,592527.99,5.65,-10.37,-2.35,127.30,95.18,111.24,20,274.42,32.00,0.11,216.37,250.45,1645.26,1752.83
Carnivora,Phocidae,Cystophora,cristata,cystophora cristata,-999.00,278896.81,-999.00,2323.06,0.00,1387.00,62991.00,282840.91,6.00,-999.00,334.58,2.00,-999.00,-999.00,365.00,1.00,-999.00,420.00,21992.70,-999.00,4.822132e-03,-999.00,1262.74,-999.00,-999,1.00,2,9.50,43097.09,-999.00,367;543;1297;1763;2151;2655,-999.00,1.10,-999.00,-999.00,-999.00,-999.00,-999.00,-999.00,-999.00,-999.00,-999.00,-999,-999.00,-999.00,-999.00,-999.00,-999.00,-999.00,-999.00
Chiroptera,Emballonuridae,Cyttarops,alecto,cyttarops alecto,1.00,5.30,47.00,-999.00,-999.00,-999.00,-999.00,-999.00,-999.00,-999.00,-999.00,1.00,-999.00,-999.00,-999.00,-999.00,-999.00,-999.00,-999.00,-999.00,-999.00,-999.00,-999.00,-999.00,-999,2.00,-999,-999.00,-999.00,-999.00,196;889;1658;2151;2655,-999.00,-999.00,-999.00,-999.00,581976.90,12.55,-5.22,3.66,-47.41,-84.42,-65.92,0,4.07,0.00,0.10,157.02,251.18,1420.81,1663.41
Rodentia,Muridae,Dacnomys,millardi,dacnomys millardi,-999.00,-999.00,-999.00,-999.00,-999.00,-999.00,-999.00,-999.00,-999.00,-999.00,-999.00,-999.00,-999.00,-999.00,-999.00,-999.00,-999.00,-999.00,-999.00,-999.00,-999.00,-999.00,-999.00,-999.00,-999,-999.00,-999,-999.00,-999.00,-999.00,-999,-999.00,-999.00,-999.00,-999.00,263125.32,29.00,20.98,24.99,104.06,94.78,99.42,1,59.28,1.00,0.09,146.11,126.89,1065.36,1246.10
Rodentia,Echimyidae,Dactylomys,boliviensis,dactylomys boliviensis,-999.00,728.80,-999.00,-999.00,-999.00,-999.00,-999.00,-999.00,-999.00,-999.00,-999.00,-999.00,-999.00,-999.00,-999.00,-999.00,-999.00,-999.00,-999.00,-999.00,-999.00,-999.00,-999.00,-999.00,-999,-999.00,-999,-999.00,-999.00,-999.00,2655,-999.00,-999.00,-999.00,-999.00,642946.43,-9.26,-17.37,-13.31,-63.58,-74.36,-68.97,0,6.92,0.00,0.16,158.91,212.79,1310.83,1518.63
Rodentia,Echimyidae,Dactylomys,dactylinus,dactylomys dactylinus,1.00,649.98,-999.00,285.02,-999.00,-999.00,-999.00,-999.00,2.00,-999.00,-999.00,1.00,1.669342e-03,1.855271e-03,-999.00,-999.00,-999.00,-999.00,-999.00,-999.00,-999.00,-999.00,-999.00,2.00,-999,2.00,2,-999.00,-999.00,-999.00,902;905;2151;2655,-999.00,-999.00,-999.00,-999.00,2786239.50,4.06,-17.47,-6.70,-53.95,-78.90,-66.42,0,3.47,0.00,0.12,182.74,250.16,1458.05,1557.92
Rodentia,Echimyidae,Dactylomys,peruanus,dactylomys peruanus,-999.00,382.00,-999.00,-999.00,-999.00,-999.00,-999.00,-999.00,-999.00,-999.00,-999.00,-999.00,-999.00,-999.00,-999.00,-999.00,-999.00,-999.00,-999.00,-999.00,-999.00,-999.00,-999.00,-999.00,-999,-999.00,-999,-999.00,-999.00,-999.00,2655,-999.00,-999.00,-999.00,-999.00,74745.24,-11.53,-14.05,-12.79,-70.35,-74.13,-72.24,1,12.74,1.00,0.10,190.99,172.09,1092.86,1416.54
Diprotodontia,Petauridae,Dactylopsila,megalura,dactylopsila megalura,1.00,-999.00,-999.00,223.08,-999.00,-999.00,-999.00,-999.00,3.00,-999.00,-999.00,1.00,-999.00,-999.00,-999.00,-999.00,-999.00,-999.00,-999.00,-999.00,-999.00,-999.00,-999.00,-999.00,2,2.00,2,-999.00,-999.00,-999.00,975;977;1760;1848;2152,314.67,-999.00,-999.00,-999.00,11955.72,-3.57,-5.53,-4.55,142.02,135.67,138.84,1,3.91,1.00,0.13,213.61,181.48,1758.43,1841.48
Diprotodontia,Petauridae,Dactylopsila,palpator,dactylopsila palpator,1.00,369.87,-999.00,234.89,-999.00,-999.00,-999.00,-999.00,7.00,-999.00,-999.00,2.00,-999.00,-999.00,-999.00,1.02,-999.00,-999.00,-999.00,-999.00,-999.00,-999.00,-999.00,2.75,2,2.00,2,-999.00,-999.00,-999.00,661;955;975;977;1760;1848;1991;2152;2655,-999.00,-999.00,-999.00,-999.00,210628.50,-1.04,-10.19,-5.61,149.74,133.73,141.73,1,10.28,2.00,0.13,265.73,199.03,1688.88,1715.81
Diprotodontia,Petauridae,Dactylopsila,tatei,dactylopsila tatei,1.00,252.00,-999.00,-999.00,-999.00,-999.00,-999.00,-999.00,3.00,-999.00,-999.00,1.00,-999.00,-999.00,-999.00,-999.00,-999.00,-999.00,-999.00,-999.00,-999.00,-999.00,-999.00,-999.00,2,2.00,2,-999.00,-999.00,-999.00,1760;1848;2152;2655,-999.00,-999.00,-999.00,-999.00,231.26,-9.34,-9.50,-9.42,150.62,150.44,150.53,12,12.00,12.00,0.09,267.00,254.00,-999.00,-999.00
Diprotodontia,Petauridae,Dactylopsila,trivirgata,dactylopsila trivirgata,1.00,413.41,-999.00,254.55,-999.00,-999.00,-999.00,-999.00,7.00,-999.00,-999.00,1.00,0.09,0.08,365.00,1.54,-999.00,115.00,-999.00,-999.00,4.00,-999.00,-999.00,-999.00,2,2.00,2,-999.00,-999.00,-999.00,543;661;955;975;977;1239;1297;1466;1760;1848;1934;1991;2152;2398;2643;2644;2655,-999.00,1.10,-999.00,-999.00,583261.22,-7.690179e-03,-19.00,-9.50,150.87,130.20,140.54,0,6.24,0.00,0.12,222.21,230.31,1457.27,1701.82
Artiodactyla,Cervidae,Dama,dama,dama dama,2.00,57224.61,-999.00,-999.00,-999.00,1095.00,-999.00,-999.00,2.00,319.37,230.00,1.00,0.71,0.61,365.00,1.00,-999.00,300.00,4698.44,621.14,21.99,-999.00,543.28,10.50,-999,1.00,1,177.63,16720.38,-999.00,511;543;589;653;936;1297;1573;1594;1763;2525;2655;2986;3010,-999.00,1.10,-999.00,-999.00,3081759.24,60.52,36.01,48.26,34.67,-10.47,12.09,1,128.41,15.00,0.01,58.52,79.91,475.08,576.21
Artiodactyla,Bovidae,Damaliscus,korrigum,damaliscus korrigum,-999.00,127194.87,-999.00,-999.00,-999.00,-999.00,-999.00,-999.00,-999.00,-999.00,-999.00,-999.00,-999.00,-999.00,-999.00,-999.00,-999.00,150.96,-999.00,-999.00,3.29,-999.00,1094.37,-999.00,2,-999.00,-999,-999.00,-999.00,-999.00,869;1525;2620;2693,-999.00,-999.00,-999.00,-999.00,3278531.91,15.28,-10.09,2.59,45.33,-3.893153e-03,22.66,0,31.15,1.00,0.11,71.46,249.81,824.26,1631.55
Artiodactyla,Bovidae,Damaliscus,lunatus,damaliscus lunatus,2.00,136000.33,-999.00,1700.00,-999.00,912.50,-999.00,-999.00,1.00,-999.00,238.00,1.00,-999.00,-999.00,-999.00,0.98,-999.00,216.00,11000.00,-999.00,2.74,-999.00,665.30,3.60,2,1.00,1,-999.00,-999.00,-999.00,730;869;917;1297;1525;1848;2629;2655;2693;2986,-999.00,-999.00,-999.00,-999.00,1266510.50,-6.24,-26.69,-16.46,32.16,17.54,24.85,0,11.74,1.00,0.18,79.47,215.81,806.64,1417.25
Artiodactyla,Bovidae,Damaliscus,pygargus,damaliscus pygargus,-999.00,77784.55,-999.00,-999.00,-999.00,1003.75,-999.00,-999.00,-999.00,-999.00,240.54,-999.00,-999.00,-999.00,365.00,1.41,-999.00,260.04,6873.81,-999.00,24.56,-999.00,620.76,-999.00,2,-999.00,-999,121.66,21189.56,-999.00,543;730;869;1297;1525;1763;1848;2655;2693,-999.00,1.10,-999.00,-999.00,370656.19,-24.59,-34.41,-29.50,30.66,19.82,25.24,2,39.93,3.00,0.10,49.54,156.83,674.58,1180.21
Artiodactyla,Bovidae,Damaliscus,superstes,damaliscus superstes,-999.00,-999.00,-999.00,-999.00,-999.00,-999.00,-999.00,-999.00,-999.00,-999.00,-999.00,-999.00,-999.00,-999.00,-999.00,-999.00,-999.00,-999.00,-999.00,-999.00,-999.00,-999.00,-999.00,-999.00,-999,-999.00,-999,-999.00,-999.00,-999.00,-999,-999.00,-999.00,-999.00,-999.00,-999.00,-999.00,-999.00,-999.00,-999.00,-999.00,-999.00,-999,-999.00,-999.00,-999.00,-999.00,-999.00,-999.00,-999.00
Dasyuromorphia,Dasyuridae,Dasycercus,cristicauda,dasycercus cristicauda,2.00,99.54,-999.00,175.00,-999.00,-999.00,46.62,91.00,2.00,-999.00,38.99,2.00,-999.00,-999.00,365.00,6.50,1.00,84.00,-999.00,-999.00,-999.00,1.00,364.12,-999.00,-999,1.00,3,105.85,20.97,-999.00,511;543;955;1015;1297;1412;1760;1822;2655,-999.00,-999.00,-999.00,-999.00,913420.52,-18.34,-31.70,-25.02,139.93,114.47,127.20,0,9.01238764282365e-03,0.00,0.00,20.59,226.16,303.31,1346.21
Dasyuromorphia,Dasyuridae,Dasykaluta,rosamondae,dasykaluta rosamondae,2.00,32.17,-999.00,-999.00,-999.00,-999.00,-999.00,-999.00,-999.00,-999.00,49.69,1.00,-999.00,-999.00,365.00,6.64,1.00,36.00,-999.00,-999.00,-999.00,-999.00,324.38,-999.00,-999,1.00,-999,113.00,3.84,-999.00,543;955;1297;1760;2484;2655,-999.00,-999.00,-999.00,-999.00,374318.60,-19.95,-25.21,-22.58,123.93,113.65,118.79,0,0.12,0.00,0.00,22.02,237.61,308.34,1478.93
Rodentia,Muridae,Dasymys,alleni,dasymys alleni,-999.00,-999.00,-999.00,-999.00,-999.00,-999.00,-999.00,-999.00,-999.00,-999.00,-999.00,-999.00,-999.00,-999.00,-999.00,-999.00,-999.00,-999.00,-999.00,-999.00,-999.00,-999.00,-999.00,-999.00,-999,-999.00,-999,-999.00,-999.00,-999.00,-999,-999.00,-999.00,-999.00,-999.00,-999.00,-999.00,-999.00,-999.00,-999.00,-999.00,-999.00,-999,-999.00,-999.00,-999.00,-999.00,-999.00,-999.00,-999.00
Rodentia,Muridae,Dasymys,cabrali,dasymys cabrali,-999.00,-999.00,-999.00,-999.00,-999.00,-999.00,-999.00,-999.00,-999.00,-999.00,-999.00,-999.00,-999.00,-999.00,-999.00,-999.00,-999.00,-999.00,-999.00,-999.00,-999.00,-999.00,-999.00,-999.00,-999,-999.00,-999,-999.00,-999.00,-999.00,-999,-999.00,-999.00,-999.00,-999.00,-999.00,-999.00,-999.00,-999.00,-999.00,-999.00,-999.00,-999,-999.00,-999.00,-999.00,-999.00,-999.00,-999.00,-999.00
Rodentia,Muridae,Dasymys,foxi,dasymys foxi,-999.00,-999.00,-999.00,-999.00,-999.00,-999.00,-999.00,-999.00,-999.00,-999.00,-999.00,-999.00,-999.00,-999.00,-999.00,-999.00,-999.00,-999.00,-999.00,-999.00,-999.00,-999.00,-999.00,-999.00,-999,-999.00,-999,-999.00,-999.00,-999.00,-999,-999.00,-999.00,-999.00,-999.00,20749.75,10.29,8.86,9.58,9.79,8.28,9.03,36,90.42,36.00,0.11,110.41,254.22,880.07,1586.19
Rodentia,Muridae,Dasymys,incomtus,dasymys incomtus,-999.00,127.75,-999.00,-999.00,-999.00,-999.00,-999.00,-999.00,-999.00,-999.00,-999.00,-999.00,-999.00,-999.00,-999.00,2.67,-999.00,-999.00,-999.00,-999.00,1718.40,-999.00,72.41,-999.00,-999,-999.00,-999,30.00,30.00,-999.00,456;730;1297;2361;2655,-999.00,-999.00,-999.00,-999.00,-999.00,-999.00,-999.00,-999.00,-999.00,-999.00,-999.00,-999,-999.00,-999.00,-999.00,-999.00,-999.00,-999.00,-999.00
Cingulata,Dasypodidae,Dasypus,septemcinctus,dasypus septemcinctus,-999.00,1526.64,-999.00,-999.00,-999.00,-999.00,-999.00,-999.00,3.00,-999.00,120.00,2.00,-999.00,-999.00,-999.00,5.99,-999.00,-999.00,-999.00,-999.00,-999.00,-999.00,-999.00,-999.00,-999,1.00,2,-999.00,-999.00,-999.00,890;1297;2655,-999.00,-999.00,-999.00,-999.00,5434573.16,-0.08,-30.06,-15.07,-39.33,-65.34,-52.33,0,26.96,0.00,0.10,127.94,231.10,1156.54,1436.34
Cingulata,Dasypodidae,Dasypus,yepesi,dasypus yepesi,-999.00,-999.00,-999.00,-999.00,-999.00,-999.00,-999.00,-999.00,3.00,-999.00,-999.00,2.00,-999.00,-999.00,-999.00,-999.00,-999.00,-999.00,-999.00,-999.00,-999.00,-999.00,-999.00,-999.00,-999,1.00,2,-999.00,-999.00,-999.00,679;890,-999.00,-999.00,-999.00,-999.00,-999.00,-999.00,-999.00,-999.00,-999.00,-999.00,-999.00,-999,-999.00,-999.00,-999.00,-999.00,-999.00,-999.00,-999.00
Dasyuromorphia,Dasyuridae,Dasyuroides,byrnei,dasyuroides byrnei,2.00,109.47,-999.00,158.49,-999.00,-999.00,79.64,102.75,2.00,-999.00,32.49,1.00,-999.00,-999.00,174.50,5.14,2.00,84.00,0.02,-999.00,-999.00,-999.00,299.95,-999.00,-999,1.00,3,118.11,45.00,-999.00,543;899;955;1052;1297;1412;1760;1822;2031;2484;2655;2978,-999.00,-999.00,-999.00,-999.00,108698.99,-22.80,-29.36,-26.08,143.04,138.85,140.94,0,0.00,0.00,-999.00,20.57,227.07,241.17,1475.92
Dasyuromorphia,Dasyuridae,Dasyurus,albopunctatus,dasyurus albopunctatus,2.00,603.48,-999.00,268.92,-999.00,-999.00,-999.00,-999.00,5.00,121.66,19.29,1.00,-999.00,-999.00,-999.00,6.19,-999.00,36.00,-999.00,-999.00,-999.00,-999.00,-999.00,-999.00,6,1.00,2,97.65,193.91,-999.00,543;977;1760;1848;1991;2152;2655,-999.00,-999.00,-999.00,-999.00,314620.59,-1.05,-10.34,-5.69,149.77,133.80,141.78,1,9.41,2.00,0.14,262.33,225.02,1686.19,1708.63
Dasyuromorphia,Dasyuridae,Dasyurus,geoffroii,dasyurus geoffroii,2.00,1106.62,-999.00,348.90,-999.00,-999.00,507.09,1227.00,2.00,-999.00,17.66,1.00,2.73,2.29,365.00,5.47,1.00,60.00,0.01,-999.00,2.30,-999.00,417.36,-999.00,-999,1.00,3,154.12,29.89,-999.00,543;899;955;1297;1412;1760;1822;1848;2580;2655,-999.00,-999.00,-999.00,-999.00,153816.13,-31.35,-35.00,-33.17,121.78,114.97,118.37,0,5.96,0.00,0.09,47.24,154.33,413.76,1082.87
Dasyuromorphia,Dasyuridae,Dasyurus,hallucatus,dasyurus hallucatus,2.00,470.92,-999.00,214.16,-999.00,-999.00,297.84,584.00,-999.00,-999.00,-999.00,1.00,0.02,0.02,365.00,6.39,1.00,34.80,-999.00,-999.00,16.24,-999.00,374.16,-999.00,8,1.00,-999,141.89,100.00,-999.00,800;955;1297;1412;1760;1822;1848;2484;2565;2655,-999.00,-999.00,-999.00,-999.00,578100.34,-10.69,-25.32,-18.00,152.55,115.42,133.98,0,2.04,0.00,0.04,76.89,245.05,804.58,1698.75
Dasyuromorphia,Dasyuridae,Dasyurus,maculatus,dasyurus maculatus,2.00,3284.15,-999.00,427.29,-999.00,-999.00,588.06,1782.00,3.00,-999.00,21.00,2.00,1.36,1.46,365.00,4.47,1.00,60.00,-999.00,7.00,3.49,1.00,374.39,-999.00,6,2.00,2,134.99,700.00,-999.00,543;955;1015;1297;1412;1530;1532;1760;1822;1848;2655,-999.00,-999.00,0.05,-999.00,580449.23,-14.16,-43.64,-28.90,153.63,140.92,147.28,0,22.85,0.00,0.02,71.38,158.95,708.76,1158.13
Dasyuromorphia,Dasyuridae,Dasyurus,spartacus,dasyurus spartacus,2.00,885.67,-999.00,356.27,-999.00,-999.00,-999.00,-999.00,5.00,121.66,19.12,1.00,-999.00,-999.00,-999.00,6.78,-999.00,-999.00,-999.00,-999.00,-999.00,-999.00,-999.00,-999.00,7,1.00,2,97.65,-999.00,-999.00,977;1760;1848;1991;2152;2907,-999.00,-999.00,-999.00,-999.00,990.45,-8.65,-9.20,-8.93,141.67,141.46,141.57,1,1.00,1.00,0.00,153.32,260.66,1435.01,1639.33
Dasyuromorphia,Dasyuridae,Dasyurus,viverrinus,dasyurus viverrinus,2.00,1101.49,-999.00,333.38,79.00,-999.00,409.50,910.00,4.00,-999.00,20.50,2.00,0.33,0.36,365.00,4.70,1.00,81.60,0.01,4.00,19.00,-999.00,372.10,1.00,6,1.00,2,156.60,402.83,-999.00,543;955;1052;1297;1412;1531;1760;1822;1848;2483;2484;2655,-999.00,-999.00,-999.00,-999.00,66496.29,-39.58,-43.64,-41.61,148.48,143.83,146.15,0,5.75,0.00,-0.09,71.08,105.05,610.94,778.91
Primates,Daubentoniidae,Daubentonia,madagascariensis,daubentonia madagascariensis,1.00,2731.37,-999.00,400.00,-999.00,1277.50,-999.00,-999.00,6.00,-999.00,166.48,2.00,0.06,0.11,760.41,1.01,0.42,291.60,121.79,-999.00,39.79,1.00,834.72,1.00,2,2.00,2,197.70,1535.00,-999.00,208;511;543;899;1048;1261;1297;1544;1545;1547;1848;2145;2151;2344;2489;2493;2511;2655;2986,-999.00,-999.00,-999.00,-999.00,141979.73,-12.38,-25.20,-18.79,50.48,43.92,47.20,2,25.00,3.00,0.18,149.13,217.00,1216.27,1601.27
Rodentia,Nesomyidae,Delanymys,brooksi,delanymys brooksi,-999.00,4.99,-999.00,-999.00,-999.00,-999.00,-999.00,-999.00,-999.00,-999.00,-999.00,-999.00,-999.00,-999.00,-999.00,3.19,-999.00,24.00,-999.00,-999.00,872.48,-999.00,-999.00,-999.00,-999,-999.00,-999,-999.00,-999.00,-999.00,543;730;1297;2655,-999.00,-999.00,-999.00,-999.00,50029.97,-0.37,-3.09,-1.73,30.05,27.88,28.96,9,147.91,10.00,0.11,113.18,192.49,1365.68,1494.73
Chiroptera,Vespertilionidae,Eptesicus,japonensis,eptesicus japonensis,-999.00,-999.00,-999.00,-999.00,-999.00,-999.00,-999.00,-999.00,-999.00,-999.00,-999.00,-999.00,-999.00,-999.00,-999.00,-999.00,-999.00,-999.00,-999.00,-999.00,-999.00,-999.00,-999.00,-999.00,-999,-999.00,-999,-999.00,-999.00,-999.00,-999,-999.00,-999.00,-999.00,-999.00,22821.83,36.96,35.17,36.07,139.06,137.38,138.22,163,695.61,163.00,0.02,136.14,70.51,827.83,844.21
Rodentia,Muridae,Dipodillus,rupicola,dipodillus rupicola,-999.00,-999.00,-999.00,-999.00,-999.00,-999.00,-999.00,-999.00,-999.00,-999.00,-999.00,-999.00,-999.00,-999.00,-999.00,-999.00,-999.00,-999.00,-999.00,-999.00,-999.00,-999.00,-999.00,-999.00,-999,-999.00,-999,-999.00,-999.00,-999.00,-999,-999.00,-999.00,-999.00,-999.00,-999.00,-999.00,-999.00,-999.00,-999.00,-999.00,-999.00,-999,-999.00,-999.00,-999.00,-999.00,-999.00,-999.00,-999.00
Rodentia,Muridae,Dipodillus,simoni,dipodillus simoni,-999.00,17.40,-999.00,-999.00,-999.00,152.08,-999.00,-999.00,-999.00,-999.00,25.54,-999.00,-999.00,-999.00,46.30,4.68,-999.00,-999.00,-999.00,-999.00,-999.00,-999.00,97.02,-999.00,-999,-999.00,-999,-999.00,-999.00,-999.00,1297;2655,-999.00,3.13,-999.00,-999.00,654044.16,33.71,28.44,31.07,29.91,9.87,19.89,0,15.22,1.00,0.11,6.10,201.70,112.12,1261.87
Rodentia,Muridae,Dipodillus,somalicus,dipodillus somalicus,-999.00,-999.00,-999.00,-999.00,-999.00,-999.00,-999.00,-999.00,-999.00,-999.00,-999.00,-999.00,-999.00,-999.00,-999.00,-999.00,-999.00,-999.00,-999.00,-999.00,-999.00,-999.00,-999.00,-999.00,-999,-999.00,-999,-999.00,-999.00,-999.00,-999,-999.00,-999.00,-999.00,-999.00,11653.70,10.62,9.20,9.91,45.96,44.96,45.46,12,15.87,12.00,0.06,13.85,239.70,340.99,1765.56
Rodentia,Muridae,Dipodillus,stigmonyx,dipodillus stigmonyx,-999.00,-999.00,-999.00,-999.00,-999.00,-999.00,-999.00,-999.00,-999.00,-999.00,-999.00,-999.00,-999.00,-999.00,-999.00,-999.00,-999.00,-999.00,-999.00,-999.00,-999.00,-999.00,-999.00,-999.00,-999,-999.00,-999,-999.00,-999.00,-999.00,-999,-999.00,-999.00,-999.00,-999.00,439932.22,19.70,9.93,14.81,33.97,24.09,29.03,1,18.45,2.00,0.08,25.75,253.97,367.21,1559.22
Rodentia,Muridae,Dipodillus,zakariai,dipodillus zakariai,-999.00,-999.00,-999.00,-999.00,-999.00,-999.00,-999.00,-999.00,-999.00,-999.00,-999.00,-999.00,-999.00,-999.00,-999.00,-999.00,-999.00,-999.00,-999.00,-999.00,-999.00,-999.00,-999.00,-999.00,-999,-999.00,-999,-999.00,-999.00,-999.00,-999,-999.00,-999.00,-999.00,-999.00,-999.00,-999.00,-999.00,-999.00,-999.00,-999.00,-999.00,-999,-999.00,-999.00,-999.00,-999.00,-999.00,-999.00,-999.00
Rodentia,Heteromyidae,Dipodomys,agilis,dipodomys agilis,-999.00,60.21,-999.00,-999.00,-999.00,-999.00,64.05,61.00,-999.00,-999.00,-999.00,-999.00,2.396454e-03,3.056376e-03,-999.00,2.60,2.00,-999.00,-999.00,-999.00,687.90,-999.00,210.00,-999.00,-999,-999.00,-999,-999.00,-999.00,-999.00,730;1297;1822;1849;2655,-999.00,-999.00,-999.00,-999.00,59736.35,36.33,32.94,34.64,-115.76,-120.65,-118.21,0,223.98,1.00,0.10,32.27,122.09,304.91,1175.00
Rodentia,Heteromyidae,Dipodomys,californicus,dipodomys californicus,-999.00,84.95,-999.00,115.15,-999.00,-999.00,-999.00,-999.00,4.00,-999.00,-999.00,-999.00,-999.00,-999.00,-999.00,2.60,2.00,-999.00,-999.00,-999.00,-999.00,-999.00,-999.00,-999.00,6,-999.00,1,-999.00,-999.00,-999.00,1297;1570;2655,-999.00,-999.00,-999.00,-999.00,86283.94,42.70,37.81,40.25,-120.36,-123.74,-122.05,0,59.45,1.00,0.04,58.30,96.48,377.70,907.72
Rodentia,Heteromyidae,Dipodomys,compactus,dipodomys compactus,1.00,49.25,-999.00,167.81,-999.00,-999.00,-999.00,-999.00,-999.00,-999.00,-999.00,-999.00,-999.00,-999.00,-999.00,1.94,-999.00,-999.00,-999.00,-999.00,-999.00,-999.00,-999.00,-999.00,-999,-999.00,-999,-999.00,-999.00,-999.00,219;1297;2655,-999.00,-999.00,-999.00,-999.00,48975.08,29.41,26.26,27.83,-97.34,-99.22,-98.28,1,26.72,1.00,0.14,49.53,217.94,717.02,1257.69
Rodentia,Heteromyidae,Dipodomys,deserti,dipodomys deserti,1.00,107.63,-999.00,138.11,14.00,-999.00,93.99,104.90,5.00,-999.00,30.50,2.00,-999.00,-999.00,-999.00,3.36,2.50,-999.00,4.08,-999.00,160.50,-999.00,50.88,-999.00,6,1.00,1,24.17,-999.00,-999.00,303;517;730;808;982;1215;1297;1514;1749;1822;2655,-999.00,-999.00,-999.00,-999.00,308413.93,41.19,28.55,34.87,-111.04,-120.33,-115.68,0,20.22,0.00,0.15,16.06,156.08,243.61,1100.85
Rodentia,Heteromyidae,Dipodomys,elator,dipodomys elator,1.00,105.82,-999.00,119.50,-999.00,-999.00,-999.00,-999.00,4.00,-999.00,-999.00,-999.00,7.3307e-04,8.41884e-04,-999.00,2.91,-999.00,-999.00,-999.00,-999.00,1284.37,-999.00,-999.00,-999.00,-999,-999.00,2,-999.00,-999.00,-999.00,559;730;1297;2455;2655,-999.00,-999.00,-999.00,-999.00,12077.20,34.36,33.42,33.89,-98.12,-99.76,-98.94,1,8.60,1.00,3.12872019316957e-03,54.50,175.91,754.72,1104.75
Rodentia,Heteromyidae,Dipodomys,gravipes,dipodomys gravipes,1.00,83.96,-999.00,129.04,-999.00,-999.00,-999.00,-999.00,-999.00,-999.00,-999.00,2.00,-999.00,-999.00,-999.00,-999.00,-999.00,-999.00,-999.00,-999.00,-999.00,-999.00,-999.00,-999.00,-999,1.00,-999,-999.00,-999.00,-999.00,297;2655,-999.00,-999.00,-999.00,-999.00,2231.05,30.97,29.98,30.47,-115.60,-116.25,-115.92,6,6.00,6.00,0.20,18.50,140.04,-999.00,-999.00
Rodentia,Heteromyidae,Dipodomys,heermanni,dipodomys heermanni,1.00,63.08,-999.00,111.25,13.50,-999.00,73.17,63.30,4.00,-999.00,30.99,2.00,-999.00,-999.00,-999.00,3.11,2.00,28.80,3.70,-999.00,1160.33,-999.00,53.13,1.00,-999,1.00,2,25.90,36.20,-999.00,723;730;959;1297;1514;1569;1822;1849;2655;2801,-999.00,-999.00,-999.00,-999.00,70348.64,38.86,34.44,36.65,-118.66,-122.42,-120.54,2,102.16,2.00,0.09,40.92,127.75,352.13,1144.71
Rodentia,Heteromyidae,Dipodomys,ingens,dipodomys ingens,1.00,113.61,-999.00,147.83,-999.00,-999.00,-999.00,-999.00,3.00,-999.00,-999.00,2.00,3.14541e-04,2.92998e-04,-999.00,4.77,-999.00,-999.00,-999.00,-999.00,3868.35,-999.00,-999.00,-999.00,6,1.00,2,-999.00,-999.00,-999.00,449;730;1191;1297;1514;1573;2655;3031,-999.00,-999.00,-999.00,-999.00,6724.92,36.92,34.83,35.87,-119.14,-120.91,-120.03,2,18.08,2.00,0.08,36.13,132.81,335.34,1202.90
Rodentia,Heteromyidae,Dipodomys,merriami,dipodomys merriami,1.00,37.91,-999.00,98.54,13.75,97.00,43.64,37.00,1.00,-999.00,30.77,-999.00,1.745298e-03,2.10202e-03,54.00,2.39,1.75,24.00,3.29,-999.00,373.61,-999.00,67.11,-999.00,6,-999.00,1,20.42,17.00,-999.00,309;313;377;418;432;464;602;728;730;808;884;1215;1295;1297;1514;1517;1573;1576;1577;1749;1822;1849;2257;2416;2417;2473;2655;2888;2978,-999.00,-999.00,-999.00,-999.00,1420055.67,40.38,21.25,30.82,-98.30,-118.97,-108.63,0,21.44,0.00,0.12,24.88,172.00,420.56,1157.10
Rodentia,Heteromyidae,Dipodomys,microps,dipodomys microps,1.00,56.26,-999.00,112.47,-999.00,-999.00,60.15,55.70,3.00,-999.00,30.99,2.00,0.03,0.03,-999.00,2.37,1.00,-999.00,4.00,-999.00,1160.36,-999.00,147.92,-999.00,5,1.00,2,21.00,21.00,-999.00,728;730;1215;1296;1297;1514;1576;1577;1822;2655,-999.00,-999.00,-999.00,-999.00,392813.73,43.92,33.69,38.81,-111.36,-121.05,-116.20,0,9.80,0.00,0.12,20.55,88.12,268.17,955.19
Rodentia,Heteromyidae,Dipodomys,nelsoni,dipodomys nelsoni,1.00,87.93,-999.00,127.50,-999.00,-999.00,-999.00,-999.00,1.00,-999.00,-999.00,2.00,-999.00,-999.00,-999.00,1.94,-999.00,-999.00,-999.00,-999.00,373.61,-999.00,-999.00,-999.00,-999,1.00,1,-999.00,-999.00,-999.00,301;1297;2473;2655,-999.00,-999.00,-999.00,-999.00,193502.54,29.29,23.57,26.43,-99.90,-105.67,-102.78,0,12.47,0.00,0.10,23.26,177.85,453.64,1056.38
Rodentia,Heteromyidae,Dipodomys,nitratoides,dipodomys nitratoides,1.00,41.59,-999.00,97.45,12.00,84.00,46.11,37.80,2.00,-999.00,32.89,2.00,-999.00,-999.00,-999.00,2.14,-999.00,-999.00,2.96,-999.00,-999.00,-999.00,95.24,1.00,-999,1.00,1,22.37,20.00,-999.00,308;709;884;982;1297;1822;2655,-999.00,-999.00,-999.00,-999.00,11321.45,36.90,34.89,35.89,-118.65,-120.91,-119.78,2,42.75,2.00,0.05,37.60,143.04,335.83,1193.66
Rodentia,Heteromyidae,Dipodomys,ordii,dipodomys ordii,1.00,50.40,-999.00,113.92,-999.00,-999.00,63.97,48.80,5.00,-999.00,29.69,-999.00,4.440926e-03,4.758869e-03,142.95,2.95,2.00,117.60,4.99,-999.00,297.00,-999.00,86.77,-999.00,-999,-999.00,2,-999.00,-999.00,-999.00,299;377;543;756;808;1055;1215;1297;1354;1514;1559;1573;1577;1749;1811;1822;2257;2473;2655;2888,-999.00,-999.00,-999.00,-999.00,3426002.61,50.58,19.31,34.94,-96.78,-121.63,-109.20,0,14.29,0.00,0.07,31.17,111.41,455.71,954.44
Rodentia,Heteromyidae,Dipodomys,panamintinus,dipodomys panamintinus,1.00,73.67,-999.00,120.46,17.50,-999.00,68.28,56.90,-999.00,-999.00,29.44,2.00,3.884943e-03,3.90315e-03,-999.00,3.78,-999.00,-999.00,4.50,-999.00,-999.00,-999.00,-999.00,1.00,-999,1.00,-999,27.89,-999.00,-999.00,884;982;1215;1297;1448;1514;1577;1822;2655,-999.00,-999.00,-999.00,-999.00,61106.76,39.93,34.07,37.00,-114.81,-120.49,-117.65,0,66.46,0.00,0.11,32.89,98.29,265.89,1144.15
Rodentia,Heteromyidae,Dipodomys,phillipsii,dipodomys phillipsii,1.00,41.00,-999.00,95.86,-999.00,-999.00,-999.00,-999.00,3.00,-999.00,-999.00,2.00,-999.00,-999.00,-999.00,2.59,-999.00,-999.00,-999.00,-999.00,-999.00,-999.00,-999.00,-999.00,-999,1.00,1,-999.00,-999.00,-999.00,1297;1638;2655,-999.00,-999.00,-999.00,-999.00,177725.95,25.06,17.79,21.42,-96.76,-105.04,-100.90,3,147.33,5.00,0.07,64.72,156.19,771.27,1296.09
Rodentia,Heteromyidae,Dipodomys,simulans,dipodomys simulans,-999.00,-999.00,-999.00,-999.00,-999.00,-999.00,-999.00,-999.00,-999.00,-999.00,-999.00,-999.00,-999.00,-999.00,-999.00,-999.00,-999.00,-999.00,-999.00,-999.00,-999.00,-999.00,-999.00,-999.00,-999,-999.00,-999,-999.00,-999.00,-999.00,-999,-999.00,-999.00,-999.00,-999.00,134662.93,34.81,24.34,29.58,-111.45,-119.24,-115.35,1,126.43,1.00,0.11,16.29,156.30,295.95,1136.36
Rodentia,Heteromyidae,Dipodomys,spectabilis,dipodomys spectabilis,1.00,124.61,-999.00,141.14,14.00,-999.00,-999.00,-999.00,4.00,-999.00,23.50,2.00,5.06179e-04,7.17e-04,42.00,2.67,2.00,36.00,7.74,40.00,397.71,-999.00,310.33,-999.00,-999,1.00,2,23.47,-999.00,-999.00,302;730;1297;1360;1514;1573;2412;2655;2888;2978,-999.00,-999.00,-999.00,-999.00,525470.85,36.96,21.84,29.40,-101.29,-113.21,-107.25,0,13.35,0.00,0.13,26.65,153.27,409.67,1152.07
Rodentia,Heteromyidae,Dipodomys,stephensi,dipodomys stephensi,-999.00,68.49,-999.00,116.50,14.00,-999.00,-999.00,-999.00,1.00,-999.00,-999.00,-999.00,7.90491e-04,9.43018e-04,-999.00,2.68,2.00,-999.00,4.40,40.00,3379.99,-999.00,-999.00,1.00,-999,-999.00,1,19.86,26.50,-999.00,386;1297;1514;1573;1720;2336;2655,-999.00,-999.00,-999.00,-999.00,8439.21,34.09,33.01,33.55,-116.68,-117.71,-117.20,14,346.75,14.00,0.08,25.61,114.10,347.22,1096.90
Rodentia,Heteromyidae,Dipodomys,venustus,dipodomys venustus,-999.00,81.52,-999.00,126.49,-999.00,-999.00,-999.00,-999.00,2.00,-999.00,-999.00,2.00,-999.00,-999.00,-999.00,1.73,1.50,-999.00,-999.00,-999.00,-999.00,-999.00,-999.00,-999.00,-999,1.00,1,-999.00,-999.00,-999.00,300;311;1297;2655,-999.00,-999.00,-999.00,-999.00,16390.36,37.86,35.10,36.48,-120.47,-122.51,-121.49,2,236.91,2.00,0.02,37.96,123.43,348.00,1137.52
Rodentia,Dipodidae,Dipus,sagitta,dipus sagitta,-999.00,89.00,-999.00,-999.00,-999.00,-999.00,-999.00,-999.00,7.00,-999.00,27.50,-999.00,-999.00,-999.00,-999.00,3.49,2.00,-999.00,-999.00,-999.00,-999.00,-999.00,-999.00,-999.00,-999,-999.00,2,-999.00,-999.00,-999.00,1297;2151;2655,-999.00,-999.00,-999.00,-999.00,5074051.06,52.88,32.10,42.49,123.68,44.16,83.92,0,13.86,0.00,0.04,17.71,57.86,217.88,649.63
Diprotodontia,Acrobatidae,Distoechurus,pennatus,distoechurus pennatus,1.00,52.74,-999.00,117.66,-999.00,-999.00,-999.00,-999.00,4.00,-999.00,-999.00,1.00,-999.00,-999.00,-999.00,1.31,-999.00,24.00,-999.00,-999.00,-999.00,-999.00,-999.00,-999.00,2,2.00,2,-999.00,-999.00,-999.00,543;955;975;977;1297;1991;2152;2655;2968;2969,-999.00,-999.00,-999.00,-999.00,234473.26,-0.71,-10.38,-5.55,149.82,133.85,141.84,1,10.71,2.00,0.13,286.00,213.56,1675.28,1708.11
Chiroptera,Pteropodidae,Dobsonia,anderseni,dobsonia anderseni,-999.00,233.99,122.55,-999.00,-999.00,-999.00,-999.00,-999.00,-999.00,-999.00,-999.00,-999.00,-999.00,-999.00,-999.00,-999.00,-999.00,-999.00,-999.00,-999.00,-999.00,-999.00,-999.00,-999.00,-999,-999.00,-999,-999.00,-999.00,-999.00,196;259,-999.00,-999.00,-999.00,-999.00,22628.33,-1.31,-6.13,-3.72,153.33,145.88,149.60,8,11.87,9.00,0.11,204.26,244.73,1653.00,1653.00
Chiroptera,Pteropodidae,Dobsonia,beauforti,dobsonia beauforti,-999.00,165.35,105.74,161.28,-999.00,-999.00,-999.00,-999.00,-999.00,-999.00,-999.00,1.00,-999.00,-999.00,-999.00,0.99,1.00,-999.00,-999.00,-999.00,-999.00,30.00,-999.00,-999.00,-999,2.00,-999,-999.00,-999.00,-999.00,259;978;1297;1658;2017;2151;2655,-999.00,-999.00,-999.00,-999.00,7965.78,0.04,-1.36,-0.66,136.38,129.27,132.83,5,15.24,5.00,0.07,222.99,258.66,-999.00,-999.00
Chiroptera,Pteropodidae,Dobsonia,chapmani,dobsonia chapmani,-999.00,-999.00,127.50,-999.00,-999.00,-999.00,-999.00,-999.00,-999.00,-999.00,-999.00,1.00,-999.00,-999.00,-999.00,-999.00,-999.00,-999.00,-999.00,-999.00,-999.00,300.00,-999.00,-999.00,-999,2.00,-999,-999.00,-999.00,-999.00,1658;2017;2151,269.61,-999.00,-999.00,-999.00,-999.00,-999.00,-999.00,-999.00,-999.00,-999.00,-999.00,-999,-999.00,-999.00,-999.00,-999.00,-999.00,-999.00,-999.00
Chiroptera,Pteropodidae,Dobsonia,crenulata,dobsonia crenulata,-999.00,218.21,122.37,178.14,-999.00,-999.00,-999.00,-999.00,-999.00,-999.00,-999.00,-999.00,-999.00,-999.00,-999.00,-999.00,-999.00,-999.00,-999.00,-999.00,-999.00,-999.00,-999.00,-999.00,-999,-999.00,-999,-999.00,-999.00,-999.00,80;759,-999.00,-999.00,-999.00,-999.00,25941.38,3.74,-1.74,0.99,128.90,125.35,127.13,5,45.72,5.00,0.04,201.40,250.00,-999.00,-999.00
Chiroptera,Pteropodidae,Dobsonia,emersa,dobsonia emersa,-999.00,201.06,115.64,164.32,-999.00,-999.00,-999.00,-999.00,-999.00,-999.00,-999.00,1.00,-999.00,-999.00,-999.00,-999.00,-999.00,-999.00,-999.00,-999.00,-999.00,-999.00,-999.00,-999.00,-999,2.00,-999,-999.00,-999.00,-999.00,978;1658;2151;2655,-999.00,-999.00,-999.00,-999.00,2639.50,-0.62,-1.52,-1.07,136.38,135.10,135.74,2,25.57,2.00,0.06,223.00,255.00,-999.00,-999.00
Chiroptera,Pteropodidae,Dobsonia,exoleta,dobsonia exoleta,-999.00,302.03,114.76,202.74,-999.00,-999.00,-999.00,-999.00,-999.00,-999.00,-999.00,1.00,-999.00,-999.00,-999.00,-999.00,-999.00,-999.00,-999.00,-999.00,-999.00,-999.00,-999.00,-999.00,-999,2.00,-999,-999.00,-999.00,-999.00,80;759;1658;2151;2655,-999.00,-999.00,-999.00,-999.00,174051.74,1.75,-5.70,-1.97,126.07,118.75,122.41,5,92.77,17.00,0.08,229.47,215.95,1812.60,1909.15
Chiroptera,Pteropodidae,Dobsonia,inermis,dobsonia inermis,-999.00,152.60,107.25,173.98,-999.00,-999.00,-999.00,-999.00,-999.00,-999.00,-999.00,1.00,-999.00,-999.00,-999.00,0.99,2.00,-999.00,-999.00,-999.00,-999.00,-999.00,-999.00,-999.00,-999,2.00,-999,-999.00,-999.00,-999.00,80;196;259;360;406;1297;1658;2151;2280;2655,-999.00,-999.00,-999.00,-999.00,34503.07,-5.00,-11.85,-8.42,162.39,154.51,158.45,13,14.02,13.00,0.17,192.96,262.00,-999.00,-999.00
Chiroptera,Pteropodidae,Dobsonia,magna,dobsonia magna,-999.00,465.00,148.84,-999.00,-999.00,-999.00,-999.00,-999.00,-999.00,-999.00,-999.00,-999.00,-999.00,-999.00,-999.00,-999.00,-999.00,-999.00,-999.00,-999.00,-999.00,550.00,755.15,-999.00,-999,-999.00,-999,165.00,-999.00,-999.00,80;196;259;2017,-999.00,-999.00,-999.00,-999.00,512543.88,-7.690014e-03,-17.83,-8.92,152.49,129.71,141.10,0,6.83,0.00,0.14,229.50,235.52,1524.91,1692.83
Chiroptera,Pteropodidae,Dobsonia,minor,dobsonia minor,-999.00,85.95,80.00,-999.00,-999.00,-999.00,92.01,80.35,1.00,-999.00,-999.00,1.00,-999.00,-999.00,-999.00,0.99,2.00,-999.00,-999.00,-999.00,-999.00,-999.00,-999.00,1.00,-999,2.00,1,-999.00,-999.00,-999.00,406;1297;1658;1822;1948;1950;2017;2151;2622;2655;2763,-999.00,-999.00,-999.00,-999.00,340450.08,-0.45,-9.80,-5.12,147.61,119.52,133.56,1,9.15,1.00,0.11,283.43,231.72,1665.88,1688.94
Chiroptera,Pteropodidae,Dobsonia,moluccensis,dobsonia moluccensis,-999.00,447.64,138.69,-999.00,-999.00,-999.00,394.20,463.80,1.00,-999.00,156.43,1.00,-999.00,-999.00,-999.00,0.99,1.00,-999.00,73.90,-999.00,-999.00,525.25,714.83,-999.00,-999,2.00,1,166.20,162.00,-999.00,80;259;360;406;866;1297;1658;1950;2143;2151;2622;2655;2744,-999.00,-999.00,-999.00,-999.00,45157.74,2.22,-3.87,-0.82,130.87,125.99,128.43,5,25.41,5.00,0.04,236.80,243.00,-999.00,-999.00
Chiroptera,Pteropodidae,Dobsonia,pannietensis,dobsonia pannietensis,-999.00,239.19,110.83,186.23,-999.00,-999.00,173.80,241.40,1.00,-999.00,-999.00,1.00,-999.00,-999.00,-999.00,0.98,-999.00,-999.00,-999.00,-999.00,-999.00,-999.00,-999.00,-999.00,-999,2.00,1,-999.00,-999.00,-999.00,80;259;265;406;978;1658;1950;2151;2655,-999.00,-999.00,-999.00,-999.00,5451.04,-8.40,-11.65,-10.03,154.28,150.09,152.18,12,12.00,12.00,0.09,267.00,254.00,-999.00,-999.00
Chiroptera,Pteropodidae,Dobsonia,peronii,dobsonia peronii,-999.00,226.51,115.10,-999.00,-999.00,-999.00,-999.00,-999.00,1.00,-999.00,-999.00,1.00,-999.00,-999.00,-999.00,0.98,-999.00,-999.00,52.40,-999.00,-999.00,147.50,-999.00,-999.00,-999,2.00,1,-999.00,-999.00,-999.00,80;262;1297;1386;1388;1621;1658;2017;2143;2151;2655;3023,-999.00,-999.00,-999.00,-999.00,84055.51,-7.55,-10.37,-8.96,129.86,114.43,122.14,19,131.92,19.00,0.07,204.26,241.37,-999.00,-999.00
Chiroptera,Pteropodidae,Dobsonia,praedatrix,dobsonia praedatrix,-999.00,178.74,116.50,161.13,-999.00,-999.00,141.80,179.50,1.00,-999.00,-999.00,1.00,-999.00,-999.00,-999.00,1.00,2.00,-999.00,32.00,-999.00,-999.00,12.00,-999.00,-999.00,-999,2.00,1,-999.00,-999.00,-999.00,80;196;360;406;978;1658;1950;2151;2655,-999.00,-999.00,-999.00,-999.00,24235.72,-2.35,-5.83,-4.09,153.11,147.74,150.43,8,10.86,8.00,0.16,202.73,244.83,-999.00,-999.00
Chiroptera,Pteropodidae,Dobsonia,viridis,dobsonia viridis,-999.00,240.66,115.01,-999.00,-999.00,-999.00,-999.00,-999.00,-999.00,-999.00,-999.00,1.00,-999.00,-999.00,-999.00,-999.00,-999.00,-999.00,-999.00,-999.00,-999.00,-999.00,-999.00,-999.00,-999,2.00,-999,-999.00,-999.00,-999.00,80;259;1658;2143;2151;2655,-999.00,-999.00,-999.00,-999.00,225635.37,2.64,-5.70,-1.53,130.87,118.75,124.81,5,71.21,5.00,0.07,231.15,222.00,1812.60,1909.15
Rodentia,Caviidae,Dolichotis,patagonum,dolichotis patagonum,3.00,8000.00,-999.00,663.84,-999.00,243.33,-999.00,-999.00,2.00,-999.00,97.97,2.00,0.69,0.83,99.61,1.75,3.50,168.00,578.96,-999.00,-999.00,69.00,216.03,2.00,8,1.00,1,76.28,-999.00,-999.00,511;539;543;890;1044;1297;1573;2151;2655;2788,-999.00,-999.00,-999.00,-999.00,824849.06,-27.06,-46.29,-36.67,-61.81,-71.46,-66.63,0,6.05,0.00,0.09,26.12,123.60,350.51,810.75
Rodentia,Caviidae,Dolichotis,salinicola,dolichotis salinicola,3.00,1607.60,-999.00,-999.00,-999.00,-999.00,725.85,1613.00,4.00,-999.00,77.50,1.00,-999.00,-999.00,-999.00,1.94,-999.00,-999.00,199.00,-999.00,-999.00,-999.00,-999.00,-999.00,4,1.00,1,-999.00,-999.00,-999.00,1297;1627;1822;2151;2480;2655,-999.00,-999.00,-999.00,-999.00,709321.91,-17.22,-34.17,-25.70,-57.40,-67.59,-62.50,0,9.40,0.00,0.08,60.17,199.86,769.38,1127.50
Carnivora,Herpestidae,Dologale,dybowskii,dologale dybowskii,-999.00,361.92,-999.00,289.15,-999.00,-999.00,-999.00,-999.00,-999.00,-999.00,-999.00,1.00,-999.00,-999.00,-999.00,4.00,-999.00,-999.00,-999.00,-999.00,-999.00,-999.00,-999.00,-999.00,-999,1.00,-999,-999.00,-999.00,-999.00,1113;2655,-999.00,-999.00,-999.00,-999.00,433013.15,5.99,-0.42,2.78,33.47,23.95,28.71,0,39.34,1.00,0.07,124.43,234.33,1343.59,1636.07
Artiodactyla,Bovidae,Dorcatragus,megalotis,dorcatragus megalotis,3.00,10918.12,-999.00,779.98,-999.00,-999.00,-999.00,-999.00,3.00,-999.00,-999.00,1.00,-999.00,-999.00,-999.00,1.00,-999.00,168.00,-999.00,-999.00,-999.00,-999.00,-999.00,7.00,2,1.00,1,-999.00,-999.00,-999.00,511;899;1525;1848;2655;2693;2986,-999.00,-999.00,-999.00,-999.00,77951.19,11.69,8.73,10.21,51.00,42.29,46.64,1,9.78,2.00,0.05,14.58,243.49,197.41,1769.61
Diprotodontia,Macropodidae,Dorcopsis,atrata,dorcopsis atrata,2.00,6198.87,-999.00,591.38,-999.00,-999.00,-999.00,-999.00,5.00,-999.00,-999.00,1.00,-999.00,-999.00,-999.00,1.01,-999.00,96.00,-999.00,-999.00,-999.00,-999.00,517.30,-999.00,1,1.00,2,362.93,-999.00,-999.00,511;978;1015;1760;1991;2152;2655,-999.00,-999.00,-999.00,-999.00,193.45,-9.26,-9.40,-9.33,150.31,150.13,150.22,12,12.00,12.00,0.09,-999.00,-999.00,-999.00,-999.00
Diprotodontia,Macropodidae,Dorcopsis,hageni,dorcopsis hageni,3.00,5499.99,-999.00,537.62,-999.00,-999.00,-999.00,-999.00,3.00,-999.00,-999.00,1.00,-999.00,-999.00,-999.00,1.01,-999.00,-999.00,-999.00,-999.00,-999.00,-999.00,517.30,1.00,-999,1.00,2,304.99,-999.00,-999.00,977;1760;1848;1991;2655,-999.00,-999.00,-999.00,-999.00,137660.44,-2.14,-7.58,-4.86,147.15,137.63,142.39,2,8.85,5.00,0.12,252.76,258.16,1685.02,1719.23
Diprotodontia,Macropodidae,Dorcopsis,luctuosa,dorcopsis luctuosa,2.00,4939.56,-999.00,663.46,-999.00,-999.00,-999.00,-999.00,3.00,-999.00,-999.00,1.00,-999.00,-999.00,191.00,1.01,-999.00,96.00,-999.00,-999.00,-999.00,-999.00,513.75,1.00,-999,1.00,1,300.95,-999.00,-999.00,417;955;977;1760;1848;1989;1991;2152;2655,-999.00,1.52,-999.00,-999.00,61047.01,-0.87,-10.37,-5.62,149.79,131.29,140.54,1,7.01,1.00,0.13,173.41,241.15,1523.01,1647.22
Diprotodontia,Macropodidae,Dorcopsis,muelleri,dorcopsis muelleri,-999.00,5370.79,-999.00,678.67,-999.00,-999.00,-999.00,-999.00,-999.00,-999.00,-999.00,1.00,-999.00,-999.00,-999.00,1.00,-999.00,91.20,-999.00,-999.00,-999.00,-999.00,-999.00,1.00,-999,1.00,-999,269.23,-999.00,-999.00,543;955;977;1760;1848;2152;2655,-999.00,-999.00,-999.00,-999.00,63643.38,-0.73,-5.08,-2.90,139.05,129.71,134.38,2,4.61,2.00,0.11,207.48,230.10,1733.61,1817.82
Diprotodontia,Macropodidae,Dorcopsulus,macleayi,dorcopsulus macleayi,1.00,2780.54,-999.00,399.68,-999.00,-999.00,-999.00,-999.00,2.00,-999.00,-999.00,1.00,-999.00,-999.00,-999.00,1.24,-999.00,-999.00,-999.00,-999.00,-999.00,-999.00,-999.00,1.00,-999,1.00,1,-999.00,-999.00,-999.00,661;977;1760;1848;2152;2655,-999.00,-999.00,-999.00,-999.00,4202.60,-6.42,-9.65,-8.04,147.64,144.72,146.18,5,21.32,5.00,0.06,209.51,193.93,1607.98,1622.49
Diprotodontia,Macropodidae,Dorcopsulus,vanheurni,dorcopsulus vanheurni,2.00,1890.36,-999.00,386.89,-999.00,-999.00,-999.00,-999.00,2.00,-999.00,-999.00,1.00,-999.00,-999.00,-999.00,1.18,-999.00,-999.00,-999.00,-999.00,-999.00,-999.00,-999.00,1.00,-999,1.00,1,-999.00,-999.00,-999.00,977;1297;1760;1848;1991;2152;2655,-999.00,-999.00,-999.00,-999.00,147605.92,-3.26,-10.10,-6.68,149.60,137.60,143.60,2,11.48,3.00,0.13,270.82,196.11,1672.75,1684.64
Rodentia,Sciuridae,Dremomys,everetti,dremomys everetti,-999.00,129.78,-999.00,203.50,-999.00,-999.00,-999.00,-999.00,5.00,-999.00,-999.00,2.00,-999.00,-999.00,-999.00,-999.00,-999.00,-999.00,-999.00,-999.00,-999.00,-999.00,-999.00,-999.00,6,2.00,2,-999.00,-999.00,-999.00,2152;2655,-999.00,-999.00,-999.00,-999.00,34475.51,6.47,2.96,4.71,117.21,114.28,115.75,1,19.57,2.00,0.24,278.96,224.72,1764.89,1811.38
Rodentia,Sciuridae,Dremomys,gularis,dremomys gularis,-999.00,-999.00,-999.00,-999.00,-999.00,-999.00,-999.00,-999.00,-999.00,-999.00,-999.00,-999.00,-999.00,-999.00,-999.00,-999.00,-999.00,-999.00,-999.00,-999.00,-999.00,-999.00,-999.00,-999.00,-999,-999.00,-999,-999.00,-999.00,-999.00,-999,-999.00,-999.00,-999.00,-999.00,79065.48,24.03,20.27,22.15,106.09,102.91,104.50,42,173.07,49.00,0.10,128.11,170.60,1081.04,1218.72
Rodentia,Sciuridae,Dremomys,lokriah,dremomys lokriah,-999.00,226.99,-999.00,-999.00,-999.00,-999.00,-999.00,-999.00,-999.00,-999.00,-999.00,1.00,-999.00,-999.00,-999.00,3.68,-999.00,85.20,-999.00,-999.00,-999.00,-999.00,-999.00,-999.00,-999,2.00,-999,-999.00,-999.00,-999.00,32;543;1297;2655,-999.00,-999.00,-999.00,-999.00,365201.53,29.35,20.73,25.04,99.12,84.29,91.71,1,93.75,1.00,0.09,179.15,128.85,1047.51,1242.90
Rodentia,Sciuridae,Dremomys,pernyi,dremomys pernyi,-999.00,198.63,-999.00,-999.00,-999.00,-999.00,-999.00,-999.00,-999.00,-999.00,-999.00,1.00,-999.00,-999.00,-999.00,-999.00,-999.00,-999.00,-999.00,-999.00,-999.00,-999.00,-999.00,-999.00,-999,2.00,-999,-999.00,-999.00,-999.00,32;2655,-999.00,-999.00,-999.00,-999.00,948328.77,30.57,21.90,26.24,122.00,94.87,108.43,1,216.90,4.00,0.06,129.16,123.18,963.09,1064.97
Rodentia,Sciuridae,Dremomys,pyrrhomerus,dremomys pyrrhomerus,-999.00,-999.00,-999.00,-999.00,-999.00,-999.00,-999.00,-999.00,-999.00,-999.00,-999.00,-999.00,-999.00,-999.00,-999.00,-999.00,-999.00,-999.00,-999.00,-999.00,-999.00,-999.00,-999.00,-999.00,-999,-999.00,-999,-999.00,-999.00,-999.00,-999,-999.00,-999.00,-999.00,-999.00,733238.50,31.19,18.16,24.68,118.47,103.65,111.06,49,219.98,81.00,0.07,119.34,156.34,1031.03,1089.42
Rodentia,Sciuridae,Dremomys,rufigenis,dremomys rufigenis,-999.00,200.32,-999.00,202.68,-999.00,-999.00,-999.00,-999.00,-999.00,-999.00,-999.00,-999.00,-999.00,-999.00,-999.00,-999.00,-999.00,-999.00,-999.00,-999.00,-999.00,-999.00,-999.00,-999.00,-999,-999.00,-999,-999.00,-999.00,-999.00,1971;2655;2844,-999.00,-999.00,-999.00,-999.00,1070548.68,26.49,2.52,14.51,108.58,94.92,101.75,2,86.60,6.00,0.09,159.35,224.53,1164.97,1491.52
Microbiotheria,Microbiotheriidae,Dromiciops,gliroides,dromiciops gliroides,1.00,25.00,-999.00,105.74,-999.00,-999.00,-999.00,-999.00,6.00,-999.00,-999.00,2.00,-999.00,-999.00,365.00,3.00,-999.00,38.40,-999.00,-999.00,49.99,-999.00,556.85,-999.00,4,2.00,2,-999.00,-999.00,-999.00,543;889;899;955;1297;1330;1571;1760;1888;2008;2151;2242;2290;2655,-999.00,1.10,-999.00,-999.00,58876.08,-36.77,-42.95,-39.86,-71.34,-73.96,-72.65,3,49.23,4.00,0.05,106.14,90.93,691.31,858.65
Rodentia,Gliridae,Dryomys,laniger,dryomys laniger,1.00,25.91,-999.00,105.00,16.00,-999.00,-999.00,-999.00,4.00,-999.00,30.20,3.00,-999.00,-999.00,-999.00,4.18,1.00,-999.00,-999.00,-999.00,-999.00,-999.00,-999.00,-999.00,-999,2.00,2,31.32,-999.00,-999.00,899;1297;2151,-999.00,-999.00,-999.00,-999.00,612.63,37.53,36.63,37.08,34.52,29.98,32.25,49,66.00,49.00,0.14,58.32,91.33,382.87,1017.29
Rodentia,Gliridae,Dryomys,niethammeri,dryomys niethammeri,-999.00,-999.00,-999.00,-999.00,-999.00,-999.00,-999.00,-999.00,-999.00,-999.00,-999.00,-999.00,-999.00,-999.00,-999.00,-999.00,-999.00,-999.00,-999.00,-999.00,-999.00,-999.00,-999.00,-999.00,-999,-999.00,-999,-999.00,-999.00,-999.00,-999,-999.00,-999.00,-999.00,-999.00,-999.00,-999.00,-999.00,-999.00,-999.00,-999.00,-999.00,-999,-999.00,-999.00,-999.00,-999.00,-999.00,-999.00,-999.00
Rodentia,Gliridae,Dryomys,nitedula,dryomys nitedula,1.00,29.50,-999.00,105.00,16.00,-999.00,-999.00,-999.00,4.00,-999.00,24.50,3.00,-999.00,-999.00,-999.00,3.24,1.00,48.00,1.57,-999.00,-999.00,-999.00,-999.00,-999.00,-999,2.00,2,31.32,-999.00,-999.00,543;1297;2151;2655,-999.00,-999.00,-999.00,-999.00,4841456.73,57.41,27.22,42.31,93.45,9.67,51.56,1,71.82,4.00,0.06,38.84,81.30,382.11,820.82
Sirenia,Dugongidae,Dugong,dugon,dugong dugon,2.00,295000.00,-999.00,2550.00,-999.00,-999.00,-999.00,-999.00,4.00,-999.00,372.52,1.00,47.17,52.43,1733.75,1.00,-999.00,840.00,23452.07,1100.00,-999.00,12.40,3775.76,3.90,-999,-999.00,2,545.94,-999.00,-999.00,92;543;679;890;899;1297;1424;2151;2193;2332;2629;2655,-999.00,0.50,-999.00,-999.00,-999.00,-999.00,-999.00,-999.00,-999.00,-999.00,-999.00,-999,-999.00,-999.00,-999.00,-999.00,-999.00,-999.00,-999.00
Carnivora,Canidae,Dusicyon,australis,dusicyon australis,-999.00,-999.00,-999.00,957.14,-999.00,-999.00,-999.00,-999.00,1.00,-999.00,-999.00,1.00,-999.00,-999.00,-999.00,-999.00,-999.00,-999.00,-999.00,-999.00,-999.00,-999.00,-999.00,-999.00,-999,1.00,3,-999.00,-999.00,-999.00,1113,21083.00,-999.00,-999.00,-999.00,-999.00,-999.00,-999.00,-999.00,-999.00,-999.00,-999.00,-999,-999.00,-999.00,-999.00,-999.00,-999.00,-999.00,-999.00
Chiroptera,Pteropodidae,Dyacopterus,brooksi,dyacopterus brooksi,-999.00,-999.00,81.45,-999.00,-999.00,-999.00,-999.00,-999.00,-999.00,-999.00,-999.00,-999.00,-999.00,-999.00,-999.00,-999.00,-999.00,-999.00,-999.00,-999.00,-999.00,-999.00,-999.00,-999.00,-999,-999.00,-999,-999.00,-999.00,-999.00,1343,74.70,-999.00,-999.00,-999.00,6196.65,-1.87,-2.67,-2.27,102.29,101.49,101.89,35,43.14,35.00,0.21,316.14,226.57,1858.56,1866.28
Chiroptera,Pteropodidae,Dyacopterus,spadiceus,dyacopterus spadiceus,-999.00,81.10,79.66,129.30,-999.00,-999.00,-999.00,-999.00,-999.00,-999.00,-999.00,1.00,-999.00,-999.00,-999.00,-999.00,-999.00,-999.00,-999.00,-999.00,-999.00,-999.00,-999.00,-999.00,-999,2.00,-999,-999.00,-999.00,-999.00,1343;1658;2151;2269;2622;2655;2709;2710;2834,-999.00,-999.00,-999.00,-999.00,121150.39,18.14,1.88,10.01,125.37,99.84,112.60,1,74.05,3.00,0.14,245.06,237.27,1679.59,1760.39
Soricomorpha,Talpidae,Dymecodon,pilirostris,dymecodon pilirostris,2.00,15.46,-999.00,65.87,-999.00,-999.00,-999.00,-999.00,1.00,-999.00,40.00,2.00,-999.00,-999.00,-999.00,3.00,1.00,-999.00,-999.00,-999.00,4999.99,2.00,-999.00,-999.00,-999,1.00,3,-999.00,-999.00,-999.00,2131;2741,-999.00,-999.00,-999.00,-999.00,19085.78,40.60,32.62,36.61,141.64,131.09,136.37,93,366.02,93.00,9.79271843757379e-03,137.95,78.36,759.60,798.26
Rodentia,Echimyidae,Echimys,chrysurus,echimys chrysurus,1.00,609.99,-999.00,296.11,-999.00,-999.00,-999.00,-999.00,2.00,-999.00,-999.00,1.00,-999.00,-999.00,-999.00,1.94,-999.00,-999.00,-999.00,-999.00,6.20,-999.00,-999.00,1.00,-999,2.00,1,-999.00,-999.00,-999.00,730;905;1297;2151;2431;2655,-999.00,-999.00,-999.00,-999.00,1259228.06,6.89,-6.42,0.23,-45.29,-61.81,-53.55,0,6.45,0.00,0.11,162.77,252.94,1436.10,1674.17
Rodentia,Echimyidae,Echimys,saturnus,echimys saturnus,-999.00,626.89,-999.00,-999.00,-999.00,-999.00,-999.00,-999.00,-999.00,-999.00,-999.00,-999.00,-999.00,-999.00,-999.00,-999.00,-999.00,-999.00,-999.00,-999.00,-999.00,-999.00,-999.00,-999.00,-999,-999.00,-999,-999.00,-999.00,-999.00,2655,-999.00,-999.00,-999.00,-999.00,159720.92,0.63,-3.25,-1.30,-73.52,-78.40,-75.96,1,9.95,1.00,0.15,238.00,252.72,1384.88,1391.85
Rodentia,Echimyidae,Echimys,semivillosus,echimys semivillosus,1.00,282.36,-999.00,-999.00,-999.00,-999.00,-999.00,-999.00,1.00,-999.00,-999.00,1.00,-999.00,-999.00,-999.00,-999.00,-999.00,-999.00,-999.00,-999.00,35.43,-999.00,-999.00,-999.00,-999,2.00,1,-999.00,-999.00,-999.00,730;2151;2655,-999.00,-999.00,-999.00,-999.00,276412.12,11.54,5.88,8.71,-64.34,-74.95,-69.65,1,78.33,1.00,0.11,98.27,254.60,1273.73,1741.56
Rodentia,Erethizontidae,Echinoprocta,rufescens,echinoprocta rufescens,-999.00,831.79,-999.00,-999.00,-999.00,-999.00,-999.00,-999.00,-999.00,-999.00,-999.00,-999.00,-999.00,-999.00,-999.00,-999.00,-999.00,-999.00,-999.00,-999.00,-999.00,-999.00,-999.00,-999.00,-999,-999.00,-999,-999.00,-999.00,-999.00,2655,-999.00,-999.00,-999.00,-999.00,32259.39,1.66,-3.52,-0.92,-75.80,-78.51,-77.15,2,23.17,2.00,0.13,207.19,206.06,1374.84,1395.21
Afrosoricida,Tenrecidae,Echinops,telfairi,echinops telfairi,1.00,152.25,-999.00,160.00,8.50,-999.00,133.86,116.40,1.00,-999.00,62.54,2.00,-999.00,-999.00,-999.00,5.49,1.00,156.00,7.49,-999.00,-999.00,1.00,278.42,-999.00,-999,2.00,3,31.18,-999.00,-999.00,543;886;1045;1160;1297;1822;2151;2655;2720;2786,-999.00,-999.00,-999.00,-999.00,61701.13,-19.69,-25.47,-22.58,46.68,43.22,44.95,2,15.04,3.00,0.19,57.94,236.45,801.62,1666.89
Erinaceomorpha,Erinaceidae,Echinosorex,gymnura,echinosorex gymnura,2.00,756.53,-999.00,327.70,-999.00,-999.00,504.84,721.20,3.00,-999.00,37.74,2.00,-999.00,-999.00,-999.00,1.90,2.00,84.00,14.24,80.00,-999.00,1.00,-999.00,-999.00,-999,1.00,2,-999.00,-999.00,-999.00,543;678;886;1297;1456;1822;1946;1973;2408;2655;2786,-999.00,-999.00,-999.00,-999.00,1374526.86,11.33,-5.94,2.69,119.26,95.18,107.22,1,72.34,4.00,0.15,241.40,248.91,1683.73,1746.69
Rodentia,Muridae,Echiothrix,centrosa,echiothrix centrosa,-999.00,-999.00,-999.00,-999.00,-999.00,-999.00,-999.00,-999.00,-999.00,-999.00,-999.00,-999.00,-999.00,-999.00,-999.00,-999.00,-999.00,-999.00,-999.00,-999.00,-999.00,-999.00,-999.00,-999.00,-999,-999.00,-999,-999.00,-999.00,-999.00,-999,-999.00,-999.00,-999.00,-999.00,-999.00,-999.00,-999.00,-999.00,-999.00,-999.00,-999.00,-999,-999.00,-999.00,-999.00,-999.00,-999.00,-999.00,-999.00
Rodentia,Muridae,Echiothrix,leucura,echiothrix leucura,-999.00,-999.00,-999.00,-999.00,-999.00,-999.00,-999.00,-999.00,1.00,-999.00,-999.00,-999.00,-999.00,-999.00,-999.00,-999.00,-999.00,-999.00,-999.00,-999.00,-999.00,-999.00,-999.00,-999.00,-999,-999.00,3,-999.00,-999.00,-999.00,679,-999.00,-999.00,-999.00,-999.00,-999.00,-999.00,-999.00,-999.00,-999.00,-999.00,-999.00,-999,-999.00,-999.00,-999.00,-999.00,-999.00,-999.00,-999.00
Peramelemorphia,Peramelidae,Echymipera,clara,echymipera clara,1.00,1204.61,-999.00,340.92,-999.00,-999.00,-999.00,-999.00,2.00,-999.00,-999.00,2.00,0.01,0.01,120.00,2.20,-999.00,-999.00,-999.00,-999.00,-999.00,-999.00,-999.00,1.00,-999,1.00,2,-999.00,-999.00,-999.00,977;1991;2152;2655,-999.00,1.93,-999.00,-999.00,79519.52,-1.59,-5.77,-3.68,144.89,135.41,140.15,2,9.13,2.00,0.13,257.88,251.29,1681.79,1701.08
Peramelemorphia,Peramelidae,Echymipera,davidi,echymipera davidi,-999.00,817.05,-999.00,375.82,-999.00,-999.00,-999.00,-999.00,-999.00,-999.00,-999.00,-999.00,-999.00,-999.00,-999.00,-999.00,-999.00,-999.00,-999.00,-999.00,-999.00,-999.00,-999.00,-999.00,-999,-999.00,-999,-999.00,-999.00,-999.00,972;978;2655,-999.00,-999.00,-999.00,-999.00,280.10,-8.40,-8.80,-8.60,151.15,150.99,151.07,12,12.00,12.00,0.09,-999.00,-999.00,-999.00,-999.00
Peramelemorphia,Peramelidae,Echymipera,echinista,echymipera echinista,-999.00,1204.61,-999.00,348.94,-999.00,-999.00,-999.00,-999.00,-999.00,-999.00,-999.00,-999.00,-999.00,-999.00,-999.00,-999.00,-999.00,-999.00,-999.00,-999.00,-999.00,-999.00,-999.00,-999.00,6,-999.00,-999,-999.00,-999.00,-999.00,977;1990;1991;2655,-999.00,-999.00,-999.00,-999.00,547.08,-5.38,-8.94,-7.16,143.05,142.11,142.58,1,3.76,1.00,0.15,281.00,215.06,1586.57,1661.31
Peramelemorphia,Peramelidae,Echymipera,kalubu,echymipera kalubu,1.00,825.16,-999.00,270.27,-999.00,-999.00,343.51,697.50,3.00,-999.00,13.03,-999.00,0.01,0.02,120.00,2.07,-999.00,-999.00,-999.00,-999.00,-999.00,-999.00,-999.00,-999.00,8,-999.00,2,-999.00,-999.00,-999.00,90;661;955;977;1095;1408;1412;1822;1946;1990;1991;2655,-999.00,1.93,-999.00,-999.00,546845.23,-7.690093e-03,-10.38,-5.19,152.40,129.71,141.05,1,8.22,1.00,0.15,243.64,237.28,1668.92,1704.05
Peramelemorphia,Peramelidae,Echymipera,rufescens,echymipera rufescens,1.00,1051.48,-999.00,452.54,-999.00,-999.00,392.92,836.00,-999.00,-999.00,-999.00,1.00,-999.00,-999.00,-999.00,2.18,-999.00,34.80,-999.00,-999.00,-999.00,-999.00,-999.00,-999.00,4,1.00,-999,-999.00,-999.00,-999.00,511;543;977;1095;1412;1822;1946;1990;1991;2655,-999.00,-999.00,-999.00,-999.00,844307.77,-0.34,-14.77,-7.55,151.29,129.71,140.50,0,6.02,0.00,0.15,230.53,242.79,1594.92,1713.95
Chiroptera,Phyllostomidae,Ectophylla,alba,ectophylla alba,-999.00,5.55,28.65,-999.00,0.00,-999.00,-999.00,-999.00,1.00,-999.00,-999.00,1.00,-999.00,-999.00,-999.00,0.99,2.00,-999.00,-999.00,-999.00,-999.00,6.00,-999.00,-999.00,-999,2.00,1,24.98,-999.00,-999.00,108;473;474;1297;1658;1705;2151;2655;2850;3023,-999.00,-999.00,-999.00,-999.00,138091.24,15.99,8.94,12.47,-82.12,-86.00,-84.06,2,26.81,2.00,0.19,232.56,239.50,1414.05,1685.69
Chiroptera,Pteropodidae,Eidolon,dupreanum,eidolon dupreanum,2.00,297.58,127.72,202.50,-999.00,-999.00,-999.00,-999.00,4.00,-999.00,131.32,1.00,-999.00,-999.00,-999.00,1.22,1.00,240.00,49.99,-999.00,-999.00,-999.00,-999.00,-999.00,-999,2.00,1,-999.00,-999.00,-999.00,77;271;1048;2151;2655,-999.00,-999.00,-999.00,-999.00,594211.19,-11.94,-25.60,-18.77,50.48,43.22,46.85,2,25.75,3.00,0.19,120.91,219.78,1075.65,1581.19
Chiroptera,Pteropodidae,Eidolon,helvum,eidolon helvum,1.00,254.61,120.50,182.58,-999.00,-999.00,-999.00,-999.00,2.00,-999.00,164.36,1.00,-999.00,-999.00,-999.00,1.08,1.00,261.99,48.28,-999.00,-999.00,50000.00,-999.00,-999.00,-999,2.00,1,60.83,90.06,-999.00,17;77;196;258;266;271;360;543;769;904;932;1034;1271;1297;1309;1386;1510;1536;1658;1938;2017;2090;2143;2151;2177;2622;2655;2719;3023;3071,-999.00,-999.00,-999.00,-999.00,18942406.16,18.49,-34.83,-8.17,51.41,-17.53,16.93,0,34.30,1.00,0.13,84.60,233.78,864.91,1524.57
Carnivora,Mustelidae,Eira,barbara,eira barbara,2.00,4134.99,-999.00,612.64,41.50,-999.00,1711.80,4135.00,2.00,-999.00,66.74,2.00,11.40,10.70,-999.00,2.14,-999.00,216.00,83.00,-999.00,1.77,-999.00,766.15,-999.00,-999,2.00,2,94.46,1655.67,-999.00,367;543;730;890;1113;1297;1573;2151;2431;2655,-999.00,-999.00,-999.00,-999.00,13411787.90,24.75,-33.74,-4.49,-37.89,-107.20,-72.54,0,28.16,0.00,0.11,149.90,235.82,1289.81,1527.83
Artiodactyla,Cervidae,Elaphodus,cephalophus,elaphodus cephalophus,-999.00,23087.87,-999.00,-999.00,-999.00,-999.00,-999.00,-999.00,-999.00,-999.00,181.24,-999.00,-999.00,-999.00,-999.00,1.00,-999.00,-999.00,-999.00,-999.00,-999.00,-999.00,631.37,-999.00,-999,-999.00,-999,-999.00,-999.00,-999.00,653;1297;2655;3010,-999.00,-999.00,-999.00,-999.00,1959738.34,33.65,22.11,27.88,122.13,96.23,109.18,1,202.34,3.00,0.06,122.62,116.97,947.47,1051.06
Artiodactyla,Cervidae,Elaphurus,davidianus,elaphurus davidianus,-999.00,165989.17,-999.00,-999.00,-999.00,-999.00,-999.00,-999.00,2.00,-999.00,286.49,1.00,-999.00,-999.00,359.50,1.22,-999.00,279.60,10467.50,-999.00,-999.00,-999.00,-999.00,-999.00,-999,1.00,1,155.59,-999.00,-999.00,511;543;653;899;1297;2525;2655;2986;3010,-999.00,1.10,-999.00,-999.00,-999.00,-999.00,-999.00,-999.00,-999.00,-999.00,-999.00,-999,-999.00,-999.00,-999.00,-999.00,-999.00,-999.00,-999.00
Rodentia,Heptaxodontidae,Elasmodontomys,obliquus,elasmodontomys obliquus,-999.00,13700.00,-999.00,-999.00,-999.00,-999.00,-999.00,-999.00,-999.00,-999.00,-999.00,-999.00,-999.00,-999.00,-999.00,-999.00,-999.00,-999.00,-999.00,-999.00,-999.00,-999.00,-999.00,-999.00,-999,-999.00,-999,-999.00,-999.00,-999.00,2655,-999.00,-999.00,-999.00,-999.00,-999.00,-999.00,-999.00,-999.00,-999.00,-999.00,-999.00,-999,-999.00,-999.00,-999.00,-999.00,-999.00,-999.00,-999.00
Macroscelidea,Macroscelididae,Elephantulus,brachyrhynchus,elephantulus brachyrhynchus,2.00,45.11,-999.00,115.62,-999.00,-999.00,43.57,45.30,1.00,-999.00,-999.00,2.00,-999.00,-999.00,75.00,1.54,-999.00,-999.00,-999.00,-999.00,33.09,-999.00,-999.00,1.00,-999,1.00,3,-999.00,-999.00,-999.00,1297;1585;1772;1798;1822;2113;2115;2259;2375;2391;2396;2629;2655;3075,-999.00,2.45,-999.00,-999.00,4159026.28,2.40,-27.46,-12.52,39.72,12.53,26.13,0,31.17,1.00,0.17,82.78,217.26,874.15,1458.51
Macroscelidea,Macroscelididae,Elephantulus,edwardii,elephantulus edwardii,1.00,49.69,-999.00,118.86,0.00,-999.00,54.39,49.90,-999.00,-999.00,-999.00,1.00,-999.00,-999.00,-999.00,1.80,-999.00,-999.00,11.90,-999.00,1470.41,-999.00,-999.00,2.00,-999,1.00,-999,27.28,-999.00,-999.00,730;775;1297;1822;1947;2115;2259;2396;2442;2629;2655;3075,-999.00,-999.00,-999.00,-999.00,143549.15,-28.97,-34.21,-31.59,26.31,16.87,21.59,1,30.86,1.00,0.09,22.65,161.20,374.09,1043.00
Macroscelidea,Macroscelididae,Elephantulus,fuscipes,elephantulus fuscipes,-999.00,57.00,-999.00,-999.00,-999.00,-999.00,-999.00,-999.00,-999.00,-999.00,-999.00,-999.00,-999.00,-999.00,-999.00,0.96,-999.00,-999.00,-999.00,-999.00,-999.00,-999.00,-999.00,-999.00,-999,-999.00,-999,-999.00,-999.00,-999.00,1297;2655,-999.00,-999.00,-999.00,-999.00,204288.74,6.17,0.63,3.40,34.16,26.40,30.28,1,37.21,1.00,0.03,120.79,237.35,1271.07,1633.61
Carnivora,Mustelidae,Enhydra,lutris,enhydra lutris,3.00,27410.93,-999.00,1435.71,0.00,-999.00,12060.00,18000.00,6.00,182.00,238.00,1.00,3.43,3.63,365.00,0.96,-999.00,360.00,1894.37,-999.00,6.46,-999.00,1022.33,-999.00,2,-999.00,2,178.98,12414.82,-999.00,367;543;1113;1297;1573;1822;2655;2986,-999.00,1.10,-999.00,-999.00,-999.00,-999.00,-999.00,-999.00,-999.00,-999.00,-999.00,-999,-999.00,-999.00,-999.00,-999.00,-999.00,-999.00,-999.00
Rodentia,Sciuridae,Eoglaucomys,fimbriatus,eoglaucomys fimbriatus,1.00,510.00,-999.00,-999.00,-999.00,-999.00,-999.00,-999.00,-999.00,-999.00,-999.00,1.00,-999.00,-999.00,-999.00,3.74,2.00,-999.00,-999.00,-999.00,-999.00,-999.00,-999.00,-999.00,-999,2.00,-999,75.47,-999.00,-999.00,1297;2655;3122,-999.00,-999.00,-999.00,-999.00,120532.97,35.20,30.80,33.00,78.62,69.18,73.90,2,170.85,7.00,0.14,66.26,107.91,748.29,1148.70
Rodentia,Cricetidae,Eolagurus,luteus,eolagurus luteus,-999.00,26.00,-999.00,-999.00,-999.00,-999.00,-999.00,-999.00,-999.00,-999.00,-999.00,-999.00,-999.00,-999.00,-999.00,7.50,3.50,-999.00,-999.00,-999.00,-999.00,-999.00,24.91,-999.00,-999,-999.00,-999,-999.00,-999.00,-999.00,1297;2655,-999.00,-999.00,-999.00,-999.00,358386.88,48.72,43.83,46.27,97.47,83.01,90.24,1,7.93,1.00,0.08,13.55,12.04,187.60,579.88
Rodentia,Cricetidae,Eolagurus,przewalskii,eolagurus przewalskii,-999.00,-999.00,-999.00,-999.00,-999.00,-999.00,-999.00,-999.00,-999.00,-999.00,-999.00,-999.00,-999.00,-999.00,-999.00,-999.00,-999.00,-999.00,-999.00,-999.00,-999.00,-999.00,-999.00,-999.00,-999,-999.00,-999,-999.00,-999.00,-999.00,-999,-999.00,-999.00,-999.00,-999.00,1326880.59,51.75,35.81,43.78,115.56,90.07,102.81,0,5.61,0.00,0.04,17.19,4.76,185.74,596.19
Chiroptera,Pteropodidae,Eonycteris,major,eonycteris major,-999.00,70.70,79.76,-999.00,-999.00,-999.00,-999.00,-999.00,1.00,-999.00,-999.00,1.00,-999.00,-999.00,-999.00,1.00,-999.00,-999.00,12.99,-999.00,-999.00,-999.00,-999.00,-999.00,-999,2.00,1,-999.00,-999.00,-999.00,81;679;1658;1705;2151;2655,-999.00,-999.00,-999.00,-999.00,328195.70,5.77,-1.65,2.05,117.48,110.44,113.96,1,11.34,3.00,0.17,271.55,232.09,1679.56,1690.91
Chiroptera,Pteropodidae,Eonycteris,robusta,eonycteris robusta,-999.00,78.36,-999.00,-999.00,-999.00,-999.00,-999.00,-999.00,-999.00,-999.00,-999.00,-999.00,-999.00,-999.00,-999.00,-999.00,-999.00,-999.00,-999.00,-999.00,-999.00,-999.00,-999.00,-999.00,-999,-999.00,-999,-999.00,-999.00,-999.00,1439,-999.00,-999.00,-999.00,-999.00,223952.00,18.65,5.55,12.10,126.60,119.74,123.17,19,238.88,35.00,0.09,201.68,241.28,1470.69,1729.38
Chiroptera,Pteropodidae,Eonycteris,spelaea,eonycteris spelaea,-999.00,58.70,69.00,123.83,-999.00,-999.00,47.98,51.60,2.00,-999.00,152.18,1.00,-999.00,-999.00,-999.00,1.00,2.00,60.00,14.60,-999.00,-999.00,3000.00,357.41,-999.00,-999,2.00,2,59.95,-999.00,-999.00,196;224;355;356;360;361;679;978;1271;1297;1309;1386;1388;1439;1621;1658;1822;1948;2017;2143;2151;2295;2501;2627;2655;2719;3023,-999.00,-999.00,-999.00,-999.00,3882233.27,30.46,-10.37,10.04,128.90,74.22,101.56,1,163.15,5.00,0.10,184.62,225.74,1270.52,1539.33
Rodentia,Spalacidae,Eospalax,fontanierii,eospalax fontanierii,-999.00,256.76,-999.00,-999.00,-999.00,-999.00,-999.00,-999.00,-999.00,-999.00,-999.00,-999.00,-999.00,-999.00,-999.00,-999.00,-999.00,-999.00,9.02,-999.00,-999.00,-999.00,-999.00,-999.00,-999,-999.00,-999,-999.00,-999.00,-999.00,2756;3130,-999.00,-999.00,-999.00,-999.00,952910.54,41.36,27.81,34.58,120.49,98.49,109.49,0,147.90,2.00,0.05,54.39,41.47,557.49,806.04
Rodentia,Spalacidae,Eospalax,rothschildi,eospalax rothschildi,-999.00,-999.00,-999.00,-999.00,-999.00,-999.00,-999.00,-999.00,-999.00,-999.00,-999.00,-999.00,-999.00,-999.00,-999.00,-999.00,-999.00,-999.00,-999.00,-999.00,-999.00,-999.00,-999.00,-999.00,-999,-999.00,-999,-999.00,-999.00,-999.00,-999,-999.00,-999.00,-999.00,-999.00,119023.34,34.49,30.77,32.63,112.22,107.38,109.80,61,221.10,80.00,0.05,65.09,114.49,809.25,908.21
Rodentia,Spalacidae,Eospalax,smithii,eospalax smithii,-999.00,-999.00,-999.00,-999.00,-999.00,-999.00,-999.00,-999.00,-999.00,-999.00,-999.00,-999.00,-999.00,-999.00,-999.00,-999.00,-999.00,-999.00,-999.00,-999.00,-999.00,-999.00,-999.00,-999.00,-999,-999.00,-999,-999.00,-999.00,-999.00,-999,-999.00,-999.00,-999.00,-999.00,132161.70,36.42,32.82,34.62,107.33,103.00,105.16,8,132.90,14.00,0.06,44.26,66.94,583.37,814.39
Rodentia,Cricetidae,Eothenomys,cachinus,eothenomys cachinus,-999.00,-999.00,-999.00,-999.00,-999.00,-999.00,-999.00,-999.00,-999.00,-999.00,-999.00,-999.00,-999.00,-999.00,-999.00,-999.00,-999.00,-999.00,-999.00,-999.00,-999.00,-999.00,-999.00,-999.00,-999,-999.00,-999,-999.00,-999.00,-999.00,-999,-999.00,-999.00,-999.00,-999.00,-999.00,-999.00,-999.00,-999.00,-999.00,-999.00,-999.00,-999,-999.00,-999.00,-999.00,-999.00,-999.00,-999.00,-999.00
Rodentia,Cricetidae,Eothenomys,chinensis,eothenomys chinensis,-999.00,-999.00,-999.00,-999.00,-999.00,-999.00,-999.00,-999.00,-999.00,-999.00,-999.00,-999.00,-999.00,-999.00,-999.00,-999.00,-999.00,-999.00,-999.00,-999.00,-999.00,-999.00,-999.00,-999.00,-999,-999.00,-999,-999.00,-999.00,-999.00,-999,-999.00,-999.00,-999.00,-999.00,245944.74,30.59,25.64,28.11,105.74,98.58,102.16,3,109.76,4.00,0.06,135.27,74.73,826.94,1002.95
Rodentia,Cricetidae,Eothenomys,custos,eothenomys custos,-999.00,-999.00,-999.00,-999.00,-999.00,-999.00,-999.00,-999.00,-999.00,-999.00,-999.00,-999.00,-999.00,-999.00,-999.00,-999.00,-999.00,-999.00,-999.00,-999.00,-999.00,-999.00,-999.00,-999.00,-999,-999.00,-999,-999.00,-999.00,-999.00,-999,-999.00,-999.00,-999.00,-999.00,31182.61,28.90,26.23,27.57,100.74,99.29,100.01,4,34.91,7.00,0.07,149.66,35.78,842.74,1093.38
Rodentia,Cricetidae,Eothenomys,melanogaster,eothenomys melanogaster,-999.00,19.59,-999.00,92.88,-999.00,-999.00,-999.00,-999.00,-999.00,-999.00,-999.00,-999.00,-999.00,-999.00,-999.00,1.80,-999.00,-999.00,-999.00,-999.00,-999.00,-999.00,-999.00,-999.00,-999,-999.00,-999,-999.00,-999.00,-999.00,1297;3121,-999.00,-999.00,-999.00,-999.00,1184509.86,34.37,21.37,27.87,122.13,97.25,109.69,1,259.84,6.00,0.06,120.76,128.24,971.53,1103.06
Rodentia,Cricetidae,Eothenomys,miletus,eothenomys miletus,-999.00,-999.00,-999.00,-999.00,-999.00,-999.00,-999.00,-999.00,-999.00,-999.00,-999.00,-999.00,-999.00,-999.00,-999.00,-999.00,-999.00,-999.00,-999.00,-999.00,-999.00,-999.00,-999.00,-999.00,-999,-999.00,-999,-999.00,-999.00,-999.00,-999,-999.00,-999.00,-999.00,-999.00,-999.00,-999.00,-999.00,-999.00,-999.00,-999.00,-999.00,-999,-999.00,-999.00,-999.00,-999.00,-999.00,-999.00,-999.00
Rodentia,Cricetidae,Eothenomys,olitor,eothenomys olitor,-999.00,-999.00,-999.00,-999.00,-999.00,-999.00,-999.00,-999.00,-999.00,-999.00,-999.00,-999.00,-999.00,-999.00,-999.00,-999.00,-999.00,-999.00,-999.00,-999.00,-999.00,-999.00,-999.00,-999.00,-999,-999.00,-999,-999.00,-999.00,-999.00,-999,-999.00,-999.00,-999.00,-999.00,121816.16,28.06,23.59,25.83,104.03,98.76,101.39,12,113.80,16.00,0.07,114.53,98.19,931.78,1160.64
Rodentia,Cricetidae,Eothenomys,proditor,eothenomys proditor,-999.00,-999.00,-999.00,-999.00,-999.00,-999.00,-999.00,-999.00,-999.00,-999.00,-999.00,-999.00,-999.00,-999.00,-999.00,-999.00,-999.00,-999.00,-999.00,-999.00,-999.00,-999.00,-999.00,-999.00,-999,-999.00,-999,-999.00,-999.00,-999.00,-999,-999.00,-999.00,-999.00,-999.00,79297.07,28.85,25.88,27.37,102.42,99.10,100.76,4,57.39,7.50,0.06,135.29,62.21,844.78,1098.75
Rodentia,Cricetidae,Eothenomys,wardi,eothenomys wardi,-999.00,-999.00,-999.00,-999.00,-999.00,-999.00,-999.00,-999.00,-999.00,-999.00,-999.00,-999.00,-999.00,-999.00,-999.00,-999.00,-999.00,-999.00,-999.00,-999.00,-999.00,-999.00,-999.00,-999.00,-999,-999.00,-999,-999.00,-999.00,-999.00,-999,-999.00,-999.00,-999.00,-999.00,-999.00,-999.00,-999.00,-999.00,-999.00,-999.00,-999.00,-999,-999.00,-999.00,-999.00,-999.00,-999.00,-999.00,-999.00
Rodentia,Dipodidae,Eozapus,setchuanus,eozapus setchuanus,-999.00,-999.00,-999.00,-999.00,-999.00,-999.00,-999.00,-999.00,-999.00,-999.00,-999.00,-999.00,-999.00,-999.00,-999.00,-999.00,-999.00,-999.00,-999.00,-999.00,-999.00,-999.00,-999.00,-999.00,-999,-999.00,-999,-999.00,-999.00,-999.00,-999,-999.00,-999.00,-999.00,-999.00,595093.11,38.04,26.99,32.52,108.82,98.44,103.63,0,65.43,2.00,0.06,86.00,27.88,622.08,842.63
Soricomorpha,Soricidae,Episoriculus,caudatus,episoriculus caudatus,-999.00,-999.00,-999.00,65.00,-999.00,-999.00,-999.00,-999.00,-999.00,-999.00,-999.00,-999.00,-999.00,-999.00,-999.00,4.77,-999.00,-999.00,-999.00,-999.00,-999.00,-999.00,-999.00,-999.00,-999,-999.00,-999,-999.00,-999.00,-999.00,1297;1445;2741,8.94,-999.00,-999.00,-999.00,698689.98,34.57,25.15,29.86,105.50,76.85,91.17,0,106.18,0.00,0.07,123.31,58.71,860.24,1093.87
Soricomorpha,Soricidae,Episoriculus,fumidus,episoriculus fumidus,-999.00,6.95,-999.00,67.39,-999.00,-999.00,-999.00,-999.00,-999.00,-999.00,-999.00,-999.00,-999.00,-999.00,-999.00,3.42,-999.00,-999.00,-999.00,-999.00,-999.00,-999.00,-999.00,-999.00,-999,-999.00,-999,-999.00,-999.00,-999.00,3121,-999.00,-999.00,-999.00,-999.00,36065.98,25.29,21.90,23.60,122.00,120.04,121.02,70,676.60,73.00,0.03,160.50,165.80,-999.00,-999.00
Soricomorpha,Soricidae,Episoriculus,leucops,episoriculus leucops,-999.00,-999.00,-999.00,66.00,-999.00,-999.00,-999.00,-999.00,-999.00,-999.00,-999.00,-999.00,-999.00,-999.00,-999.00,-999.00,-999.00,-999.00,-999.00,-999.00,-999.00,-999.00,-999.00,-999.00,-999,-999.00,-999,-999.00,-999.00,-999.00,2741,9.35,-999.00,-999.00,-999.00,385403.65,28.84,21.91,25.38,105.82,84.57,95.19,2,100.75,4.00,0.09,145.68,122.79,1029.89,1241.64
Soricomorpha,Soricidae,Episoriculus,macrurus,episoriculus macrurus,-999.00,-999.00,-999.00,-999.00,-999.00,-999.00,-999.00,-999.00,-999.00,-999.00,-999.00,-999.00,-999.00,-999.00,-999.00,-999.00,-999.00,-999.00,-999.00,-999.00,-999.00,-999.00,-999.00,-999.00,-999,-999.00,-999,-999.00,-999.00,-999.00,-999,-999.00,-999.00,-999.00,-999.00,972615.65,31.28,21.27,26.27,106.14,83.10,94.62,1,127.09,4.00,0.07,141.49,125.54,987.31,1170.40
Rodentia,Sciuridae,Epixerus,ebii,epixerus ebii,3.00,520.96,-999.00,287.54,-999.00,-999.00,241.50,460.00,1.00,-999.00,-999.00,2.00,-999.00,-999.00,-999.00,2.00,-999.00,-999.00,-999.00,-999.00,-999.00,-999.00,-999.00,-999.00,-999,2.00,1,-999.00,-999.00,-999.00,511;900;901;904;1297;1822;2495;2655,-999.00,-999.00,-999.00,-999.00,312109.10,9.92,4.35,7.13,-0.26,-12.50,-6.38,3,73.77,8.00,0.06,189.60,253.15,1341.99,1563.12
Chiroptera,Pteropodidae,Epomophorus,angolensis,epomophorus angolensis,-999.00,-999.00,86.50,-999.00,-999.00,-999.00,-999.00,-999.00,-999.00,-999.00,-999.00,1.00,-999.00,-999.00,-999.00,1.00,-999.00,-999.00,-999.00,-999.00,-999.00,-999.00,-999.00,-999.00,-999,2.00,-999,-999.00,-999.00,-999.00,269;1297;1658;2151,88.75,-999.00,-999.00,-999.00,346769.46,-7.19,-17.87,-12.53,17.73,12.02,14.88,1,24.28,2.00,0.12,73.63,207.00,838.66,1409.63
Chiroptera,Pteropodidae,Epomophorus,crypturus,epomophorus crypturus,-999.00,95.04,80.49,-999.00,-999.00,-999.00,-999.00,-999.00,1.00,-999.00,91.24,-999.00,-999.00,-999.00,-999.00,0.99,1.50,-999.00,-999.00,70.00,-999.00,100.00,-999.00,-999.00,-999,-999.00,1,60.83,-999.00,-999.00,1257;1297;1658;2017,-999.00,-999.00,17.46,-999.00,2059789.46,-8.27,-27.92,-18.10,38.61,20.10,29.36,1,21.06,1.00,0.17,80.09,217.66,824.56,1448.06
Chiroptera,Pteropodidae,Epomophorus,gambianus,epomophorus gambianus,-999.00,134.59,85.27,159.41,-999.00,-999.00,-999.00,-999.00,2.00,-999.00,156.43,1.00,-999.00,-999.00,-999.00,0.98,2.00,-999.00,9.96,61.32,-999.00,16.00,-999.00,-999.00,-999,2.00,1,59.99,-999.00,-999.00,22;82;196;263;415;1297;1309;1658;1784;2017;2143;2151;2622;2655;2719;2857,-999.00,-999.00,-999.00,-999.00,3524240.83,15.64,3.95,9.79,39.47,-17.53,10.97,1,67.96,4.00,0.12,106.13,257.58,954.23,1569.57
Chiroptera,Pteropodidae,Epomophorus,grandis,epomophorus grandis,-999.00,49.42,63.56,135.96,-999.00,-999.00,-999.00,-999.00,2.00,-999.00,-999.00,1.00,-999.00,-999.00,-999.00,-999.00,-999.00,-999.00,-999.00,-999.00,-999.00,-999.00,-999.00,-999.00,-999,2.00,1,-999.00,-999.00,-999.00,266;1015;1658;2151;2655,-999.00,-999.00,-999.00,-999.00,775.34,-4.47,-7.22,-5.85,20.94,11.84,16.39,18,71.23,18.00,0.24,115.22,245.25,1105.07,1575.01
Chiroptera,Pteropodidae,Epomophorus,labiatus,epomophorus labiatus,-999.00,69.65,73.23,94.33,-999.00,-999.00,-999.00,-999.00,2.00,-999.00,156.43,1.00,-999.00,-999.00,-999.00,0.99,2.00,-999.00,11.00,-999.00,-999.00,65.00,-999.00,-999.00,-999,2.00,1,-999.00,-999.00,-999.00,196;266;360;1297;1386;1562;1658;1938;2017;2143;2151;2174;2622;2655;2719;3023,-999.00,-999.00,-999.00,-999.00,3251459.29,15.91,-13.58,1.16,41.50,11.82,26.66,0,45.60,2.00,0.12,76.85,234.39,904.84,1585.14
Chiroptera,Pteropodidae,Epomophorus,minimus,epomophorus minimus,-999.00,-999.00,-999.00,-999.00,-999.00,-999.00,-999.00,-999.00,-999.00,-999.00,-999.00,1.00,-999.00,-999.00,-999.00,-999.00,-999.00,-999.00,-999.00,-999.00,-999.00,-999.00,-999.00,-999.00,-999,2.00,-999,-999.00,-999.00,-999.00,2151,-999.00,-999.00,-999.00,-999.00,3035705.24,11.93,-16.83,-2.44,45.30,26.57,35.94,1,36.02,3.00,0.12,73.96,228.57,872.81,1552.53
Chiroptera,Pteropodidae,Epomophorus,minor,epomophorus minor,-999.00,44.76,65.21,-999.00,-999.00,-999.00,-999.00,-999.00,1.00,-999.00,-999.00,-999.00,-999.00,-999.00,-999.00,-999.00,-999.00,-999.00,-999.00,-999.00,-999.00,-999.00,-999.00,-999.00,-999,-999.00,1,-999.00,-999.00,-999.00,1257;1658;1938;2143,-999.00,-999.00,-999.00,-999.00,-999.00,-999.00,-999.00,-999.00,-999.00,-999.00,-999.00,-999,-999.00,-999.00,-999.00,-999.00,-999.00,-999.00,-999.00
Chiroptera,Pteropodidae,Epomophorus,wahlbergi,epomophorus wahlbergi,-999.00,93.59,80.66,131.69,-999.00,-999.00,-999.00,-999.00,2.00,-999.00,156.43,1.00,-999.00,-999.00,-999.00,0.99,2.00,-999.00,-999.00,-999.00,-999.00,51.50,-999.00,-999.00,-999,2.00,1,668.80,-999.00,-999.00,8;196;266;283;939;1257;1297;1658;1784;2017;2150;2151;2655;2719;3069,-999.00,-999.00,-999.00,-999.00,5397486.84,5.24,-34.21,-14.48,48.19,8.49,28.34,0,37.08,2.00,0.14,89.53,223.99,922.58,1483.60
Chiroptera,Pteropodidae,Epomops,buettikoferi,epomops buettikoferi,-999.00,135.67,90.16,-999.00,-999.00,365.00,-999.00,-999.00,1.00,-999.00,139.92,1.00,-999.00,-999.00,-999.00,0.98,2.00,-999.00,23.23,-999.00,-999.00,2.00,275.89,-999.00,-999,2.00,1,55.65,47.26,-999.00,185;258;260;268;1297;1386;1653;1658;1784;2017;2151;2655;2836;3023;3071,-999.00,-999.00,-999.00,-999.00,479614.16,10.59,4.35,7.47,9.69,-13.29,-1.79,3,85.82,10.00,0.08,164.99,256.77,1242.61,1569.60
Chiroptera,Pteropodidae,Epomops,dobsonii,epomops dobsonii,-999.00,122.08,84.49,-999.00,-999.00,-999.00,-999.00,-999.00,-999.00,-999.00,-999.00,1.00,-999.00,-999.00,-999.00,-999.00,-999.00,-999.00,-999.00,-999.00,-999.00,-999.00,-999.00,-999.00,-999,2.00,-999,-999.00,-999.00,-999.00,264;1658;2151;2622;2655,-999.00,-999.00,-999.00,-999.00,1146440.89,-1.95,-17.39,-9.67,35.65,13.74,24.70,1,23.86,2.00,0.16,92.26,212.09,863.14,1467.35
Chiroptera,Pteropodidae,Epomops,franqueti,epomops franqueti,1.00,118.99,89.44,135.03,-999.00,-999.00,-999.00,-999.00,-999.00,-999.00,161.77,1.00,-999.00,-999.00,-999.00,1.00,2.00,-999.00,20.00,-999.00,-999.00,-999.00,-999.00,1.50,-999,2.00,-999,-999.00,70.00,-999.00,185;196;258;260;266;268;360;428;904;1297;1433;1434;1510;1658;2017;2143;2150;2151;2173;2655,-999.00,-999.00,-999.00,-999.00,3922873.36,9.23,-12.19,-1.48,34.79,-5.27,14.76,0,45.31,1.00,0.12,137.29,242.66,1312.49,1561.31
Chiroptera,Vespertilionidae,Eptesicus,andinus,eptesicus andinus,-999.00,-999.00,-999.00,-999.00,-999.00,-999.00,-999.00,-999.00,-999.00,-999.00,-999.00,-999.00,-999.00,-999.00,-999.00,-999.00,-999.00,-999.00,-999.00,-999.00,-999.00,-999.00,-999.00,-999.00,-999,-999.00,-999,-999.00,-999.00,-999.00,-999,-999.00,-999.00,-999.00,-999.00,6239397.29,12.46,-14.17,-0.85,-49.87,-80.97,-65.42,0,17.56,0.00,0.11,173.35,244.29,1426.93,1598.72
Chiroptera,Vespertilionidae,Eptesicus,bobrinskoi,eptesicus bobrinskoi,-999.00,7.54,35.99,-999.00,-999.00,-999.00,-999.00,-999.00,-999.00,-999.00,-999.00,1.00,-999.00,-999.00,-999.00,-999.00,-999.00,-999.00,-999.00,-999.00,-999.00,-999.00,-999.00,-999.00,-999,2.00,-999,-999.00,-999.00,-999.00,1658;2151;2622;2655,-999.00,-999.00,-999.00,-999.00,189044.08,48.19,45.44,46.82,71.09,61.43,66.26,0,1.50,0.00,-7.90145258150271e-03,15.49,56.75,207.37,584.28
Chiroptera,Vespertilionidae,Eptesicus,bottae,eptesicus bottae,-999.00,15.66,42.95,-999.00,-999.00,-999.00,-999.00,-999.00,-999.00,-999.00,-999.00,1.00,-999.00,-999.00,-999.00,-999.00,-999.00,-999.00,-999.00,-999.00,-999.00,-999.00,-999.00,-999.00,-999,2.00,-999,-999.00,-999.00,-999.00,1658;2151;2655;2696;3110,-999.00,-999.00,-999.00,-999.00,1701007.28,47.07,13.78,30.42,80.42,28.36,54.39,0,81.35,1.00,0.12,23.53,112.75,291.75,1027.92
Chiroptera,Vespertilionidae,Eptesicus,brasiliensis,eptesicus brasiliensis,-999.00,9.20,43.00,-999.00,-999.00,-999.00,-999.00,-999.00,1.00,-999.00,-999.00,1.00,-999.00,-999.00,-999.00,1.46,-999.00,-999.00,-999.00,-999.00,-999.00,-999.00,-999.00,-999.00,-999,2.00,3,-999.00,-999.00,-999.00,196;1297;1658;2151;2622;2655;2719,-999.00,-999.00,-999.00,-999.00,13985175.36,18.88,-34.94,-8.02,-34.79,-97.23,-66.01,0,25.10,0.00,0.11,147.50,234.56,1275.29,1505.32
Chiroptera,Vespertilionidae,Eptesicus,chiriquinus,eptesicus chiriquinus,-999.00,-999.00,-999.00,-999.00,-999.00,-999.00,-999.00,-999.00,-999.00,-999.00,-999.00,-999.00,-999.00,-999.00,-999.00,-999.00,-999.00,-999.00,-999.00,-999.00,-999.00,-999.00,-999.00,-999.00,-999,-999.00,-999,-999.00,-999.00,-999.00,-999,-999.00,-999.00,-999.00,-999.00,6102327.15,12.46,-11.40,0.52,-49.87,-84.58,-67.23,0,18.56,0.00,0.11,173.87,245.91,1433.16,1602.51
Chiroptera,Vespertilionidae,Eptesicus,diminutus,eptesicus diminutus,-999.00,5.99,34.50,-999.00,-999.00,-999.00,-999.00,-999.00,-999.00,-999.00,-999.00,1.00,-999.00,-999.00,-999.00,-999.00,-999.00,-999.00,-999.00,-999.00,-999.00,-999.00,-999.00,-999.00,-999,2.00,-999,-999.00,-999.00,-999.00,890;1658;2151;2622;2655,-999.00,-999.00,-999.00,-999.00,3192661.14,-8.01,-36.07,-22.04,-39.13,-66.77,-52.95,0,46.42,1.00,0.07,101.99,200.61,1058.29,1261.25
Chiroptera,Vespertilionidae,Eptesicus,dimissus,eptesicus dimissus,-999.00,13.03,41.99,-999.00,-999.00,-999.00,-999.00,-999.00,-999.00,-999.00,-999.00,1.00,-999.00,-999.00,-999.00,-999.00,-999.00,-999.00,-999.00,-999.00,-999.00,-999.00,-999.00,-999.00,-999,2.00,-999,-999.00,-999.00,-999.00,196;1658;2151;2622;2655,-999.00,-999.00,-999.00,-999.00,18.82,9.44,9.39,9.42,99.21,99.16,99.19,108,108.00,108.00,0.12,154.00,269.00,1551.00,2033.00
Chiroptera,Vespertilionidae,Eptesicus,floweri,eptesicus floweri,-999.00,-999.00,35.99,-999.00,-999.00,-999.00,-999.00,-999.00,-999.00,-999.00,-999.00,1.00,-999.00,-999.00,-999.00,-999.00,-999.00,-999.00,-999.00,-999.00,-999.00,-999.00,-999.00,-999.00,-999,2.00,-999,-999.00,-999.00,-999.00,1658;2151,7.20,-999.00,-999.00,-999.00,182901.22,15.98,11.07,13.53,34.84,29.85,32.34,2,37.59,5.00,0.06,34.73,273.97,480.60,1565.85
Chiroptera,Vespertilionidae,Eptesicus,furinalis,eptesicus furinalis,-999.00,7.70,39.15,-999.00,-999.00,-999.00,-999.00,-999.00,1.00,-999.00,92.54,1.00,-999.00,-999.00,-999.00,1.86,2.00,-999.00,1.34,31.28,-999.00,-999.00,338.33,-999.00,-999,2.00,3,-999.00,-999.00,-999.00,196;1297;1325;1388;1658;2019;2100;2151;2655;2719;3023,-999.00,-999.00,-999.00,-999.00,15960672.00,23.59,-36.24,-6.32,-34.79,-105.67,-70.23,0,27.82,0.00,0.11,139.02,226.93,1220.00,1481.64
Chiroptera,Vespertilionidae,Eptesicus,fuscus,eptesicus fuscus,-999.00,17.49,46.69,-999.00,1.50,-999.00,30.42,16.90,1.00,-999.00,52.14,1.00,-999.00,-999.00,-999.00,1.85,1.00,240.00,3.21,-999.00,-999.00,50.00,395.29,-999.00,-999,2.00,3,34.18,13.20,-999.00,185;196;459;460;543;544;616;657;746;754;1059;1161;1189;1238;1297;1413;1520;1693;1695;1705;1708;1709;1710;1784;2143;2151;2215;2279;2567;26222655;2719;2879;3047,-999.00,-999.00,-999.00,-999.00,13321726.93,60.21,2.09,31.15,-59.42,-126.58,-93.00,0,43.16,0.00,0.06,63.98,115.12,649.12,941.91
Chiroptera,Vespertilionidae,Eptesicus,gobiensis,eptesicus gobiensis,-999.00,-999.00,-999.00,-999.00,-999.00,-999.00,-999.00,-999.00,-999.00,-999.00,-999.00,-999.00,-999.00,-999.00,-999.00,-999.00,-999.00,-999.00,-999.00,-999.00,-999.00,-999.00,-999.00,-999.00,-999,-999.00,-999,-999.00,-999.00,-999.00,-999,-999.00,-999.00,-999.00,-999.00,1038607.49,36.51,26.72,31.61,98.47,68.68,83.57,0,71.55,0.00,0.12,88.91,25.78,695.54,1049.20
Chiroptera,Vespertilionidae,Eptesicus,guadeloupensis,eptesicus guadeloupensis,-999.00,-999.00,50.49,-999.00,-999.00,-999.00,-999.00,-999.00,-999.00,-999.00,-999.00,1.00,-999.00,-999.00,-999.00,-999.00,-999.00,-999.00,-999.00,-999.00,-999.00,-999.00,-999.00,-999.00,-999,2.00,-999,-999.00,-999.00,-999.00,1658;2151,18.99,-999.00,-999.00,-999.00,1476.99,16.51,15.94,16.23,-61.16,-61.80,-61.48,164,251.13,164.00,0.08,-999.00,-999.00,-999.00,-999.00
Chiroptera,Vespertilionidae,Eptesicus,hottentotus,eptesicus hottentotus,-999.00,30.33,49.50,-999.00,-999.00,-999.00,-999.00,-999.00,-999.00,-999.00,-999.00,1.00,-999.00,-999.00,-999.00,-999.00,-999.00,-999.00,-999.00,-999.00,-999.00,-999.00,-999.00,-999.00,-999,2.00,-999,-999.00,-999.00,-999.00,44;1658;2143;2151;2655,-999.00,-999.00,-999.00,-999.00,1719187.67,1.38,-34.83,-16.72,37.25,14.54,25.89,0,37.58,0.00,0.13,57.42,189.49,712.23,1328.54
Chiroptera,Vespertilionidae,Eptesicus,innoxius,eptesicus innoxius,-999.00,-999.00,36.50,-999.00,-999.00,-999.00,-999.00,-999.00,-999.00,-999.00,-999.00,1.00,-999.00,-999.00,-999.00,-999.00,-999.00,-999.00,-999.00,-999.00,-999.00,-999.00,-999.00,-999.00,-999,2.00,-999,-999.00,-999.00,-999.00,1658;2151,7.49,-999.00,-999.00,-999.00,278413.94,1.40,-9.83,-4.21,-77.58,-81.35,-79.47,0,58.13,4.00,0.09,92.32,187.65,856.99,1383.43
Carnivora,Viverridae,Genetta,servalina,genetta servalina,1.00,1175.84,-999.00,486.39,-999.00,-999.00,-999.00,-999.00,6.00,-999.00,-999.00,1.00,-999.00,-999.00,-999.00,1.50,-999.00,-999.00,-999.00,-999.00,-999.00,-999.00,-999.00,-999.00,-999,1.00,2,-999.00,-999.00,-999.00,1113;1297;2655,-999.00,-999.00,-999.00,-999.00,3667035.54,6.48,-10.25,-1.88,39.57,8.69,24.13,0,30.75,1.00,0.13,133.53,236.65,1300.84,1551.97
Carnivora,Viverridae,Genetta,thierryi,genetta thierryi,-999.00,1400.00,-999.00,418.64,-999.00,-999.00,-999.00,-999.00,-999.00,-999.00,-999.00,1.00,-999.00,-999.00,-999.00,-999.00,-999.00,-999.00,-999.00,-999.00,-999.00,-999.00,-999.00,-999.00,-999,1.00,-999,-999.00,-999.00,-999.00,1113;2655,-999.00,-999.00,-999.00,-999.00,2289307.11,17.79,4.83,11.31,15.15,-17.53,-1.18,2,73.19,6.00,0.12,108.60,265.67,915.75,1587.08
Carnivora,Viverridae,Genetta,tigrina,genetta tigrina,1.00,2066.57,-999.00,543.37,13.72,-999.00,826.86,1879.00,6.00,-999.00,71.48,1.00,0.04,0.04,304.16,2.76,-999.00,180.00,85.50,-999.00,-999.00,-999.00,841.82,-999.00,4,1.00,2,87.77,-999.00,-999.00,367;543;1052;1113;1297;1573;1822;2655;2993,-999.00,1.20,-999.00,-999.00,587510.90,-22.12,-34.83,-28.48,32.89,17.84,25.37,0,61.10,3.00,0.10,54.32,170.06,767.89,1218.19
Carnivora,Viverridae,Genetta,victoriae,genetta victoriae,-999.00,2743.69,-999.00,570.78,-999.00,-999.00,-999.00,-999.00,-999.00,-999.00,-999.00,1.00,-999.00,-999.00,-999.00,-999.00,-999.00,-999.00,-999.00,-999.00,-999.00,-999.00,-999.00,-999.00,-999,1.00,-999,-999.00,-999.00,-999.00,1113;2655,-999.00,-999.00,-999.00,-999.00,657455.40,4.87,-4.38,0.24,30.13,17.68,23.91,1,25.47,2.00,0.14,140.08,234.39,1466.33,1613.43
Rodentia,Capromyidae,Geocapromys,brownii,geocapromys brownii,1.00,1497.48,-999.00,378.14,0.00,365.00,-999.00,-999.00,4.00,-999.00,120.00,2.00,-999.00,-999.00,168.00,1.73,2.00,99.60,-999.00,-999.00,-999.00,-999.00,-999.00,7.00,-999,2.00,1,2.17,-999.00,-999.00,88;543;899;1297;2151;2655,-999.00,-999.00,-999.00,-999.00,11081.39,18.52,17.70,18.11,-76.18,-78.36,-77.27,96,222.21,96.00,0.04,172.66,240.33,-999.00,-999.00
Rodentia,Capromyidae,Geocapromys,ingrahami,geocapromys ingrahami,1.00,733.52,-999.00,395.00,0.00,-999.00,-999.00,-999.00,2.00,-999.00,109.21,2.00,-999.00,-999.00,325.00,1.04,-999.00,72.00,76.68,-999.00,3000.00,-999.00,-999.00,-999.00,-999,2.00,1,5.84,250.00,-999.00,543;650;899;1297;1849;2151;2655,-999.00,1.16,-999.00,-999.00,8.36,22.62,22.59,22.60,-73.46,-73.55,-73.50,1,1.00,1.00,0.00,-999.00,-999.00,-999.00,-999.00
Rodentia,Capromyidae,Geocapromys,thoracatus,geocapromys thoracatus,2.00,1500.00,-999.00,337.49,-999.00,-999.00,-999.00,-999.00,1.00,-999.00,-999.00,2.00,-999.00,-999.00,-999.00,-999.00,-999.00,-999.00,-999.00,-999.00,-999.00,-999.00,-999.00,-999.00,4,2.00,1,-999.00,-999.00,-999.00,2058;2151;2655,-999.00,-999.00,-999.00,-999.00,-999.00,-999.00,-999.00,-999.00,-999.00,-999.00,-999.00,-999,-999.00,-999.00,-999.00,-999.00,-999.00,-999.00,-999.00
Afrosoricida,Tenrecidae,Geogale,aurita,geogale aurita,1.00,6.69,-999.00,71.00,23.00,-999.00,7.72,6.90,1.00,-999.00,57.64,1.00,-999.00,-999.00,-999.00,3.40,2.00,-999.00,0.71,-999.00,-999.00,1.00,-999.00,-999.00,-999,1.00,3,34.86,-999.00,-999.00,899;1045;1822;2151;2333;2655;2720;2786,-999.00,-999.00,-999.00,-999.00,63241.93,-19.68,-25.42,-22.55,46.90,43.22,45.06,2,15.29,4.00,0.20,57.89,236.07,796.39,1668.12
Rodentia,Geomyidae,Geomys,arenarius,geomys arenarius,-999.00,206.00,-999.00,172.69,-999.00,-999.00,-999.00,-999.00,3.00,-999.00,-999.00,2.00,-999.00,-999.00,-999.00,4.71,-999.00,-999.00,-999.00,-999.00,-999.00,-999.00,-999.00,-999.00,-999,1.00,1,-999.00,-999.00,-999.00,1297;2151;2655;3025,-999.00,-999.00,-999.00,-999.00,120898.65,34.54,29.93,32.24,-103.05,-108.04,-105.54,0,12.33,0.00,0.12,24.73,164.30,366.76,1151.46
Rodentia,Geomyidae,Geomys,attwateri,geomys attwateri,2.00,144.06,-999.00,153.54,-999.00,-999.00,-999.00,-999.00,2.00,-999.00,-999.00,2.00,2.14131e-04,1.74521e-04,-999.00,1.89,-999.00,-999.00,-999.00,-999.00,2024.94,-999.00,-999.00,-999.00,-999,1.00,1,-999.00,-999.00,-999.00,534;730;2423;3032,-999.00,-999.00,-999.00,-999.00,56381.49,30.94,28.08,29.51,-95.56,-99.03,-97.29,4,36.12,4.00,0.10,66.00,203.76,887.28,1294.93
Rodentia,Geomyidae,Geomys,breviceps,geomys breviceps,1.00,136.47,-999.00,150.63,-999.00,-999.00,-999.00,-999.00,3.00,-999.00,-999.00,1.00,-999.00,-999.00,-999.00,2.53,1.70,-999.00,-999.00,-999.00,51.76,-999.00,88.43,-999.00,-999,1.00,1,-999.00,-999.00,-999.00,730;906;2760;3073,-999.00,-999.00,-999.00,-999.00,341932.19,36.81,28.70,32.75,-91.63,-97.75,-94.69,2,42.94,5.00,0.05,89.36,181.35,961.24,1153.43
Rodentia,Geomyidae,Geomys,bursarius,geomys bursarius,2.00,203.75,-999.00,177.03,-999.00,-999.00,194.05,237.50,3.00,-999.00,18.50,2.00,-999.00,-999.00,-999.00,3.14,1.00,86.40,5.11,-999.00,1250.00,-999.00,92.80,1.00,-999,1.00,1,34.90,22.50,-999.00,231;247;296;543;740;1297;1822;1849;2151;2655;2918,-999.00,-999.00,-999.00,-999.00,1538126.84,49.73,31.31,40.52,-86.93,-105.26,-96.10,0,21.33,1.00,0.02,52.96,108.45,657.50,851.88
Rodentia,Geomyidae,Geomys,knoxjonesi,geomys knoxjonesi,-999.00,172.49,-999.00,154.46,-999.00,-999.00,-999.00,-999.00,2.00,-999.00,23.98,1.00,-999.00,-999.00,-999.00,-999.00,-999.00,-999.00,-999.00,-999.00,-999.00,-999.00,-999.00,-999.00,-999,1.00,1,24.36,-999.00,-999.00,1380,-999.00,-999.00,-999.00,-999.00,65255.15,33.91,30.99,32.45,-101.29,-104.68,-102.99,0,6.03,0.00,0.01,32.60,176.22,433.21,1147.37
Rodentia,Geomyidae,Geomys,personatus,geomys personatus,-999.00,397.00,-999.00,184.41,-999.00,-999.00,-999.00,-999.00,3.00,-999.00,-999.00,2.00,-999.00,-999.00,-999.00,3.09,-999.00,-999.00,-999.00,-999.00,-999.00,-999.00,-999.00,1.00,-999,1.00,1,-999.00,-999.00,-999.00,1297;2151;2655;3028,-999.00,-999.00,-999.00,-999.00,34379.88,29.47,26.16,27.82,-97.24,-101.02,-99.13,1,27.00,1.00,0.14,48.57,215.53,701.74,1244.69
Rodentia,Geomyidae,Geomys,pinetis,geomys pinetis,-999.00,201.15,-999.00,-999.00,-999.00,-999.00,139.00,201.50,3.00,-999.00,-999.00,2.00,-999.00,-999.00,-999.00,1.68,2.00,-999.00,5.13,-999.00,-999.00,-999.00,182.78,1.00,-999,1.00,1,-999.00,-999.00,-999.00,201;511;740;1297;1822;1944;2151;2246;2655;3051,-999.00,-999.00,-999.00,-999.00,242106.93,33.46,26.78,30.12,-80.38,-88.02,-84.20,3,71.27,7.00,0.07,106.58,196.79,1097.21,1204.96
Rodentia,Geomyidae,Geomys,texensis,geomys texensis,-999.00,-999.00,-999.00,165.35,-999.00,-999.00,-999.00,-999.00,-999.00,-999.00,-999.00,2.00,-999.00,-999.00,-999.00,-999.00,1.00,-999.00,-999.00,-999.00,-999.00,-999.00,-999.00,1.00,-999,1.00,-999,-999.00,-999.00,-999.00,695,132.55,-999.00,-999.00,-999.00,23475.95,31.84,29.50,30.67,-98.47,-99.99,-99.23,1,10.80,1.00,0.06,55.06,178.58,778.68,1207.15
Rodentia,Geomyidae,Geomys,tropicalis,geomys tropicalis,-999.00,349.99,-999.00,172.85,-999.00,-999.00,-999.00,-999.00,4.00,-999.00,-999.00,2.00,-999.00,-999.00,-999.00,4.00,-999.00,84.00,-999.00,-999.00,-999.00,1.00,157.32,-999.00,-999,1.00,1,30.24,-999.00,-999.00,155;1015;2151;2655,-999.00,-999.00,-999.00,-999.00,254.65,22.55,22.35,22.45,-97.82,-97.98,-97.90,25,256.91,25.00,0.10,-999.00,-999.00,-999.00,-999.00
Rodentia,Bathyergidae,Georychus,capensis,georychus capensis,3.00,188.36,-999.00,-999.00,10.00,-999.00,109.74,186.00,2.00,59.99,43.74,1.00,2.12281e-04,1.99157e-04,-999.00,5.94,2.00,36.00,8.12,34.96,1100.00,-999.00,-999.00,1.00,-999,1.00,2,21.83,265.00,-999.00,230;231;242;244;245;247;543;740;1297;1573;1822;2413;2629;2655,-999.00,-999.00,-999.00,-999.00,145197.20,-25.41,-34.83,-30.12,31.03,17.84,24.44,1,65.04,1.00,0.10,51.45,151.87,700.04,1157.34
Rodentia,Cricetidae,Geoxus,valdivianus,geoxus valdivianus,2.00,30.80,-999.00,-999.00,-999.00,-999.00,-999.00,-999.00,4.00,-999.00,-999.00,2.00,-999.00,-999.00,-999.00,3.40,-999.00,-999.00,-999.00,-999.00,39.85,-999.00,-999.00,-999.00,-999,1.00,2,-999.00,-999.00,-999.00,730;890;1297;2008;2242;2655,-999.00,-999.00,-999.00,-999.00,182342.62,-36.04,-48.67,-42.36,-70.56,-74.12,-72.34,0,14.01,0.00,0.05,108.34,66.53,605.75,787.49
Rodentia,Muridae,Gerbilliscus,afra,gerbilliscus afra,-999.00,92.13,-999.00,-999.00,-999.00,-999.00,252.67,106.50,-999.00,-999.00,23.30,-999.00,-999.00,-999.00,-999.00,3.92,6.50,-999.00,4.50,-999.00,-999.00,-999.00,69.13,-999.00,-999,-999.00,-999,-999.00,-999.00,-999.00,1297;1577;1822;1963;2655;2978,-999.00,-999.00,-999.00,-999.00,93519.01,-30.73,-34.83,-32.78,22.88,17.84,20.36,1,61.15,1.00,0.08,27.98,158.15,411.83,1171.23
Rodentia,Muridae,Gerbilliscus,boehmi,gerbilliscus boehmi,-999.00,-999.00,-999.00,-999.00,-999.00,-999.00,-999.00,-999.00,-999.00,-999.00,-999.00,-999.00,-999.00,-999.00,-999.00,4.06,-999.00,-999.00,-999.00,-999.00,-999.00,-999.00,-999.00,-999.00,-999,-999.00,-999,-999.00,-999.00,-999.00,1297,-999.00,-999.00,-999.00,-999.00,3560603.77,-5.19,-25.03,-15.11,40.35,12.68,26.51,0,18.05,1.00,0.18,77.59,217.62,819.06,1459.09
Rodentia,Muridae,Gerbilliscus,brantsii,gerbilliscus brantsii,-999.00,89.41,-999.00,-999.00,20.00,-999.00,-999.00,-999.00,-999.00,-999.00,22.64,-999.00,5.41371e-04,6.9045e-04,131.00,2.74,4.00,-999.00,5.49,-999.00,-999.00,-999.00,105.22,-999.00,-999,-999.00,-999,28.78,-999.00,-999.00,761;1297;1577;1963;1975;2121;2655,-999.00,-999.00,-999.00,-999.00,2097491.88,-15.97,-32.81,-24.39,32.70,14.67,23.69,0,18.24,0.00,0.09,42.80,196.21,568.79,1356.15
Rodentia,Muridae,Gerbilliscus,guineae,gerbilliscus guineae,-999.00,102.50,-999.00,-999.00,-999.00,-999.00,-999.00,-999.00,-999.00,-999.00,-999.00,-999.00,-999.00,-999.00,-999.00,-999.00,-999.00,-999.00,-999.00,-999.00,-999.00,-999.00,-999.00,-999.00,-999,-999.00,-999,-999.00,-999.00,-999.00,2655,-999.00,-999.00,-999.00,-999.00,331990.52,12.54,8.30,10.42,1.12,-15.80,-7.34,3,27.83,6.00,0.13,128.08,265.24,968.62,1555.10
Rodentia,Muridae,Gerbilliscus,inclusus,gerbilliscus inclusus,-999.00,118.50,-999.00,160.75,20.00,125.00,-999.00,-999.00,-999.00,-999.00,23.15,-999.00,-999.00,-999.00,60.83,-999.00,-999.00,-999.00,-999.00,45.00,-999.00,-999.00,-999.00,-999.00,-999,-999.00,-999,21.99,-999.00,-999.00,1297;1397;2655,-999.00,2.72,5.71,-999.00,789252.08,-6.96,-21.24,-14.10,40.84,33.61,37.22,1,32.26,2.00,0.18,86.77,238.67,953.70,1552.68
Rodentia,Muridae,Gerbilliscus,kempi,gerbilliscus kempi,-999.00,100.83,-999.00,-999.00,-999.00,-999.00,-999.00,-999.00,-999.00,-999.00,25.33,-999.00,-999.00,-999.00,-999.00,4.00,-999.00,-999.00,-999.00,-999.00,642.18,-999.00,-999.00,-999.00,-999,-999.00,-999,-999.00,-999.00,-999.00,730;1400;2655,-999.00,-999.00,-999.00,-999.00,1339892.08,14.84,6.37,10.61,14.68,-17.03,-1.17,3,58.25,8.00,0.12,104.76,264.66,937.29,1608.13
Rodentia,Muridae,Gerbilliscus,leucogaster,gerbilliscus leucogaster,-999.00,73.75,-999.00,-999.00,-999.00,-999.00,114.17,120.00,-999.00,-999.00,28.37,-999.00,-999.00,-999.00,-999.00,4.50,-999.00,-999.00,2.79,-999.00,165.34,-999.00,-999.00,-999.00,-999,-999.00,-999,27.89,19.00,-999.00,606;730;1244;1297;1798;1822;2655;2978,-999.00,-999.00,-999.00,-999.00,4629163.91,-8.01,-30.50,-19.25,36.12,11.73,23.92,0,15.47,0.00,0.15,65.22,207.94,709.59,1402.22
Rodentia,Muridae,Gerbilliscus,nigricaudus,gerbilliscus nigricaudus,-999.00,123.00,-999.00,-999.00,-999.00,-999.00,-999.00,-999.00,-999.00,-999.00,-999.00,-999.00,-999.00,-999.00,72.00,4.44,5.00,-999.00,-999.00,-999.00,-999.00,-999.00,-999.00,-999.00,-999,-999.00,-999,-999.00,-999.00,-999.00,1297;2655,-999.00,-999.00,-999.00,-999.00,1043171.39,4.76,-7.87,-1.55,42.97,33.18,38.07,1,53.35,1.00,0.12,58.92,240.15,825.33,1590.06
Rodentia,Muridae,Gerbilliscus,phillipsi,gerbilliscus phillipsi,-999.00,127.07,-999.00,144.99,-999.00,-999.00,-999.00,-999.00,-999.00,-999.00,-999.00,-999.00,-999.00,-999.00,-999.00,-999.00,-999.00,-999.00,-999.00,-999.00,-999.00,-999.00,-999.00,-999.00,-999,-999.00,-999,-999.00,-999.00,-999.00,899,-999.00,-999.00,-999.00,-999.00,112212.21,10.17,-0.11,5.02,46.16,36.13,41.14,4,54.92,6.00,0.13,56.21,170.64,852.86,1477.45
Rodentia,Muridae,Gerbilliscus,robustus,gerbilliscus robustus,-999.00,95.99,-999.00,-999.00,-999.00,-999.00,-999.00,-999.00,-999.00,-999.00,-999.00,-999.00,-999.00,-999.00,-999.00,5.26,-999.00,-999.00,-999.00,-999.00,-999.00,-999.00,-999.00,-999.00,-999,-999.00,-999,-999.00,-999.00,-999.00,1297;2655,-999.00,-999.00,-999.00,-999.00,4584937.39,16.42,-8.12,4.15,48.18,-5.75,21.21,0,31.56,1.00,0.11,65.34,241.77,777.37,1615.12
Rodentia,Muridae,Gerbilliscus,validus,gerbilliscus validus,-999.00,121.00,-999.00,-999.00,-999.00,-999.00,-999.00,-999.00,-999.00,-999.00,25.00,-999.00,-999.00,-999.00,109.00,3.94,2.00,-999.00,-999.00,-999.00,-999.00,-999.00,92.55,-999.00,-999,-999.00,-999,-999.00,30.00,-999.00,1297;2655,-999.00,-999.00,-999.00,-999.00,6675553.83,12.52,-18.17,-2.82,39.61,9.92,24.77,0,28.50,1.00,0.14,101.79,233.79,1033.69,1544.25
Rodentia,Muridae,Gerbillurus,paeba,gerbillurus paeba,1.00,25.91,-999.00,93.22,16.00,-999.00,27.23,33.90,4.00,-999.00,26.00,2.00,0.01,0.01,-999.00,3.64,-999.00,-999.00,2.09,30.68,866.80,-999.00,72.41,-999.00,6,1.00,2,22.84,13.49,53.00,730;1297;1584;1822;2121;2262;2655;2754;2978,-999.00,-999.00,-999.00,-999.00,2281938.71,-14.94,-34.83,-24.89,33.78,11.71,22.75,0,8.06,0.00,0.09,31.08,190.68,444.46,1303.31
Rodentia,Muridae,Gerbillurus,setzeri,gerbillurus setzeri,-999.00,38.29,-999.00,105.28,-999.00,-999.00,32.73,46.10,3.00,-999.00,-999.00,-999.00,-999.00,-999.00,-999.00,-999.00,-999.00,-999.00,2.30,-999.00,-999.00,-999.00,-999.00,-999.00,-999,-999.00,2,25.35,-999.00,-999.00,776;1822;2655;2978,-999.00,-999.00,-999.00,-999.00,112926.90,-15.86,-28.45,-22.16,16.36,11.71,14.03,0,1.08,0.00,0.02,2.92,140.59,191.12,1049.21
Rodentia,Muridae,Gerbillurus,tytonis,gerbillurus tytonis,-999.00,29.79,-999.00,98.90,23.00,-999.00,23.74,29.90,-999.00,-999.00,-999.00,2.00,-999.00,-999.00,-999.00,4.40,-999.00,-999.00,1.89,34.18,1700.00,-999.00,-999.00,-999.00,-999,1.00,-999,29.00,-999.00,-999.00,1297;1822;2261;2655;2978,-999.00,-999.00,-999.00,-999.00,46333.88,-23.23,-26.33,-24.78,16.50,14.43,15.47,0,0.80,0.00,0.06,2.17,125.19,168.45,928.34
Rodentia,Muridae,Gerbillurus,vallinus,gerbillurus vallinus,1.00,35.24,-999.00,98.46,-999.00,-999.00,28.61,38.80,-999.00,-999.00,-999.00,2.00,-999.00,-999.00,-999.00,3.87,-999.00,-999.00,2.00,-999.00,-999.00,-999.00,-999.00,-999.00,-999,1.00,-999,25.35,-999.00,-999.00,777;1297;1822;2655;2978,-999.00,-999.00,-999.00,-999.00,247919.77,-24.07,-31.15,-27.61,21.69,15.94,18.82,0,0.77,0.00,0.03,9.88,179.80,190.97,1125.07
Rodentia,Muridae,Gerbillus,acticola,gerbillus acticola,-999.00,-999.00,-999.00,-999.00,-999.00,-999.00,-999.00,-999.00,-999.00,-999.00,-999.00,-999.00,-999.00,-999.00,-999.00,-999.00,-999.00,-999.00,-999.00,-999.00,-999.00,-999.00,-999.00,-999.00,-999,-999.00,-999,-999.00,-999.00,-999.00,-999,-999.00,-999.00,-999.00,-999.00,11121.72,10.59,9.28,9.94,45.94,45.03,45.49,12,14.87,12.00,0.07,12.85,248.11,323.12,1751.55
Rodentia,Muridae,Gerbillus,agag,gerbillus agag,-999.00,-999.00,-999.00,-999.00,-999.00,-999.00,-999.00,-999.00,-999.00,-999.00,-999.00,-999.00,-999.00,-999.00,-999.00,-999.00,-999.00,-999.00,-999.00,-999.00,-999.00,-999.00,-999.00,-999.00,-999,-999.00,-999,-999.00,-999.00,-999.00,-999,-999.00,-999.00,-999.00,-999.00,1587068.59,21.82,1.99,11.90,36.11,-2.98,16.56,0,19.78,1.00,0.09,32.18,266.80,427.48,1593.85
Rodentia,Muridae,Gerbillus,amoenus,gerbillus amoenus,-999.00,13.20,-999.00,-999.00,-999.00,-999.00,-999.00,-999.00,-999.00,-999.00,-999.00,-999.00,-999.00,-999.00,-999.00,-999.00,-999.00,-999.00,-999.00,-999.00,-999.00,-999.00,-999.00,-999.00,-999,-999.00,-999,-999.00,-999.00,-999.00,2655,-999.00,-999.00,-999.00,-999.00,2405541.70,37.34,23.89,30.61,34.84,-10.80,12.01,0,39.68,0.00,0.10,8.75,207.01,133.09,1161.07
Rodentia,Muridae,Gerbillus,andersoni,gerbillus andersoni,1.00,27.50,-999.00,-999.00,-999.00,-999.00,30.83,35.30,1.00,-999.00,-999.00,-999.00,-999.00,-999.00,-999.00,3.89,-999.00,-999.00,-999.00,-999.00,-999.00,-999.00,-999.00,-999.00,-999,-999.00,1,-999.00,-999.00,-999.00,770;1297;1822;2655;2978,-999.00,-999.00,-999.00,-999.00,54377.38,32.62,29.03,30.82,35.11,29.86,32.48,10,580.39,10.00,0.14,8.48,199.70,117.68,1370.46
Rodentia,Muridae,Gerbillus,aquilus,gerbillus aquilus,-999.00,-999.00,-999.00,-999.00,-999.00,-999.00,-999.00,-999.00,-999.00,-999.00,-999.00,-999.00,-999.00,-999.00,-999.00,-999.00,-999.00,-999.00,-999.00,-999.00,-999.00,-999.00,-999.00,-999.00,-999,-999.00,-999,-999.00,-999.00,-999.00,-999,-999.00,-999.00,-999.00,-999.00,564499.90,34.04,26.26,30.15,67.46,55.37,61.41,3,14.24,4.00,0.17,9.94,187.93,146.35,1250.68
Rodentia,Muridae,Gerbillus,brockmani,gerbillus brockmani,-999.00,-999.00,-999.00,-999.00,-999.00,-999.00,-999.00,-999.00,-999.00,-999.00,-999.00,-999.00,-999.00,-999.00,-999.00,-999.00,-999.00,-999.00,-999.00,-999.00,-999.00,-999.00,-999.00,-999.00,-999,-999.00,-999,-999.00,-999.00,-999.00,-999,-999.00,-999.00,-999.00,-999.00,8207.28,9.93,9.06,9.50,45.99,44.97,45.48,16,18.39,16.00,0.05,13.79,226.40,331.17,1832.66
Rodentia,Muridae,Gerbillus,burtoni,gerbillus burtoni,-999.00,-999.00,-999.00,-999.00,-999.00,-999.00,-999.00,-999.00,-999.00,-999.00,-999.00,-999.00,-999.00,-999.00,-999.00,-999.00,-999.00,-999.00,-999.00,-999.00,-999.00,-999.00,-999.00,-999.00,-999,-999.00,-999,-999.00,-999.00,-999.00,-999,-999.00,-999.00,-999.00,-999.00,18441.09,14.31,13.09,13.70,25.33,23.62,24.47,4,16.42,4.00,0.20,28.34,219.32,446.60,1611.76
Rodentia,Muridae,Gerbillus,cheesmani,gerbillus cheesmani,-999.00,28.00,-999.00,-999.00,-999.00,-999.00,-999.00,-999.00,-999.00,-999.00,-999.00,-999.00,-999.00,-999.00,-999.00,8.00,-999.00,-999.00,-999.00,-999.00,-999.00,-999.00,-999.00,-999.00,-999,-999.00,-999,-999.00,-999.00,-999.00,1297;2655,-999.00,-999.00,-999.00,-999.00,2553937.84,35.91,12.59,24.25,59.83,36.73,48.28,0,21.35,0.00,0.13,9.34,231.08,166.03,1295.12
Rodentia,Muridae,Gerbillus,dongolanus,gerbillus dongolanus,-999.00,-999.00,-999.00,-999.00,-999.00,-999.00,-999.00,-999.00,-999.00,-999.00,-999.00,-999.00,-999.00,-999.00,-999.00,-999.00,-999.00,-999.00,-999.00,-999.00,-999.00,-999.00,-999.00,-999.00,-999,-999.00,-999,-999.00,-999.00,-999.00,-999,-999.00,-999.00,-999.00,-999.00,6685.18,19.86,18.73,19.30,30.65,30.04,30.34,1,2.33,1.00,0.00,0.83,267.85,31.02,1401.19
Rodentia,Muridae,Gerbillus,dunni,gerbillus dunni,-999.00,-999.00,-999.00,-999.00,-999.00,-999.00,-999.00,-999.00,-999.00,-999.00,-999.00,-999.00,-999.00,-999.00,-999.00,-999.00,-999.00,-999.00,-999.00,-999.00,-999.00,-999.00,-999.00,-999.00,-999,-999.00,-999,-999.00,-999.00,-999.00,-999,-999.00,-999.00,-999.00,-999.00,14101.39,7.21,6.01,6.61,46.08,44.83,45.46,5,6.20,5.00,0.13,15.09,264.30,306.68,1739.91
Rodentia,Muridae,Gerbillus,famulus,gerbillus famulus,-999.00,-999.00,-999.00,-999.00,-999.00,-999.00,-999.00,-999.00,-999.00,-999.00,-999.00,-999.00,-999.00,-999.00,-999.00,-999.00,-999.00,-999.00,-999.00,-999.00,-999.00,-999.00,-999.00,-999.00,-999,-999.00,-999,-999.00,-999.00,-999.00,-999,-999.00,-999.00,-999.00,-999.00,27974.75,14.91,12.96,13.93,45.38,43.48,44.43,32,185.59,32.00,0.29,5.74,186.02,161.66,1801.83
Rodentia,Muridae,Gerbillus,floweri,gerbillus floweri,-999.00,-999.00,-999.00,-999.00,-999.00,-999.00,-999.00,-999.00,-999.00,-999.00,-999.00,-999.00,-999.00,-999.00,-999.00,-999.00,-999.00,-999.00,-999.00,-999.00,-999.00,-999.00,-999.00,-999.00,-999,-999.00,-999,-999.00,-999.00,-999.00,-999,-999.00,-999.00,-999.00,-999.00,18.22,31.13,31.09,31.11,33.82,33.77,33.80,10,10.00,10.00,0.11,-999.00,-999.00,-999.00,-999.00
Rodentia,Muridae,Gerbillus,garamantis,gerbillus garamantis,-999.00,-999.00,-999.00,-999.00,-999.00,-999.00,-999.00,-999.00,-999.00,-999.00,-999.00,-999.00,-999.00,-999.00,-999.00,-999.00,-999.00,-999.00,-999.00,-999.00,-999.00,-999.00,-999.00,-999.00,-999,-999.00,-999,-999.00,-999.00,-999.00,-999,-999.00,-999.00,-999.00,-999.00,1203362.87,35.42,22.24,28.83,9.12,-1.69,3.71,0,3.50,0.00,0.13,4.77,226.12,78.25,1144.11
Cetacea,Eschrichtiidae,Eschrichtius,robustus,eschrichtius robustus,2.00,27324024.19,-999.00,11831.89,-999.00,-999.00,-999.00,-999.00,3.00,-999.00,379.90,1.00,-999.00,-999.00,638.75,1.00,0.50,924.00,500000.00,4430.00,4.90,16.00,3189.25,16.00,-999,-999.00,2,211.71,-999.00,-999.00,388;505;511;543;1004;1015;1297;1513;2655,-999.00,-999.00,-999.00,-999.00,-999.00,-999.00,-999.00,-999.00,-999.00,-999.00,-999.00,-999,-999.00,-999.00,-999.00,-999.00,-999.00,-999.00,-999.00
Cetacea,Balaenidae,Eubalaena,australis,eubalaena australis,-999.00,22999999.91,-999.00,14150.00,-999.00,3102.50,-999.00,-999.00,1.00,-999.00,361.98,1.00,-999.00,-999.00,1213.62,-999.00,-999.00,-999.00,-999.00,6099.99,-999.00,-999.00,-999.00,2.50,-999,-999.00,3,296.33,-999.00,5490.00,178;312;350;352;492;494;504;505;529;676;899;1672;2227;2487;2499;2655,-999.00,0.59,1409677.13,872755.70,-999.00,-999.00,-999.00,-999.00,-999.00,-999.00,-999.00,-999,-999.00,-999.00,-999.00,-999.00,-999.00,-999.00,-999.00
Cetacea,Balaenidae,Eubalaena,glacialis,eubalaena glacialis,-999.00,22999999.91,-999.00,13907.08,-999.00,3467.50,-999.00,-999.00,2.00,-999.00,345.96,1.00,-999.00,-999.00,1460.00,1.00,0.31,-999.00,800000.00,4500.00,-999.00,-999.00,3781.99,7.00,-999,-999.00,3,333.63,4999999.99,8499.99,353;492;494;505;511;899;1004;1297;1580;1581;1634;1671;1672;1909;2655,-999.00,-999.00,-999.00,-999.00,-999.00,-999.00,-999.00,-999.00,-999.00,-999.00,-999.00,-999,-999.00,-999.00,-999.00,-999.00,-999.00,-999.00,-999.00
Cetacea,Balaenidae,Eubalaena,japonica,eubalaena japonica,-999.00,-999.00,-999.00,-999.00,-999.00,-999.00,-999.00,-999.00,-999.00,-999.00,-999.00,-999.00,-999.00,-999.00,-999.00,-999.00,-999.00,-999.00,-999.00,-999.00,-999.00,-999.00,-999.00,-999.00,-999,-999.00,-999,-999.00,-999.00,-999.00,-999,-999.00,-999.00,-999.00,-999.00,-999.00,-999.00,-999.00,-999.00,-999.00,-999.00,-999.00,-999,-999.00,-999.00,-999.00,-999.00,-999.00,-999.00,-999.00
Rodentia,Dipodidae,Euchoreutes,naso,euchoreutes naso,-999.00,-999.00,-999.00,-999.00,-999.00,-999.00,-999.00,-999.00,-999.00,-999.00,-999.00,1.00,-999.00,-999.00,-999.00,-999.00,-999.00,-999.00,-999.00,-999.00,-999.00,-999.00,-999.00,-999.00,8,1.00,-999,-999.00,-999.00,-999.00,2151,-999.00,-999.00,-999.00,-999.00,1591317.25,45.19,35.58,40.38,109.87,77.26,93.57,0,7.49,0.00,0.05,15.17,64.07,109.53,657.74
Chiroptera,Vespertilionidae,Euderma,maculatum,euderma maculatum,-999.00,16.17,49.50,-999.00,-999.00,-999.00,-999.00,-999.00,1.00,-999.00,-999.00,1.00,-999.00,-999.00,-999.00,1.00,-999.00,-999.00,3.40,38.99,-999.00,-999.00,-999.00,-999.00,-999,2.00,3,-999.00,-999.00,-999.00,870;872;1297;1658;1784;2151;2302;2655;3023,-999.00,-999.00,-999.00,-999.00,2325377.38,52.22,20.98,36.60,-101.58,-120.25,-110.91,0,9.67,0.00,0.11,28.54,99.64,380.45,989.46
Chiroptera,Vespertilionidae,Eudiscopus,denticulus,eudiscopus denticulus,-999.00,-999.00,35.99,-999.00,-999.00,-999.00,-999.00,-999.00,-999.00,-999.00,-999.00,1.00,-999.00,-999.00,-999.00,-999.00,-999.00,-999.00,-999.00,-999.00,-999.00,-999.00,-999.00,-999.00,-999,2.00,-999,-999.00,-999.00,-999.00,1658;2151,7.20,-999.00,-999.00,-999.00,179005.68,22.22,17.12,19.67,102.43,95.58,99.00,5,49.69,8.00,0.09,132.37,217.17,1066.73,1506.97
Artiodactyla,Bovidae,Eudorcas,rufifrons,eudorcas rufifrons,-999.00,26999.77,-999.00,885.00,-999.00,-999.00,-999.00,-999.00,-999.00,-999.00,174.73,1.00,-999.00,-999.00,-999.00,1.00,-999.00,162.00,-999.00,-999.00,1.56,-999.00,-999.00,-999.00,-999,1.00,-999,-999.00,-999.00,-999.00,511;869;1297;1525;1848;2655;2693,-999.00,-999.00,-999.00,-999.00,3084371.64,18.90,8.70,13.80,39.00,-17.53,10.73,0,32.64,1.00,0.10,47.70,271.83,545.87,1624.71
Chiroptera,Molossidae,Eumops,auripendulus,eumops auripendulus,-999.00,28.49,61.50,-999.00,-999.00,-999.00,-999.00,-999.00,-999.00,-999.00,-999.00,1.00,-999.00,-999.00,-999.00,0.98,-999.00,-999.00,-999.00,-999.00,-999.00,-999.00,-999.00,-999.00,-999,2.00,-999,-999.00,-999.00,-999.00,196;1297;1658;2151;2622;2655,-999.00,-999.00,-999.00,-999.00,14266279.15,21.62,-31.91,-5.14,-34.79,-95.95,-65.37,0,26.44,0.00,0.11,148.58,236.35,1282.56,1519.30
Chiroptera,Molossidae,Eumops,bonariensis,eumops bonariensis,-999.00,12.22,40.12,-999.00,-999.00,-999.00,-999.00,-999.00,1.00,-999.00,-999.00,1.00,-999.00,-999.00,-999.00,0.99,1.00,-999.00,1.24,20.02,-999.00,-999.00,-999.00,-999.00,-999,2.00,3,48.99,-999.00,-999.00,419;890;1297;1658;2151;2655,-999.00,-999.00,-999.00,-999.00,15178955.17,21.62,-35.84,-7.11,-34.79,-96.14,-65.46,0,26.03,0.00,0.11,143.90,232.87,1254.68,1488.59
Chiroptera,Molossidae,Eumops,dabbenei,eumops dabbenei,-999.00,67.27,76.50,-999.00,-999.00,-999.00,-999.00,-999.00,-999.00,-999.00,-999.00,1.00,-999.00,-999.00,-999.00,-999.00,-999.00,-999.00,-999.00,-999.00,-999.00,-999.00,-999.00,-999.00,-999,2.00,-999,-999.00,-999.00,-999.00,1658;2151;2622;2655,-999.00,-999.00,-999.00,-999.00,1430059.82,12.46,-29.97,-8.75,-56.20,-75.53,-65.86,0,35.15,0.00,0.11,91.55,222.25,1080.01,1393.17
Chiroptera,Molossidae,Eumops,glaucinus,eumops glaucinus,-999.00,36.20,59.73,-999.00,-999.00,-999.00,-999.00,-999.00,1.00,-999.00,-999.00,1.00,-999.00,-999.00,-999.00,1.04,1.00,-999.00,4.27,38.79,-999.00,-999.00,-999.00,-999.00,-999,2.00,3,38.49,-999.00,-999.00,196;419;890;1297;1658;2151;2622;2655;2719,-999.00,-999.00,-999.00,-999.00,11841060.24,26.61,-26.32,0.14,-39.68,-105.56,-72.62,0,30.41,0.00,0.12,147.97,232.45,1286.03,1517.73
Chiroptera,Molossidae,Eumops,hansae,eumops hansae,-999.00,15.47,38.29,-999.00,-999.00,-999.00,-999.00,-999.00,-999.00,-999.00,-999.00,1.00,-999.00,-999.00,-999.00,-999.00,-999.00,-999.00,-999.00,-999.00,-999.00,-999.00,-999.00,-999.00,-999,2.00,-999,-999.00,-999.00,-999.00,1432;1658;2151;2622;2655,-999.00,-999.00,-999.00,-999.00,4648064.88,12.46,-15.75,-1.64,-56.53,-83.97,-70.25,0,14.83,0.00,0.14,164.80,248.67,1435.44,1620.69
Chiroptera,Molossidae,Eumops,maurus,eumops maurus,-999.00,-999.00,52.00,-999.00,-999.00,-999.00,-999.00,-999.00,-999.00,-999.00,-999.00,1.00,-999.00,-999.00,-999.00,-999.00,-999.00,-999.00,-999.00,-999.00,-999.00,-999.00,-999.00,-999.00,-999,2.00,-999,-999.00,-999.00,-999.00,1658;2151,20.66,-999.00,-999.00,-999.00,269127.99,7.83,1.45,4.64,-53.98,-59.55,-56.76,0,4.58,0.00,0.04,140.51,258.08,1518.30,1713.30
Rodentia,Sciuridae,Exilisciurus,exilis,exilisciurus exilis,-999.00,21.75,-999.00,83.00,-999.00,-999.00,-999.00,-999.00,-999.00,-999.00,-999.00,-999.00,-999.00,-999.00,-999.00,2.46,-999.00,-999.00,-999.00,-999.00,-999.00,-999.00,-999.00,-999.00,-999,-999.00,-999,-999.00,-999.00,-999.00,1297;2152;2655,-999.00,-999.00,-999.00,-999.00,497876.83,4.71,-3.57,0.57,116.80,108.83,112.82,1,21.83,3.00,0.13,258.26,244.68,1674.05,1689.48
Rodentia,Sciuridae,Exilisciurus,whiteheadi,exilisciurus whiteheadi,-999.00,24.91,-999.00,83.00,-999.00,-999.00,-999.00,-999.00,-999.00,-999.00,-999.00,-999.00,-999.00,-999.00,-999.00,1.94,-999.00,-999.00,-999.00,-999.00,-999.00,-999.00,-999.00,-999.00,-999,-999.00,-999,-999.00,-999.00,-999.00,2152,-999.00,-999.00,-999.00,-999.00,87340.95,6.53,0.37,3.45,117.19,110.81,114.00,1,16.62,2.00,0.18,284.42,234.82,1698.02,1719.01
Chiroptera,Vespertilionidae,Falsistrellus,affinis,falsistrellus affinis,-999.00,-999.00,-999.00,-999.00,-999.00,-999.00,-999.00,-999.00,-999.00,-999.00,-999.00,-999.00,-999.00,-999.00,-999.00,-999.00,-999.00,-999.00,-999.00,-999.00,-999.00,-999.00,-999.00,-999.00,-999,-999.00,-999,-999.00,-999.00,-999.00,-999,-999.00,-999.00,-999.00,-999.00,698622.69,30.74,6.22,18.48,103.02,75.96,89.49,1,327.61,2.00,0.08,138.60,159.42,950.08,1250.00
Chiroptera,Vespertilionidae,Falsistrellus,mackenziei,falsistrellus mackenziei,-999.00,23.00,-999.00,-999.00,-999.00,-999.00,-999.00,-999.00,-999.00,-999.00,-999.00,-999.00,-999.00,-999.00,-999.00,-999.00,-999.00,-999.00,-999.00,-999.00,-999.00,-999.00,-999.00,-999.00,-999,-999.00,-999,-999.00,-999.00,-999.00,2622,-999.00,-999.00,-999.00,-999.00,40804.15,-31.37,-35.06,-33.21,117.00,114.97,115.98,0,30.34,0.00,0.11,64.03,153.50,462.51,1179.61
Chiroptera,Vespertilionidae,Falsistrellus,mordax,falsistrellus mordax,-999.00,-999.00,41.00,-999.00,-999.00,-999.00,-999.00,-999.00,-999.00,-999.00,-999.00,1.00,-999.00,-999.00,-999.00,-999.00,-999.00,-999.00,-999.00,-999.00,-999.00,-999.00,-999.00,-999.00,-999,2.00,-999,-999.00,-999.00,-999.00,1658;2151,10.46,-999.00,-999.00,-999.00,126776.20,-5.87,-8.78,-7.32,114.60,105.20,109.90,270,822.89,324.00,0.04,195.11,245.51,1370.42,1640.76
Chiroptera,Vespertilionidae,Falsistrellus,petersi,falsistrellus petersi,-999.00,-999.00,38.99,-999.00,-999.00,-999.00,-999.00,-999.00,-999.00,-999.00,-999.00,1.00,-999.00,-999.00,-999.00,-999.00,-999.00,-999.00,-999.00,-999.00,-999.00,-999.00,-999.00,-999.00,-999,2.00,-999,-999.00,-999.00,-999.00,1658;2151,9.05,-999.00,-999.00,-999.00,1100518.03,18.65,-5.70,6.47,128.34,108.83,118.59,1,85.72,4.00,0.14,246.75,238.56,1657.49,1729.28
Chiroptera,Vespertilionidae,Falsistrellus,tasmaniensis,falsistrellus tasmaniensis,-999.00,22.54,49.99,-999.00,-999.00,-999.00,-999.00,-999.00,1.00,-999.00,-999.00,1.00,-999.00,-999.00,-999.00,-999.00,-999.00,-999.00,-999.00,-999.00,-999.00,-999.00,-999.00,-999.00,-999,2.00,3,-999.00,-999.00,-999.00,1658;2143;2151;2186;2655,-999.00,-999.00,-999.00,-999.00,436078.01,-26.50,-43.64,-35.07,153.63,141.20,147.42,0,32.38,1.00,0.04,69.83,136.54,677.90,1040.11
Carnivora,Felidae,Felis,bieti,felis bieti,-999.00,5486.95,-999.00,783.95,-999.00,-999.00,-999.00,-999.00,-999.00,-999.00,-999.00,1.00,-999.00,-999.00,-999.00,-999.00,-999.00,-999.00,-999.00,-999.00,-999.00,-999.00,-999.00,-999.00,-999,1.00,-999,-999.00,-999.00,-999.00,1113;2655,-999.00,-999.00,-999.00,-999.00,383107.61,41.17,32.99,37.08,104.32,96.28,100.30,0,33.45,0.00,0.06,30.11,-4.92,335.49,745.65
Carnivora,Felidae,Felis,catus,felis catus,-999.00,2884.80,-999.00,-999.00,-999.00,-999.00,-999.00,-999.00,-999.00,-999.00,62.99,-999.00,1.41,1.52,-999.00,-999.00,-999.00,408.00,113.00,-999.00,3.47,-999.00,296.98,-999.00,-999,-999.00,-999,-999.00,-999.00,-999.00,542;543;1573;2338;2620,-999.00,-999.00,-999.00,-999.00,-999.00,-999.00,-999.00,-999.00,-999.00,-999.00,-999.00,-999,-999.00,-999.00,-999.00,-999.00,-999.00,-999.00,-999.00
Carnivora,Felidae,Felis,chaus,felis chaus,2.00,7157.99,-999.00,704.16,11.94,-999.00,-999.00,-999.00,1.00,-999.00,62.88,1.00,-999.00,-999.00,130.01,2.94,2.00,144.00,135.50,-999.00,-999.00,-999.00,383.18,-999.00,-999,1.00,3,95.49,2212.50,-999.00,1113;1297;2655,-999.00,-999.00,-999.00,-999.00,8986835.66,47.65,5.91,26.78,109.46,27.10,68.28,0,178.67,1.00,0.10,74.24,201.07,596.11,1297.70
Carnivora,Felidae,Felis,manul,felis manul,1.00,3050.00,-999.00,573.28,-999.00,-999.00,-999.00,-999.00,1.00,-999.00,76.08,1.00,-999.00,-999.00,-999.00,4.83,-999.00,-999.00,89.00,152.00,-999.00,-999.00,-999.00,-999.00,-999,1.00,3,-999.00,-999.00,-999.00,1113;1297;2655,-999.00,-999.00,-999.00,-999.00,8390117.08,53.18,27.95,40.56,123.81,44.83,84.32,0,21.03,0.00,0.06,29.96,7.27,291.26,708.45
Carnivora,Felidae,Felis,margarita,felis margarita,1.00,2823.36,-999.00,511.33,14.00,-999.00,-999.00,-999.00,1.00,-999.00,63.61,1.00,-999.00,-999.00,197.70,4.12,-999.00,-999.00,63.99,-999.00,-999.00,-999.00,-999.00,-999.00,-999,1.00,3,-999.00,-999.00,-999.00,1113;1297;2655,-999.00,1.50,-999.00,-999.00,12141993.70,47.88,12.95,30.41,67.81,-14.58,26.61,0,10.35,0.00,0.10,7.48,223.87,125.83,1210.52
Carnivora,Felidae,Felis,nigripes,felis nigripes,2.00,1362.77,-999.00,400.05,7.00,-999.00,-999.00,-999.00,1.00,-999.00,67.50,1.00,-999.00,-999.00,228.12,1.78,4.00,144.00,72.00,-999.00,-999.00,-999.00,284.58,-999.00,6,1.00,3,67.23,-999.00,-999.00,543;1113;1297;2655,-999.00,-999.00,-999.00,-999.00,1732323.73,-15.92,-33.39,-24.65,32.34,12.23,22.29,0,8.32,0.00,0.09,30.61,186.65,449.31,1283.12
Rodentia,Gliridae,Graphiurus,ocularis,graphiurus ocularis,1.00,68.80,-999.00,-999.00,-999.00,-999.00,66.44,67.80,4.00,-999.00,-999.00,2.00,0.09,0.09,56.00,4.99,2.00,-999.00,-999.00,-999.00,-999.00,-999.00,-999.00,1.00,7,2.00,2,-999.00,25.59,-999.00,1297;1573;1822;2151;2629;2655;2914,-999.00,-999.00,-999.00,-999.00,594310.76,-26.27,-34.21,-30.24,28.01,16.96,22.49,0,16.41,0.00,0.09,27.53,165.78,394.45,1119.86
Rodentia,Gliridae,Graphiurus,platyops,graphiurus platyops,1.00,46.10,-999.00,-999.00,-999.00,-999.00,-999.00,-999.00,6.00,-999.00,-999.00,2.00,-999.00,-999.00,-999.00,5.17,-999.00,-999.00,-999.00,-999.00,-999.00,-999.00,-999.00,1.00,7,2.00,2,-999.00,-999.00,-999.00,1297;2151;2629;2655,-999.00,-999.00,-999.00,-999.00,1449912.28,-8.84,-27.01,-17.92,35.25,22.83,29.04,1,27.11,3.00,0.15,74.34,209.14,783.93,1426.46
Rodentia,Gliridae,Graphiurus,rupicola,graphiurus rupicola,-999.00,-999.00,-999.00,-999.00,-999.00,-999.00,-999.00,-999.00,-999.00,-999.00,-999.00,-999.00,-999.00,-999.00,-999.00,-999.00,-999.00,-999.00,-999.00,-999.00,-999.00,-999.00,-999.00,-999.00,-999,-999.00,-999,-999.00,-999.00,-999.00,-999,-999.00,-999.00,-999.00,-999.00,164009.28,-17.74,-28.33,-23.03,18.46,13.22,15.84,0,1.92,0.00,0.07,16.60,167.06,282.37,1212.59
Rodentia,Gliridae,Graphiurus,surdus,graphiurus surdus,1.00,-999.00,-999.00,-999.00,-999.00,-999.00,-999.00,-999.00,4.00,-999.00,-999.00,2.00,-999.00,-999.00,-999.00,4.99,-999.00,-999.00,-999.00,-999.00,-999.00,-999.00,-999.00,-999.00,7,2.00,2,-999.00,-999.00,-999.00,2151,-999.00,-999.00,-999.00,-999.00,52630.81,3.99,1.29,2.64,12.18,9.49,10.83,3,26.31,4.00,0.07,176.22,235.71,1359.60,1534.04
Carnivora,Mustelidae,Gulo,gulo,gulo gulo,1.00,12792.49,-999.00,772.10,27.94,-999.00,4906.80,11600.00,1.00,638.99,161.73,1.00,343.27,363.58,821.25,2.84,0.50,216.00,86.02,157.30,7.916144e-03,1.00,756.60,-999.00,-999,1.00,3,83.64,-999.00,-999.00,367;543;1015;1113;1297;1573;2655;2986,-999.00,-999.00,-999.00,-999.00,24495951.71,83.11,38.24,60.67,179.99,-168.12,5.93,0,3.75,0.00,-0.02,32.21,-72.05,259.17,291.78
Diprotodontia,Petauridae,Gymnobelideus,leadbeateri,gymnobelideus leadbeateri,1.00,137.32,-999.00,-999.00,-999.00,365.00,102.92,166.00,2.00,304.16,18.43,1.00,0.01,-999.00,183.00,1.54,2.00,132.00,-999.00,-999.00,258.26,8.00,481.03,-999.00,4,2.00,2,119.32,37.78,-999.00,543;899;955;1297;1412;1466;1760;1789;1822;1848;2484;2644;2655;2880,-999.00,-999.00,-999.00,-999.00,8327.67,-37.01,-37.97,-37.49,146.10,144.97,145.54,2,150.14,2.00,0.02,57.49,116.74,572.47,890.19
Rodentia,Nesomyidae,Gymnuromys,roberti,gymnuromys roberti,-999.00,97.50,-999.00,142.50,-999.00,-999.00,-999.00,-999.00,2.00,-999.00,-999.00,-999.00,-999.00,-999.00,-999.00,1.94,1.00,-999.00,-999.00,-999.00,-999.00,-999.00,-999.00,-999.00,-999,-999.00,1,-999.00,-999.00,-999.00,1048;1297;2152;2655,-999.00,-999.00,-999.00,-999.00,29664.32,-18.18,-23.10,-20.64,48.98,46.78,47.88,8,45.73,13.00,0.18,178.18,188.09,1311.25,1504.33
Rodentia,Cricetidae,Habromys,chinanteco,habromys chinanteco,-999.00,40.00,-999.00,-999.00,-999.00,-999.00,-999.00,-999.00,-999.00,-999.00,-999.00,-999.00,-999.00,-999.00,-999.00,-999.00,-999.00,-999.00,-999.00,-999.00,-999.00,-999.00,-999.00,-999.00,-999,-999.00,-999,-999.00,-999.00,-999.00,2655,-999.00,-999.00,-999.00,-999.00,360.00,18.06,17.79,17.92,-96.07,-96.22,-96.15,32,56.46,32.00,0.03,123.99,251.45,1033.48,1498.12
Rodentia,Cricetidae,Habromys,delicatulus,habromys delicatulus,-999.00,-999.00,-999.00,-999.00,-999.00,-999.00,-999.00,-999.00,-999.00,-999.00,-999.00,-999.00,-999.00,-999.00,-999.00,-999.00,-999.00,-999.00,-999.00,-999.00,-999.00,-999.00,-999.00,-999.00,-999,-999.00,-999,-999.00,-999.00,-999.00,-999,-999.00,-999.00,-999.00,-999.00,-999.00,-999.00,-999.00,-999.00,-999.00,-999.00,-999.00,-999,-999.00,-999.00,-999.00,-999.00,-999.00,-999.00,-999.00
Rodentia,Cricetidae,Habromys,ixtlani,habromys ixtlani,-999.00,-999.00,-999.00,-999.00,-999.00,-999.00,-999.00,-999.00,-999.00,-999.00,-999.00,-999.00,-999.00,-999.00,-999.00,-999.00,-999.00,-999.00,-999.00,-999.00,-999.00,-999.00,-999.00,-999.00,-999,-999.00,-999,-999.00,-999.00,-999.00,-999,-999.00,-999.00,-999.00,-999.00,-999.00,-999.00,-999.00,-999.00,-999.00,-999.00,-999.00,-999,-999.00,-999.00,-999.00,-999.00,-999.00,-999.00,-999.00
Rodentia,Cricetidae,Habromys,lepturus,habromys lepturus,-999.00,84.99,-999.00,-999.00,-999.00,-999.00,-999.00,-999.00,-999.00,-999.00,-999.00,-999.00,-999.00,-999.00,-999.00,1.90,-999.00,-999.00,-999.00,-999.00,-999.00,-999.00,-999.00,-999.00,-999,-999.00,-999,-999.00,-999.00,-999.00,1297;2655,-999.00,-999.00,-999.00,-999.00,-999.00,-999.00,-999.00,-999.00,-999.00,-999.00,-999.00,-999,-999.00,-999.00,-999.00,-999.00,-999.00,-999.00,-999.00
Rodentia,Cricetidae,Habromys,lophurus,habromys lophurus,-999.00,40.00,-999.00,-999.00,-999.00,-999.00,-999.00,-999.00,-999.00,-999.00,-999.00,-999.00,-999.00,-999.00,-999.00,-999.00,-999.00,-999.00,-999.00,-999.00,-999.00,-999.00,-999.00,-999.00,-999,-999.00,-999,-999.00,-999.00,-999.00,2655,-999.00,-999.00,-999.00,-999.00,42237.85,16.84,13.94,15.39,-88.84,-92.94,-90.89,24,166.49,27.00,0.10,105.26,205.27,1307.90,1678.68
Rodentia,Cricetidae,Habromys,simulatus,habromys simulatus,-999.00,40.00,-999.00,-999.00,-999.00,-999.00,-999.00,-999.00,-999.00,-999.00,-999.00,-999.00,-999.00,-999.00,-999.00,-999.00,-999.00,-999.00,-999.00,-999.00,-999.00,-999.00,-999.00,-999.00,-999,-999.00,-999,-999.00,-999.00,-999.00,2655,-999.00,-999.00,-999.00,-999.00,15451.67,20.68,19.00,19.84,-96.71,-98.72,-97.72,48,117.43,48.00,0.08,110.91,195.03,1158.97,1409.98
Rodentia,Muridae,Hadromys,humei,hadromys humei,-999.00,-999.00,-999.00,-999.00,-999.00,-999.00,-999.00,-999.00,-999.00,-999.00,-999.00,-999.00,-999.00,-999.00,-999.00,-999.00,-999.00,-999.00,-999.00,-999.00,-999.00,-999.00,-999.00,-999.00,-999,-999.00,-999,-999.00,-999.00,-999.00,-999,-999.00,-999.00,-999.00,-999.00,-999.00,-999.00,-999.00,-999.00,-999.00,-999.00,-999.00,-999,-999.00,-999.00,-999.00,-999.00,-999.00,-999.00,-999.00
Rodentia,Muridae,Hadromys,yunnanensis,hadromys yunnanensis,-999.00,-999.00,-999.00,-999.00,-999.00,-999.00,-999.00,-999.00,-999.00,-999.00,-999.00,-999.00,-999.00,-999.00,-999.00,-999.00,-999.00,-999.00,-999.00,-999.00,-999.00,-999.00,-999.00,-999.00,-999,-999.00,-999,-999.00,-999.00,-999.00,-999,-999.00,-999.00,-999.00,-999.00,-999.00,-999.00,-999.00,-999.00,-999.00,-999.00,-999.00,-999,-999.00,-999.00,-999.00,-999.00,-999.00,-999.00,-999.00
Rodentia,Muridae,Haeromys,margarettae,haeromys margarettae,-999.00,-999.00,-999.00,75.99,-999.00,-999.00,-999.00,-999.00,-999.00,-999.00,-999.00,-999.00,-999.00,-999.00,-999.00,-999.00,-999.00,-999.00,-999.00,-999.00,-999.00,-999.00,-999.00,-999.00,-999,-999.00,-999,-999.00,-999.00,-999.00,2152,14.04,-999.00,-999.00,-999.00,398.16,1.21,1.00,1.10,110.31,110.11,110.21,60,60.00,60.00,0.11,283.00,248.00,1582.00,1582.00
Rodentia,Muridae,Haeromys,minahassae,haeromys minahassae,-999.00,-999.00,-999.00,-999.00,-999.00,-999.00,-999.00,-999.00,-999.00,-999.00,-999.00,-999.00,-999.00,-999.00,-999.00,-999.00,-999.00,-999.00,-999.00,-999.00,-999.00,-999.00,-999.00,-999.00,-999,-999.00,-999,-999.00,-999.00,-999.00,-999,-999.00,-999.00,-999.00,-999.00,916.74,0.75,-1.23,-0.24,123.00,120.00,121.50,41,61.33,41.00,0.07,222.00,207.00,1783.00,2005.00
Rodentia,Muridae,Haeromys,pusillus,haeromys pusillus,-999.00,-999.00,-999.00,65.00,-999.00,-999.00,-999.00,-999.00,1.00,-999.00,-999.00,-999.00,-999.00,-999.00,-999.00,-999.00,-999.00,-999.00,-999.00,-999.00,-999.00,-999.00,-999.00,-999.00,-999,-999.00,1,-999.00,-999.00,-999.00,679;2152,8.94,-999.00,-999.00,-999.00,38248.70,6.31,3.10,4.71,116.94,115.54,116.24,4,22.96,4.00,0.30,285.78,223.15,1750.85,1792.08
Carnivora,Phocidae,Halichoerus,grypus,halichoerus grypus,-999.00,197570.01,-999.00,2079.47,0.00,1825.00,38605.80,194000.00,2.00,21.00,349.79,2.00,-999.00,-999.00,365.00,0.96,-999.00,560.07,13995.35,-999.00,-999.00,-999.00,1770.72,-999.00,-999,1.00,3,18.37,42148.54,-999.00,367;543;1015;1297;1763;2151;2620;2655;2986,-999.00,1.10,-999.00,-999.00,-999.00,-999.00,-999.00,-999.00,-999.00,-999.00,-999.00,-999,-999.00,-999.00,-999.00,-999.00,-999.00,-999.00,-999.00
Rodentia,Cricetidae,Handleyomys,fuscatus,handleyomys fuscatus,-999.00,49.50,-999.00,-999.00,-999.00,-999.00,-999.00,-999.00,-999.00,-999.00,-999.00,-999.00,-999.00,-999.00,-999.00,-999.00,-999.00,-999.00,-999.00,-999.00,-999.00,-999.00,-999.00,-999.00,-999,-999.00,-999,-999.00,-999.00,-999.00,2655,-999.00,-999.00,-999.00,-999.00,79797.77,8.61,1.67,5.14,-73.92,-77.27,-75.60,6,82.11,10.00,0.09,192.38,201.20,1516.71,1597.12
Rodentia,Cricetidae,Handleyomys,intectus,handleyomys intectus,-999.00,60.50,-999.00,-999.00,-999.00,-999.00,-999.00,-999.00,-999.00,-999.00,-999.00,-999.00,-999.00,-999.00,-999.00,-999.00,-999.00,-999.00,-999.00,-999.00,-999.00,-999.00,-999.00,-999.00,-999,-999.00,-999,-999.00,-999.00,-999.00,2655,-999.00,-999.00,-999.00,-999.00,2333.17,7.43,6.77,7.10,-75.16,-75.56,-75.36,19,27.50,19.00,0.09,138.74,175.99,1538.74,1571.72
Primates,Lemuridae,Hapalemur,alaotrensis,hapalemur alaotrensis,-999.00,1616.83,-999.00,-999.00,-999.00,-999.00,-999.00,-999.00,-999.00,-999.00,-999.00,-999.00,-999.00,-999.00,-999.00,-999.00,-999.00,-999.00,-999.00,-999.00,-999.00,-999.00,-999.00,-999.00,-999,-999.00,-999,-999.00,-999.00,-999.00,1547,-999.00,-999.00,-999.00,-999.00,214.53,-17.32,-17.68,-17.50,48.55,48.30,48.42,33,38.66,33.00,0.31,207.35,191.65,1187.38,1515.67
Primates,Lemuridae,Hapalemur,aureus,hapalemur aureus,2.00,1562.41,-999.00,305.08,-999.00,-999.00,-999.00,-999.00,2.00,-999.00,142.50,2.00,0.21,0.36,365.00,1.01,-999.00,-999.00,-999.00,-999.00,-999.00,4.00,-999.00,3.00,-999,2.00,1,-999.00,-999.00,-999.00,899;1046;1048;1261;1544;1546;1547;1848;2151;2344;2655,-999.00,1.10,-999.00,-999.00,9313.01,-20.72,-22.59,-21.66,47.82,46.74,47.28,8,45.96,8.00,0.18,165.45,185.24,1321.37,1516.85
Primates,Lemuridae,Hapalemur,griseus,hapalemur griseus,2.00,916.00,-999.00,335.00,-999.00,996.45,-999.00,-999.00,2.00,-999.00,141.24,3.00,0.01,4.7e-03,334.58,1.50,-999.00,205.20,45.20,-999.00,62.00,4.00,1003.17,3.10,-999,2.00,1,136.29,-999.00,-999.00,208;543;1046;1048;1167;1261;1297;1544;1546;1547;1848;2041;2151;2344;2428;2493;2655;2660;2986,-999.00,1.15,-999.00,-999.00,89049.73,-13.75,-25.16,-19.45,50.48,46.59,48.53,5,41.25,8.00,0.18,177.28,197.44,1338.74,1594.74
Primates,Lemuridae,Hapalemur,occidentalis,hapalemur occidentalis,-999.00,-999.00,-999.00,-999.00,-999.00,-999.00,-999.00,-999.00,-999.00,-999.00,-999.00,-999.00,-999.00,-999.00,-999.00,-999.00,-999.00,-999.00,-999.00,-999.00,-999.00,-999.00,-999.00,-999.00,-999,-999.00,-999,-999.00,-999.00,-999.00,-999,-999.00,-999.00,-999.00,-999.00,20361.36,-13.18,-19.47,-16.32,49.06,44.22,46.64,3,12.02,3.00,0.16,117.41,237.68,1065.69,1584.46
Rodentia,Muridae,Hapalomys,delacouri,hapalomys delacouri,-999.00,-999.00,-999.00,-999.00,-999.00,-999.00,-999.00,-999.00,-999.00,-999.00,-999.00,-999.00,-999.00,-999.00,-999.00,-999.00,-999.00,-999.00,-999.00,-999.00,-999.00,-999.00,-999.00,-999.00,-999,-999.00,-999,-999.00,-999.00,-999.00,-999,-999.00,-999.00,-999.00,-999.00,96345.31,23.39,14.96,19.18,111.03,101.88,106.45,8,149.50,12.00,0.10,136.32,206.98,1180.50,1428.21
Rodentia,Muridae,Hapalomys,longicaudatus,hapalomys longicaudatus,-999.00,70.00,-999.00,-999.00,-999.00,-999.00,-999.00,-999.00,1.00,-999.00,-999.00,-999.00,-999.00,-999.00,-999.00,-999.00,-999.00,-999.00,-999.00,-999.00,-999.00,-999.00,-999.00,-999.00,-999,-999.00,1,-999.00,-999.00,-999.00,679;2655,-999.00,-999.00,-999.00,-999.00,79996.41,18.22,3.21,10.71,102.80,95.98,99.39,3,91.27,5.00,0.08,233.51,249.33,1317.40,1700.93
Chiroptera,Pteropodidae,Haplonycteris,fischeri,haplonycteris fischeri,-999.00,18.25,50.56,-999.00,-999.00,410.62,-999.00,-999.00,3.00,-999.00,174.73,1.00,-999.00,-999.00,-999.00,1.00,1.00,120.00,2.74,34.41,-999.00,-999.00,192.91,-999.00,-999,2.00,1,76.04,-999.00,-999.00,1297;1307;1308;1309;1386;1439;1658;1705;2017;2151;2655;2885;3023,-999.00,-999.00,-999.00,-999.00,242390.28,18.65,5.55,12.10,126.60,117.17,121.88,19,214.70,29.00,0.11,202.10,241.60,1470.69,1729.38
Chiroptera,Vespertilionidae,Harpiocephalus,harpia,harpiocephalus harpia,-999.00,13.65,44.92,-999.00,-999.00,-999.00,-999.00,-999.00,1.00,-999.00,-999.00,1.00,-999.00,-999.00,-999.00,-999.00,-999.00,-999.00,-999.00,-999.00,-999.00,-999.00,-999.00,-999.00,-999,2.00,3,-999.00,-999.00,-999.00,196;1439;1621;1658;2151;2622;2655,-999.00,-999.00,-999.00,-999.00,1462960.55,27.68,-8.84,9.41,128.34,75.35,101.85,4,341.10,17.00,0.10,189.39,229.46,1336.41,1537.69
Chiroptera,Vespertilionidae,Harpiocephalus,mordax,harpiocephalus mordax,-999.00,-999.00,51.50,-999.00,-999.00,-999.00,-999.00,-999.00,-999.00,-999.00,-999.00,-999.00,-999.00,-999.00,-999.00,-999.00,-999.00,-999.00,-999.00,-999.00,-999.00,-999.00,-999.00,-999.00,-999,-999.00,-999,-999.00,-999.00,-999.00,1658,20.09,-999.00,-999.00,-999.00,105934.48,23.22,5.45,14.33,116.87,96.25,106.56,5,47.75,5.00,0.09,136.13,227.57,1135.24,1601.19
Chiroptera,Pteropodidae,Harpyionycteris,celebensis,harpyionycteris celebensis,-999.00,116.77,90.29,144.16,-999.00,-999.00,-999.00,-999.00,-999.00,-999.00,-999.00,1.00,-999.00,-999.00,-999.00,0.98,-999.00,-999.00,-999.00,-999.00,-999.00,-999.00,-999.00,-999.00,-999,2.00,-999,-999.00,-999.00,-999.00,1297;2143;2151;2270;2655;2804,-999.00,-999.00,-999.00,-999.00,105330.59,1.75,-3.86,-1.05,125.24,118.75,121.99,17,65.58,17.00,0.10,224.32,204.95,1812.60,1909.15
Chiroptera,Pteropodidae,Harpyionycteris,whiteheadi,harpyionycteris whiteheadi,-999.00,135.48,85.47,152.15,-999.00,365.00,-999.00,-999.00,1.00,-999.00,132.74,1.00,-999.00,-999.00,-999.00,1.00,2.00,-999.00,-999.00,-999.00,-999.00,-999.00,-999.00,-999.00,-999,2.00,1,111.60,-999.00,-999.00,1314;1439;1658;2017;2151;2270;2655;2804;2885,-999.00,-999.00,-999.00,-999.00,231112.21,18.65,5.55,12.10,126.60,119.74,123.17,19,233.58,32.00,0.10,200.92,241.16,1470.69,1729.38
Rodentia,Muridae,Heimyscus,fumosus,heimyscus fumosus,1.00,17.20,-999.00,-999.00,-999.00,-999.00,-999.00,-999.00,-999.00,-999.00,-999.00,1.00,-999.00,-999.00,-999.00,-999.00,-999.00,-999.00,-999.00,-999.00,-999.00,-999.00,-999.00,-999.00,-999,1.00,-999,-999.00,-999.00,-999.00,904;2399;2655,-999.00,-999.00,-999.00,-999.00,388339.40,4.46,-0.70,1.88,17.09,10.11,13.60,0,7.71,1.00,0.02,151.22,241.24,1364.04,1501.74
Carnivora,Ursidae,Helarctos,malayanus,helarctos malayanus,1.00,57075.78,-999.00,1220.79,14.00,-999.00,-999.00,-999.00,3.00,-999.00,98.34,1.00,-999.00,-999.00,-999.00,1.10,-999.00,297.60,324.99,-999.00,-999.00,-999.00,-999.00,-999.00,-999,1.00,1,90.36,-999.00,-999.00,543;1113;1297;2655,-999.00,-999.00,-999.00,-999.00,2525372.13,25.29,-5.94,9.67,122.00,94.37,108.18,1,97.72,4.00,0.12,200.18,243.88,1416.34,1650.77
Rodentia,Bathyergidae,Heliophobius,argenteocinereus,heliophobius argenteocinereus,2.00,159.46,-999.00,154.53,-999.00,-999.00,74.80,88.00,1.00,-999.00,87.00,1.00,1.34237e-04,1.25938e-04,-999.00,2.46,1.50,37.20,7.00,-999.00,5800.00,-999.00,-999.00,1.00,-999,1.00,1,-999.00,-999.00,-999.00,230;231;244;247;543;740;1297;1478;1573;1822;2655,-999.00,-999.00,-999.00,-999.00,2206524.59,-0.90,-18.48,-9.69,40.84,25.07,32.96,1,34.69,4.00,0.18,85.47,226.51,911.86,1544.41
Carnivora,Herpestidae,Herpestes,fuscus,herpestes fuscus,-999.00,-999.00,-999.00,-999.00,-999.00,-999.00,-999.00,-999.00,-999.00,-999.00,-999.00,-999.00,-999.00,-999.00,-999.00,-999.00,-999.00,-999.00,-999.00,-999.00,-999.00,-999.00,-999.00,-999.00,-999,-999.00,-999,-999.00,-999.00,-999.00,-999,-999.00,-999.00,-999.00,-999.00,91597.58,14.44,5.91,10.17,81.88,75.37,78.62,68,332.93,94.00,0.06,132.76,255.19,1238.30,1603.49
Carnivora,Herpestidae,Herpestes,ichneumon,herpestes ichneumon,2.00,2980.02,-999.00,573.28,-999.00,-999.00,-999.00,-999.00,6.00,365.00,75.87,1.00,2.18,2.05,365.00,3.00,1.50,240.00,-999.00,-999.00,-999.00,-999.00,729.99,-999.00,6,1.00,2,58.09,800.00,-999.00,543;1113;1297;1573;2655,-999.00,-999.00,-999.00,-999.00,14429050.10,39.59,-34.83,2.37,46.90,-17.53,14.68,0,50.25,1.00,0.13,80.56,232.14,814.09,1505.62
Carnivora,Herpestidae,Herpestes,javanicus,herpestes javanicus,3.00,750.00,-999.00,280.02,18.50,-999.00,585.00,780.00,6.00,84.00,48.48,1.00,0.22,0.26,152.08,2.21,2.00,120.00,24.67,-999.00,39.59,-999.00,166.84,-999.00,6,1.00,2,43.59,275.00,-999.00,367;542;543;679;966;1113;1297;1573;2500;2655,-999.00,-999.00,-999.00,-999.00,6880297.87,37.37,-8.78,14.29,114.60,42.21,78.40,1,188.18,7.00,0.10,96.01,208.18,728.84,1346.38
Carnivora,Herpestidae,Herpestes,naso,herpestes naso,1.00,3002.08,-999.00,552.74,-999.00,-999.00,-999.00,-999.00,1.00,-999.00,-999.00,1.00,0.40,0.38,-999.00,-999.00,-999.00,-999.00,-999.00,-999.00,-999.00,-999.00,-999.00,-999.00,-999,1.00,3,-999.00,-999.00,-999.00,1113;1573;2399;2655,-999.00,-999.00,-999.00,-999.00,2499072.82,6.48,-11.40,-2.46,29.73,5.43,17.58,0,22.84,1.00,0.13,147.65,242.71,1365.36,1553.14
Carnivora,Herpestidae,Herpestes,semitorquatus,herpestes semitorquatus,-999.00,-999.00,-999.00,-999.00,-999.00,-999.00,-999.00,-999.00,-999.00,-999.00,-999.00,1.00,-999.00,-999.00,-999.00,-999.00,-999.00,-999.00,-999.00,-999.00,-999.00,-999.00,-999.00,-999.00,-999,1.00,-999,-999.00,-999.00,-999.00,1113,-999.00,-999.00,-999.00,-999.00,209629.86,6.12,-5.48,0.32,118.49,99.83,109.16,1,41.72,2.00,0.15,273.83,241.51,1695.99,1731.73
Carnivora,Herpestidae,Herpestes,smithii,herpestes smithii,1.00,1702.50,-999.00,406.27,-999.00,-999.00,-999.00,-999.00,6.00,-999.00,-999.00,1.00,-999.00,-999.00,-999.00,2.50,-999.00,-999.00,-999.00,-999.00,-999.00,-999.00,-999.00,-999.00,-999,1.00,2,-999.00,-999.00,-999.00,1113;2655,-999.00,-999.00,-999.00,-999.00,1629561.03,24.51,5.91,15.21,87.87,72.50,80.19,22,321.15,90.00,0.08,99.82,258.68,822.86,1539.30
Carnivora,Herpestidae,Herpestes,urva,herpestes urva,1.00,2384.19,-999.00,506.24,-999.00,-999.00,-999.00,-999.00,6.00,-999.00,65.70,1.00,-999.00,-999.00,-999.00,3.00,-999.00,160.00,-999.00,-999.00,-999.00,-999.00,-999.00,-999.00,-999,1.00,2,-999.00,-999.00,-999.00,679;1113;2655,-999.00,-999.00,-999.00,-999.00,3243514.37,31.84,2.68,17.26,122.13,85.86,103.99,2,222.81,12.00,0.07,144.94,194.75,1083.25,1300.05
Carnivora,Felidae,Felis,silvestris,felis silvestris,2.00,4573.08,-999.00,498.51,10.95,365.00,3184.20,4485.00,1.00,140.00,65.49,1.00,1.29,1.36,148.25,3.59,2.00,336.00,106.40,-999.00,0.36,-999.00,350.76,-999.00,-999,1.00,3,76.01,587.60,-999.00,367;543;679;730;1113;1297;1573;1577;2655,-999.00,-999.00,-999.00,-999.00,32110980.01,52.02,-34.83,8.59,112.13,-17.53,47.30,0,43.43,0.00,0.11,46.98,192.78,510.78,1278.91
Rodentia,Ctenodactylidae,Felovia,vae,felovia vae,3.00,205.00,-999.00,-999.00,-999.00,-999.00,-999.00,-999.00,3.00,-999.00,-999.00,-999.00,-999.00,-999.00,-999.00,1.00,-999.00,-999.00,-999.00,-999.00,-999.00,-999.00,-999.00,-999.00,-999,-999.00,1,-999.00,-999.00,-999.00,1810;2655,-999.00,-999.00,-999.00,-999.00,151907.23,17.95,13.10,15.53,-10.07,-14.11,-12.09,2,8.67,3.00,0.06,49.50,284.78,501.80,1538.19
Cetacea,Delphinidae,Feresa,attenuata,feresa attenuata,-999.00,170000.00,-999.00,-999.00,-999.00,-999.00,-999.00,-999.00,-999.00,-999.00,-999.00,1.00,-999.00,-999.00,-999.00,1.00,-999.00,-999.00,-999.00,-999.00,-999.00,23.00,-999.00,-999.00,-999,-999.00,-999,-999.00,-999.00,-999.00,56;172;1297;2151;2409;2655,-999.00,-999.00,-999.00,-999.00,-999.00,-999.00,-999.00,-999.00,-999.00,-999.00,-999.00,-999,-999.00,-999.00,-999.00,-999.00,-999.00,-999.00,-999.00
Soricomorpha,Soricidae,Feroculus,feroculus,feroculus feroculus,-999.00,35.99,-999.00,-999.00,-999.00,-999.00,-999.00,-999.00,-999.00,-999.00,-999.00,2.00,-999.00,-999.00,-999.00,-999.00,-999.00,-999.00,-999.00,-999.00,-999.00,-999.00,-999.00,-999.00,-999,1.00,-999,-999.00,-999.00,-999.00,1429;2655,-999.00,-999.00,-999.00,-999.00,7179.99,7.59,6.73,7.16,81.20,80.30,80.75,104,353.90,104.00,0.02,174.28,246.85,1571.40,1594.12
Carnivora,Eupleridae,Fossa,fossana,fossa fossana,1.00,1853.98,-999.00,456.88,0.00,-999.00,812.60,2030.00,6.00,365.00,88.38,2.00,0.75,0.90,365.00,1.00,-999.00,132.00,70.00,-999.00,3.41,2.00,533.97,-999.00,2,2.00,2,66.84,-999.00,-999.00,367;543;730;1015;1048;1113;1297;1740;1822;2151;2333;2655;2843;2932;2993,-999.00,1.10,-999.00,-999.00,106522.05,-12.41,-25.20,-18.81,50.44,46.55,48.50,6,37.33,8.00,0.18,168.03,202.81,1329.68,1596.55
Rodentia,Sciuridae,Funambulus,layardi,funambulus layardi,-999.00,-999.00,-999.00,-999.00,-999.00,-999.00,-999.00,-999.00,-999.00,-999.00,-999.00,-999.00,-999.00,-999.00,-999.00,2.43,-999.00,-999.00,-999.00,-999.00,-999.00,-999.00,-999.00,-999.00,-999,-999.00,-999,-999.00,-999.00,-999.00,1297,-999.00,-999.00,-999.00,-999.00,29545.66,10.52,6.42,8.47,81.56,76.76,79.16,100,397.97,103.00,0.04,154.53,257.61,1365.25,1584.84
Rodentia,Sciuridae,Funambulus,palmarum,funambulus palmarum,-999.00,136.40,-999.00,-999.00,-999.00,-999.00,-999.00,-999.00,-999.00,-999.00,34.00,-999.00,-999.00,-999.00,-999.00,2.62,-999.00,-999.00,-999.00,-999.00,-999.00,-999.00,-999.00,-999.00,-999,-999.00,-999,-999.00,-999.00,-999.00,1297;1577,-999.00,-999.00,-999.00,-999.00,907127.92,24.23,8.06,16.15,87.86,73.55,80.71,73,321.93,97.00,0.08,103.81,258.16,841.12,1536.06
Rodentia,Sciuridae,Funambulus,pennantii,funambulus pennantii,-999.00,102.49,-999.00,-999.00,17.00,-999.00,-999.00,-999.00,-999.00,-999.00,41.77,-999.00,1.374507e-03,1.522961e-03,152.08,2.95,2.50,-999.00,6.54,-999.00,-999.00,-999.00,250.22,-999.00,-999,-999.00,-999,56.00,-999.00,-999.00,175;1297;1573;1849;2324;2325;2331;2343;2655;2947,-999.00,-999.00,-999.00,-999.00,2692844.28,34.30,14.91,24.60,93.32,60.48,76.90,4,319.05,15.00,0.10,81.53,244.09,631.74,1380.53
Rodentia,Sciuridae,Funambulus,sublineatus,funambulus sublineatus,-999.00,70.93,-999.00,-999.00,-999.00,-999.00,-999.00,-999.00,-999.00,-999.00,-999.00,-999.00,-999.00,-999.00,-999.00,2.00,-999.00,-999.00,-999.00,-999.00,-999.00,-999.00,-999.00,-999.00,-999,-999.00,-999,-999.00,-999.00,-999.00,1297;2655,-999.00,-999.00,-999.00,-999.00,55081.67,11.64,6.63,9.14,81.49,76.42,78.95,104,431.32,129.00,0.04,137.77,262.91,1228.00,1548.02
Rodentia,Sciuridae,Funambulus,tristriatus,funambulus tristriatus,-999.00,134.62,-999.00,-999.00,27.00,-999.00,-999.00,-999.00,-999.00,-999.00,-999.00,-999.00,-999.00,-999.00,-999.00,2.64,-999.00,-999.00,5.87,46.44,-999.00,-999.00,-999.00,-999.00,-999,-999.00,-999,125.69,-999.00,-999.00,357,-999.00,-999.00,-999.00,-999.00,266838.79,19.19,8.06,13.63,78.40,72.85,75.63,103,447.10,155.00,0.06,122.57,259.37,919.80,1594.21
Rodentia,Sciuridae,Funisciurus,anerythrus,funisciurus anerythrus,3.00,223.54,-999.00,184.20,-999.00,-999.00,-999.00,-999.00,1.00,-999.00,-999.00,2.00,-999.00,-999.00,-999.00,1.32,-999.00,-999.00,-999.00,-999.00,-999.00,-999.00,-999.00,-999.00,-999,2.00,1,-999.00,-999.00,-999.00,900;901;904;1297;2301;2495;2655,-999.00,-999.00,-999.00,-999.00,4317247.49,11.91,-9.34,1.28,32.97,0.23,16.60,0,40.21,1.00,0.12,136.58,245.21,1270.24,1566.04
Rodentia,Sciuridae,Funisciurus,bayonii,funisciurus bayonii,-999.00,134.99,-999.00,-999.00,-999.00,-999.00,-999.00,-999.00,-999.00,-999.00,-999.00,-999.00,-999.00,-999.00,-999.00,-999.00,-999.00,-999.00,-999.00,-999.00,-999.00,-999.00,-999.00,-999.00,-999,-999.00,-999,-999.00,-999.00,-999.00,2655,-999.00,-999.00,-999.00,-999.00,759944.78,-1.40,-12.15,-6.77,22.22,14.64,18.43,2,19.11,2.00,0.18,128.16,232.96,1187.59,1472.98
Rodentia,Sciuridae,Funisciurus,carruthersi,funisciurus carruthersi,-999.00,276.85,-999.00,228.31,-999.00,-999.00,-999.00,-999.00,-999.00,-999.00,-999.00,-999.00,-999.00,-999.00,-999.00,-999.00,-999.00,-999.00,-999.00,-999.00,-999.00,-999.00,-999.00,-999.00,-999,-999.00,-999,-999.00,-999.00,-999.00,1599;2655,-999.00,-999.00,-999.00,-999.00,90485.48,1.05,-3.85,-1.40,30.80,28.09,29.44,14,147.04,29.00,0.12,106.50,193.35,1348.10,1524.21
Rodentia,Sciuridae,Funisciurus,congicus,funisciurus congicus,3.00,112.00,-999.00,146.46,18.00,-999.00,95.45,112.30,4.00,-999.00,54.23,2.00,3.290498e-03,-999.00,60.00,2.44,-999.00,114.00,9.90,-999.00,1000.00,-999.00,-999.00,-999.00,-999,2.00,2,49.99,-999.00,-999.00,543;1297;1822;2629;2655;2946;2947;2948;2974,-999.00,2.74,-999.00,-999.00,1982840.00,2.01,-19.60,-8.79,26.37,12.81,19.59,0,13.18,2.00,0.16,122.50,229.93,1165.33,1484.56
Rodentia,Sciuridae,Funisciurus,isabella,funisciurus isabella,3.00,109.31,-999.00,156.98,-999.00,-999.00,102.06,60.00,1.00,-999.00,-999.00,2.00,-999.00,-999.00,-999.00,0.98,-999.00,-999.00,-999.00,-999.00,-999.00,-999.00,-999.00,-999.00,-999,2.00,1,-999.00,-999.00,-999.00,900;901;904;1297;1822;2495;2655,-999.00,-999.00,-999.00,-999.00,459256.71,5.93,-1.74,2.09,16.16,8.65,12.41,1,20.64,1.00,0.05,167.03,241.78,1317.96,1502.16
Rodentia,Sciuridae,Funisciurus,lemniscatus,funisciurus lemniscatus,3.00,140.99,-999.00,167.40,-999.00,-999.00,89.58,95.00,2.00,-999.00,-999.00,2.00,-999.00,-999.00,-999.00,1.80,-999.00,-999.00,-999.00,-999.00,-999.00,-999.00,-999.00,-999.00,-999,2.00,2,-999.00,-999.00,-999.00,32;900;901;904;1297;1822;2495;2655,-999.00,-999.00,-999.00,-999.00,1103962.08,6.00,-5.96,0.02,19.10,8.69,13.90,0,20.97,1.00,0.09,151.74,244.45,1299.26,1505.07
Rodentia,Sciuridae,Funisciurus,leucogenys,funisciurus leucogenys,-999.00,250.00,-999.00,-999.00,-999.00,-999.00,-999.00,-999.00,-999.00,-999.00,-999.00,-999.00,-999.00,-999.00,-999.00,0.97,-999.00,-999.00,-999.00,-999.00,-999.00,-999.00,-999.00,-999.00,-999,-999.00,-999,-999.00,-999.00,-999.00,1297;2655,-999.00,-999.00,-999.00,-999.00,530067.11,8.13,0.80,4.46,14.75,0.26,7.51,1,119.61,4.00,0.10,156.48,248.64,1242.73,1544.40
Rodentia,Sciuridae,Funisciurus,pyrropus,funisciurus pyrropus,3.00,243.18,-999.00,204.81,-999.00,-999.00,181.29,244.00,1.00,-999.00,-999.00,1.00,-999.00,-999.00,-999.00,1.26,-999.00,-999.00,-999.00,-999.00,-999.00,-999.00,-999.00,-999.00,-999,1.00,1,-999.00,-999.00,-999.00,900;901;904;1297;1599;1822;2495;2655,-999.00,-999.00,-999.00,-999.00,3542071.40,13.37,-8.12,2.62,34.07,-16.13,8.96,0,40.56,1.00,0.12,149.16,244.10,1328.27,1550.95
Rodentia,Sciuridae,Funisciurus,substriatus,funisciurus substriatus,-999.00,185.73,-999.00,183.70,-999.00,-999.00,-999.00,-999.00,-999.00,-999.00,-999.00,-999.00,-999.00,-999.00,-999.00,-999.00,-999.00,-999.00,-999.00,-999.00,-999.00,-999.00,-999.00,-999.00,-999,-999.00,-999,-999.00,-999.00,-999.00,2495;2655,-999.00,-999.00,-999.00,-999.00,73507.66,7.64,4.53,6.08,6.40,-0.04,3.17,45,268.21,62.00,0.15,131.24,267.08,1236.40,1613.84
Chiroptera,Furipteridae,Furipterus,horrens,furipterus horrens,-999.00,3.15,35.49,-999.00,-999.00,-999.00,-999.00,-999.00,1.00,-999.00,-999.00,1.00,-999.00,-999.00,-999.00,1.00,-999.00,-999.00,-999.00,-999.00,-999.00,-999.00,-999.00,-999.00,-999,2.00,3,-999.00,-999.00,-999.00,196;889;1297;1658;2151;2622;2655;2751,-999.00,-999.00,-999.00,-999.00,8511305.96,12.46,-26.52,-7.02,-34.79,-84.36,-59.57,0,29.98,0.00,0.10,159.60,243.71,1347.92,1572.70
Primates,Galagidae,Galago,alleni,galago alleni,1.00,266.03,-999.00,200.00,-999.00,341.27,-999.00,-999.00,2.00,-999.00,133.00,2.00,0.18,0.20,365.00,1.29,1.00,144.00,23.93,-999.00,16.47,-999.00,283.18,6.00,-999,2.00,1,-999.00,-999.00,-999.00,208;223;543;730;904;1297;1547;1768;1848;2344;2493;2655;2660;2986,-999.00,-999.00,-999.00,-999.00,1953.16,3.78,3.20,3.49,8.93,8.42,8.68,10,37.65,10.00,0.15,-999.00,-999.00,-999.00,-999.00
Primates,Galagidae,Galago,cameronensis,galago cameronensis,-999.00,-999.00,-999.00,-999.00,-999.00,-999.00,-999.00,-999.00,-999.00,-999.00,-999.00,-999.00,-999.00,-999.00,-999.00,-999.00,-999.00,-999.00,-999.00,-999.00,-999.00,-999.00,-999.00,-999.00,-999,-999.00,-999,-999.00,-999.00,-999.00,-999,-999.00,-999.00,-999.00,-999.00,107495.03,6.85,3.58,5.21,11.27,6.02,8.65,9,194.22,13.00,0.11,214.64,248.61,1247.89,1551.70
Primates,Galagidae,Galago,demidoff,galago demidoff,1.00,66.04,-999.00,120.00,-999.00,359.52,63.20,63.80,4.00,-999.00,111.00,-999.00,0.01,0.01,365.00,1.29,1.50,168.00,9.89,-999.00,57.57,-999.00,345.24,5.50,-999,-999.00,2,43.47,-999.00,-999.00,208;223;543;730;732;1297;1544;1547;1768;1822;1848;2344;2489;2493;2655;2660;2986,-999.00,-999.00,-999.00,-999.00,4292912.28,9.93,-10.23,-0.14,38.21,-13.32,12.44,0,43.00,1.00,0.13,140.43,243.64,1291.36,1553.22
Primates,Galagidae,Galago,gabonensis,galago gabonensis,-999.00,-999.00,-999.00,-999.00,-999.00,-999.00,-999.00,-999.00,-999.00,-999.00,-999.00,-999.00,-999.00,-999.00,-999.00,-999.00,-999.00,-999.00,-999.00,-999.00,-999.00,-999.00,-999.00,-999.00,-999,-999.00,-999,-999.00,-999.00,-999.00,-999,-999.00,-999.00,-999.00,-999.00,465080.61,4.89,-6.05,-0.58,14.59,8.69,11.64,0,17.38,1.00,0.08,157.01,242.78,1267.81,1494.24
Primates,Galagidae,Galago,gallarum,galago gallarum,-999.00,250.00,-999.00,-999.00,-999.00,-999.00,-999.00,-999.00,-999.00,-999.00,-999.00,-999.00,-999.00,-999.00,-999.00,-999.00,-999.00,-999.00,-999.00,-999.00,-999.00,-999.00,-999.00,-999.00,-999,-999.00,-999,-999.00,-999.00,-999.00,2655,-999.00,-999.00,-999.00,-999.00,798526.55,8.73,-2.20,3.26,46.57,36.49,41.53,1,15.44,1.00,0.09,42.54,237.88,638.88,1631.51
Primates,Galagidae,Galago,granti,galago granti,-999.00,-999.00,-999.00,-999.00,-999.00,-999.00,-999.00,-999.00,-999.00,-999.00,-999.00,-999.00,-999.00,-999.00,-999.00,-999.00,-999.00,-999.00,-999.00,-999.00,-999.00,-999.00,-999.00,-999.00,-999,-999.00,-999,-999.00,-999.00,-999.00,-999,-999.00,-999.00,-999.00,-999.00,586401.64,-7.63,-18.87,-13.25,40.84,34.02,37.43,1,33.04,2.00,0.17,88.48,240.42,949.46,1563.17
Primates,Galagidae,Galago,matschiei,galago matschiei,-999.00,211.61,-999.00,160.00,-999.00,-999.00,-999.00,-999.00,-999.00,-999.00,-999.00,-999.00,-999.00,-999.00,-999.00,0.99,-999.00,-999.00,-999.00,-999.00,-999.00,-999.00,-999.00,1.00,-999,-999.00,-999,-999.00,-999.00,-999.00,223;1297;1544;1547;1848;2344;2655,-999.00,-999.00,-999.00,-999.00,184700.23,2.67,-3.33,-0.33,34.91,27.30,31.11,2,76.59,5.00,0.17,116.50,215.01,1391.64,1568.00
Primates,Galagidae,Galago,moholi,galago moholi,-999.00,191.96,-999.00,-999.00,-999.00,259.15,-999.00,-999.00,2.00,-999.00,122.29,-999.00,0.04,-999.00,182.50,1.60,-999.00,198.00,11.73,-999.00,172.04,-999.00,420.91,1.00,-999,-999.00,1,90.46,95.00,-999.00,223;1544;1547;1768;2151;2344;2489;2493;2655;2973,-999.00,1.56,-999.00,-999.00,5183682.21,0.23,-27.17,-13.46,40.84,11.73,26.28,0,24.77,1.00,0.17,80.12,217.30,852.21,1461.88
Primates,Galagidae,Galago,nyasae,galago nyasae,-999.00,-999.00,-999.00,-999.00,-999.00,-999.00,-999.00,-999.00,-999.00,-999.00,-999.00,-999.00,-999.00,-999.00,-999.00,-999.00,-999.00,-999.00,-999.00,-999.00,-999.00,-999.00,-999.00,-999.00,-999,-999.00,-999,-999.00,-999.00,-999.00,-999,-999.00,-999.00,-999.00,-999.00,74222.64,-14.44,-17.49,-15.97,36.54,33.78,35.16,7,66.99,9.00,0.18,85.56,233.38,979.42,1488.87
Primates,Galagidae,Galago,orinus,galago orinus,-999.00,-999.00,-999.00,-999.00,-999.00,-999.00,-999.00,-999.00,-999.00,-999.00,-999.00,-999.00,-999.00,-999.00,-999.00,-999.00,-999.00,-999.00,-999.00,-999.00,-999.00,-999.00,-999.00,-999.00,-999,-999.00,-999,-999.00,-999.00,-999.00,-999,-999.00,-999.00,-999.00,-999.00,69256.66,-5.66,-9.29,-7.48,37.95,34.80,36.37,8,27.38,11.00,0.16,71.04,226.83,894.28,1439.03
Primates,Galagidae,Galago,rondoensis,galago rondoensis,-999.00,-999.00,-999.00,-999.00,-999.00,-999.00,-999.00,-999.00,-999.00,-999.00,-999.00,-999.00,-999.00,-999.00,-999.00,-999.00,-999.00,-999.00,-999.00,-999.00,-999.00,-999.00,-999.00,-999.00,-999,-999.00,-999,-999.00,-999.00,-999.00,-999,-999.00,-999.00,-999.00,-999.00,11924.95,-9.59,-10.81,-10.20,39.86,38.77,39.32,16,44.09,16.00,0.11,78.44,250.11,924.66,1734.45
Primates,Galagidae,Galago,senegalensis,galago senegalensis,1.00,215.20,-999.00,160.00,-999.00,511.00,167.60,223.25,3.00,-999.00,126.98,-999.00,0.08,0.11,219.00,1.50,2.00,204.00,11.50,-999.00,89.77,-999.00,330.37,3.50,-999,-999.00,2,93.93,122.47,-999.00,208;223;543;730;1167;1297;1544;1547;1611;1822;1848;2344;2489;2493;2655;2660;2986,-999.00,-999.00,-999.00,-999.00,8867497.32,17.84,-13.94,1.95,46.50,-17.53,14.48,0,42.66,1.00,0.12,80.08,249.92,836.61,1594.80
Rodentia,Muridae,Gerbillus,henleyi,gerbillus henleyi,-999.00,8.00,-999.00,-999.00,-999.00,-999.00,-999.00,-999.00,-999.00,-999.00,-999.00,-999.00,-999.00,-999.00,-999.00,4.00,-999.00,-999.00,-999.00,-999.00,-999.00,-999.00,-999.00,-999.00,-999,-999.00,-999,-999.00,-999.00,-999.00,1297;2655,-999.00,-999.00,-999.00,-999.00,2211159.28,36.65,16.60,26.63,39.18,-13.18,13.00,0,41.08,0.00,0.14,8.21,210.84,135.76,1220.02
Rodentia,Muridae,Gerbillus,hesperinus,gerbillus hesperinus,-999.00,-999.00,-999.00,-999.00,-999.00,-999.00,-999.00,-999.00,-999.00,-999.00,-999.00,-999.00,-999.00,-999.00,-999.00,-999.00,-999.00,-999.00,-999.00,-999.00,-999.00,-999.00,-999.00,-999.00,-999,-999.00,-999,-999.00,-999.00,-999.00,-999,-999.00,-999.00,-999.00,-999.00,14744.63,34.34,32.88,33.61,-6.32,-8.71,-7.51,60,581.73,60.00,0.10,33.05,162.39,424.32,1301.52
Rodentia,Muridae,Gerbillus,hoogstraali,gerbillus hoogstraali,-999.00,-999.00,-999.00,-999.00,-999.00,-999.00,-999.00,-999.00,-999.00,-999.00,-999.00,-999.00,-999.00,-999.00,-999.00,-999.00,-999.00,-999.00,-999.00,-999.00,-999.00,-999.00,-999.00,-999.00,-999,-999.00,-999,-999.00,-999.00,-999.00,-999,-999.00,-999.00,-999.00,-999.00,341.84,30.58,30.38,30.48,-8.77,-8.97,-8.87,41,45.48,41.00,0.05,17.49,153.10,440.45,1275.96
Rodentia,Muridae,Gerbillus,latastei,gerbillus latastei,-999.00,-999.00,-999.00,-999.00,-999.00,-999.00,-999.00,-999.00,-999.00,-999.00,-999.00,-999.00,-999.00,-999.00,-999.00,4.86,-999.00,-999.00,-999.00,-999.00,-999.00,-999.00,-999.00,-999.00,-999,-999.00,-999,-999.00,-999.00,-999.00,1297,-999.00,-999.00,-999.00,-999.00,51764.65,33.99,31.43,32.71,15.56,9.96,12.76,1,51.33,1.00,0.08,14.54,201.38,224.12,1279.88
Rodentia,Muridae,Gerbillus,mauritaniae,gerbillus mauritaniae,-999.00,-999.00,-999.00,-999.00,-999.00,-999.00,-999.00,-999.00,-999.00,-999.00,-999.00,-999.00,-999.00,-999.00,-999.00,-999.00,-999.00,-999.00,-999.00,-999.00,-999.00,-999.00,-999.00,-999.00,-999,-999.00,-999,-999.00,-999.00,-999.00,-999,-999.00,-999.00,-999.00,-999.00,532.29,20.82,20.57,20.70,-12.02,-12.26,-12.14,0,0.00,0.00,-999.00,8.00,267.00,93.00,1309.00
Rodentia,Muridae,Gerbillus,mesopotamiae,gerbillus mesopotamiae,-999.00,-999.00,-999.00,-999.00,-999.00,-999.00,-999.00,-999.00,-999.00,-999.00,-999.00,-999.00,-999.00,-999.00,-999.00,-999.00,-999.00,-999.00,-999.00,-999.00,-999.00,-999.00,-999.00,-999.00,-999,-999.00,-999,-999.00,-999.00,-999.00,-999,-999.00,-999.00,-999.00,-999.00,274832.02,36.95,30.00,33.47,50.98,41.65,46.32,6,62.52,9.00,0.11,18.88,212.75,242.95,1279.86
Rodentia,Muridae,Gerbillus,muriculus,gerbillus muriculus,-999.00,-999.00,-999.00,-999.00,-999.00,-999.00,-999.00,-999.00,-999.00,-999.00,-999.00,-999.00,-999.00,-999.00,-999.00,-999.00,-999.00,-999.00,-999.00,-999.00,-999.00,-999.00,-999.00,-999.00,-999,-999.00,-999,-999.00,-999.00,-999.00,-999,-999.00,-999.00,-999.00,-999.00,10686.78,15.04,13.89,14.46,27.04,26.09,26.57,1,1.80,1.00,0.00,18.70,244.39,537.73,1577.31
Rodentia,Muridae,Gerbillus,nancillus,gerbillus nancillus,-999.00,-999.00,-999.00,-999.00,-999.00,-999.00,-999.00,-999.00,-999.00,-999.00,-999.00,-999.00,-999.00,-999.00,-999.00,-999.00,-999.00,-999.00,-999.00,-999.00,-999.00,-999.00,-999.00,-999.00,-999,-999.00,-999,-999.00,-999.00,-999.00,-999,-999.00,-999.00,-999.00,-999.00,16446.80,14.85,13.10,13.97,26.18,25.12,25.65,1,11.20,1.00,0.22,22.73,243.55,468.05,1606.49
Rodentia,Muridae,Gerbillus,nanus,gerbillus nanus,-999.00,25.50,-999.00,63.77,21.00,-999.00,17.44,29.85,-999.00,-999.00,20.97,-999.00,-999.00,-999.00,-999.00,3.16,3.00,-999.00,-999.00,-999.00,-999.00,-999.00,-999.00,-999.00,-999,-999.00,-999,27.79,-999.00,-999.00,1297;1822;2328;2655;2978,-999.00,-999.00,-999.00,-999.00,11234954.13,36.92,6.48,21.70,78.00,-10.55,33.72,0,36.95,0.00,0.12,14.14,224.70,194.05,1307.07
Rodentia,Muridae,Gerbillus,nigeriae,gerbillus nigeriae,-999.00,29.70,-999.00,-999.00,-999.00,-999.00,-999.00,-999.00,-999.00,-999.00,-999.00,-999.00,-999.00,-999.00,-999.00,-999.00,-999.00,-999.00,-999.00,-999.00,-999.00,-999.00,-999.00,-999.00,-999,-999.00,-999,-999.00,-999.00,-999.00,2655,-999.00,-999.00,-999.00,-999.00,210504.65,15.73,12.21,13.97,9.91,-1.15,4.38,1,45.94,2.00,0.15,40.43,282.98,517.80,1631.77
Rodentia,Muridae,Gerbillus,occiduus,gerbillus occiduus,-999.00,-999.00,-999.00,-999.00,-999.00,-999.00,-999.00,-999.00,-999.00,-999.00,-999.00,-999.00,-999.00,-999.00,-999.00,-999.00,-999.00,-999.00,-999.00,-999.00,-999.00,-999.00,-999.00,-999.00,-999,-999.00,-999,-999.00,-999.00,-999.00,-999,-999.00,-999.00,-999.00,-999.00,177.99,28.80,28.66,28.73,-10.75,-10.89,-10.82,5,5.00,5.00,0.00,10.00,177.00,176.00,1635.00
Rodentia,Muridae,Gerbillus,perpallidus,gerbillus perpallidus,-999.00,52.22,-999.00,-999.00,-999.00,-999.00,46.65,54.70,-999.00,-999.00,20.22,-999.00,-999.00,-999.00,-999.00,4.65,-999.00,-999.00,2.24,-999.00,-999.00,-999.00,-999.00,-999.00,-999,-999.00,-999,-999.00,17.23,-999.00,1297;1822;2655;2978,-999.00,-999.00,-999.00,-999.00,86678.61,31.62,28.81,30.22,29.92,25.87,27.89,1,61.87,1.00,0.02,5.57,202.70,93.21,1376.13
Rodentia,Muridae,Gerbillus,poecilops,gerbillus poecilops,-999.00,-999.00,-999.00,-999.00,-999.00,-999.00,-999.00,-999.00,-999.00,-999.00,-999.00,-999.00,-999.00,-999.00,-999.00,-999.00,-999.00,-999.00,-999.00,-999.00,-999.00,-999.00,-999.00,-999.00,-999,-999.00,-999,-999.00,-999.00,-999.00,-999,-999.00,-999.00,-999.00,-999.00,149223.36,21.62,12.83,17.22,45.49,39.45,42.47,10,89.98,25.00,0.21,12.60,210.26,221.15,1640.08
Rodentia,Muridae,Gerbillus,principulus,gerbillus principulus,-999.00,-999.00,-999.00,-999.00,-999.00,-999.00,-999.00,-999.00,-999.00,-999.00,-999.00,-999.00,-999.00,-999.00,-999.00,-999.00,-999.00,-999.00,-999.00,-999.00,-999.00,-999.00,-999.00,-999.00,-999,-999.00,-999,-999.00,-999.00,-999.00,-999,-999.00,-999.00,-999.00,-999.00,13010.30,16.15,14.66,15.40,27.18,26.19,26.68,1,1.27,1.00,0.00,13.55,250.71,578.70,1425.44
Rodentia,Muridae,Gerbillus,pulvinatus,gerbillus pulvinatus,-999.00,-999.00,-999.00,-999.00,-999.00,-999.00,-999.00,-999.00,-999.00,-999.00,-999.00,-999.00,-999.00,-999.00,-999.00,-999.00,-999.00,-999.00,-999.00,-999.00,-999.00,-999.00,-999.00,-999.00,-999,-999.00,-999,-999.00,-999.00,-999.00,-999,-999.00,-999.00,-999.00,-999.00,12542.05,9.87,4.32,7.10,40.92,35.98,38.45,1,14.27,1.00,0.07,46.89,258.23,991.91,1446.86
Rodentia,Muridae,Gerbillus,pusillus,gerbillus pusillus,-999.00,12.55,-999.00,-999.00,-999.00,-999.00,13.48,12.60,-999.00,-999.00,-999.00,-999.00,-999.00,-999.00,-999.00,-999.00,-999.00,-999.00,-999.00,-999.00,-999.00,-999.00,-999.00,-999.00,-999,-999.00,-999,-999.00,-999.00,-999.00,1822;2655;2978,-999.00,-999.00,-999.00,-999.00,529858.77,7.20,-6.04,0.57,43.95,34.16,39.06,1,30.65,2.00,0.14,51.53,237.55,769.07,1571.56
Rodentia,Muridae,Gerbillus,pyramidum,gerbillus pyramidum,1.00,42.80,-999.00,101.71,19.50,-999.00,81.37,80.90,1.00,-999.00,22.14,-999.00,-999.00,-999.00,-999.00,3.30,5.00,98.40,2.50,32.99,-999.00,-999.00,78.15,-999.00,-999,-999.00,1,27.50,14.83,-999.00,543;770;1253;1255;1297;1822;2655;2978,-999.00,-999.00,-999.00,-999.00,673374.84,31.60,18.41,25.00,36.05,25.18,30.62,0,83.29,0.00,0.06,2.59,236.89,28.40,1298.82
Rodentia,Muridae,Gerbillus,rosalinda,gerbillus rosalinda,-999.00,-999.00,-999.00,-999.00,-999.00,-999.00,-999.00,-999.00,-999.00,-999.00,-999.00,-999.00,-999.00,-999.00,-999.00,-999.00,-999.00,-999.00,-999.00,-999.00,-999.00,-999.00,-999.00,-999.00,-999,-999.00,-999,-999.00,-999.00,-999.00,-999,-999.00,-999.00,-999.00,-999.00,18621.39,13.29,11.72,12.51,30.07,28.83,29.45,7,16.32,7.00,0.06,40.15,243.13,532.29,1615.06
Rodentia,Muridae,Gerbillus,syrticus,gerbillus syrticus,-999.00,-999.00,-999.00,-999.00,-999.00,-999.00,-999.00,-999.00,-999.00,-999.00,-999.00,-999.00,-999.00,-999.00,-999.00,-999.00,-999.00,-999.00,-999.00,-999.00,-999.00,-999.00,-999.00,-999.00,-999,-999.00,-999,-999.00,-999.00,-999.00,-999,-999.00,-999.00,-999.00,-999.00,745.01,30.90,30.60,30.75,17.90,17.60,17.75,3,3.00,3.00,0.00,11.00,195.00,141.00,922.00
Rodentia,Muridae,Gerbillus,tarabuli,gerbillus tarabuli,-999.00,-999.00,-999.00,-999.00,-999.00,-999.00,-999.00,-999.00,-999.00,-999.00,-999.00,-999.00,-999.00,-999.00,-999.00,-999.00,-999.00,-999.00,-999.00,-999.00,-999.00,-999.00,-999.00,-999.00,-999,-999.00,-999,-999.00,-999.00,-999.00,-999,-999.00,-999.00,-999.00,-999.00,507731.82,28.42,16.00,22.21,18.32,-17.10,0.61,0,4.01,0.00,0.04,2.83,224.71,54.41,1206.95
Rodentia,Muridae,Gerbillus,vivax,gerbillus vivax,-999.00,-999.00,-999.00,-999.00,-999.00,-999.00,-999.00,-999.00,-999.00,-999.00,-999.00,-999.00,-999.00,-999.00,-999.00,-999.00,-999.00,-999.00,-999.00,-999.00,-999.00,-999.00,-999.00,-999.00,-999,-999.00,-999,-999.00,-999.00,-999.00,-999,-999.00,-999.00,-999.00,-999.00,317081.09,28.42,23.59,26.00,18.32,10.88,14.60,0,0.53,0.00,0.01,0.68,221.69,16.53,1124.38
Rodentia,Muridae,Gerbillus,watersi,gerbillus watersi,-999.00,-999.00,-999.00,-999.00,-999.00,-999.00,-999.00,-999.00,-999.00,-999.00,-999.00,-999.00,-999.00,-999.00,-999.00,-999.00,-999.00,-999.00,-999.00,-999.00,-999.00,-999.00,-999.00,-999.00,-999,-999.00,-999,-999.00,-999.00,-999.00,-999,-999.00,-999.00,-999.00,-999.00,259090.46,20.22,1.67,10.94,45.98,30.03,38.00,0,24.13,1.00,0.06,15.75,271.91,225.80,1544.07
Artiodactyla,Giraffidae,Giraffa,camelopardalis,giraffa camelopardalis,2.00,964654.73,-999.00,4177.03,-999.00,1825.00,-999.00,-999.00,5.00,-999.00,455.25,1.00,81.52,99.56,608.33,1.29,1.00,435.60,55244.90,-999.00,1.23,-999.00,1633.59,100.00,4,1.00,1,212.91,-999.00,-999.00,453;543;718;730;869;1297;1446;1573;1594;1848;2629;2655;2986,-999.00,-999.00,-999.00,-999.00,2791592.69,16.35,-25.59,-4.62,41.12,0.64,20.88,0,18.23,1.00,0.10,64.96,238.58,783.50,1552.64
Rodentia,Sciuridae,Glaucomys,sabrinus,glaucomys sabrinus,1.00,137.53,-999.00,160.82,31.50,-999.00,-999.00,-999.00,6.00,-999.00,40.00,2.00,0.05,0.04,-999.00,3.00,1.00,156.00,5.64,48.70,85.93,-999.00,335.63,-999.00,-999,2.00,2,65.00,39.74,107.70,32;511;543;1020;1220;1297;1443;1573;1849;1977;2096;2378;2655;2707;2844;2991;3060,-999.00,-999.00,-999.00,-999.00,7838140.85,69.02,33.88,51.45,-55.61,-154.58,-105.10,0,10.56,0.00,0.05,50.42,-10.82,366.01,453.61
Rodentia,Sciuridae,Glaucomys,volans,glaucomys volans,1.00,71.90,-999.00,127.98,26.00,-999.00,67.05,73.00,5.00,-999.00,39.49,1.00,5.345752e-03,8.785644e-03,116.75,3.13,2.00,144.00,3.61,-999.00,447.59,-999.00,335.63,-999.00,-999,2.00,2,57.23,46.20,-999.00,32;237;543;730;815;1020;1297;1573;1822;1849;1853;1977;2003;2095;2097;2155;2655;2707;2806;2844;2883,-999.00,-999.00,-999.00,-999.00,3850610.98,48.10,13.70,30.90,-60.96,-108.69,-84.83,0,68.15,3.00,0.05,85.84,137.16,840.75,988.80
Chiroptera,Vespertilionidae,Glauconycteris,alboguttata,glauconycteris alboguttata,-999.00,-999.00,38.99,-999.00,-999.00,-999.00,-999.00,-999.00,-999.00,-999.00,-999.00,1.00,-999.00,-999.00,-999.00,-999.00,-999.00,-999.00,-999.00,-999.00,-999.00,-999.00,-999.00,-999.00,-999,2.00,-999,-999.00,-999.00,-999.00,1658;2151,9.05,-999.00,-999.00,-999.00,701738.61,3.51,-1.72,0.89,28.05,14.08,21.07,0,8.29,1.00,0.12,153.37,248.39,1508.16,1588.51
Chiroptera,Vespertilionidae,Glauconycteris,argentata,glauconycteris argentata,-999.00,9.30,40.50,-999.00,-999.00,-999.00,-999.00,-999.00,-999.00,-999.00,-999.00,1.00,-999.00,-999.00,-999.00,-999.00,-999.00,-999.00,-999.00,-999.00,-999.00,-999.00,-999.00,-999.00,-999,2.00,-999,-999.00,-999.00,-999.00,1658;2143;2151;2272;2655,-999.00,-999.00,-999.00,-999.00,3176921.13,4.17,-10.15,-2.99,38.65,9.90,24.27,0,34.70,1.00,0.14,120.04,231.14,1181.30,1527.68
Chiroptera,Vespertilionidae,Glauconycteris,beatrix,glauconycteris beatrix,-999.00,7.50,37.00,-999.00,-999.00,-999.00,-999.00,-999.00,-999.00,-999.00,-999.00,1.00,-999.00,-999.00,-999.00,-999.00,-999.00,-999.00,-999.00,-999.00,-999.00,-999.00,-999.00,-999.00,-999,2.00,-999,-999.00,-999.00,-999.00,1658;2151;2622;2655,-999.00,-999.00,-999.00,-999.00,438945.12,8.88,-2.21,3.33,12.84,-7.07,2.88,1,57.15,1.00,0.12,139.41,258.50,1297.94,1577.02
Chiroptera,Vespertilionidae,Glauconycteris,curryae,glauconycteris curryae,-999.00,-999.00,-999.00,-999.00,-999.00,-999.00,-999.00,-999.00,-999.00,-999.00,-999.00,-999.00,-999.00,-999.00,-999.00,-999.00,-999.00,-999.00,-999.00,-999.00,-999.00,-999.00,-999.00,-999.00,-999,-999.00,-999,-999.00,-999.00,-999.00,-999,-999.00,-999.00,-999.00,-999.00,135394.20,4.75,-0.29,2.22,17.38,12.46,14.92,0,3.23,1.00,0.03,140.00,242.20,1397.73,1496.73
Chiroptera,Vespertilionidae,Glauconycteris,egeria,glauconycteris egeria,-999.00,-999.00,38.00,-999.00,-999.00,-999.00,-999.00,-999.00,-999.00,-999.00,-999.00,1.00,-999.00,-999.00,-999.00,-999.00,-999.00,-999.00,-999.00,-999.00,-999.00,-999.00,-999.00,-999.00,-999,2.00,-999,-999.00,-999.00,-999.00,1658;2151,8.41,-999.00,-999.00,-999.00,284430.95,7.36,2.87,5.12,18.58,11.91,15.25,1,8.00,3.00,0.10,129.53,241.95,1179.46,1500.50
Chiroptera,Vespertilionidae,Glauconycteris,gleni,glauconycteris gleni,-999.00,10.81,40.00,-999.00,-999.00,-999.00,-999.00,-999.00,-999.00,-999.00,-999.00,1.00,-999.00,-999.00,-999.00,-999.00,-999.00,-999.00,-999.00,-999.00,-999.00,-999.00,-999.00,-999.00,-999,2.00,-999,-999.00,-999.00,-999.00,1658;2143;2151;2272;2655,-999.00,-999.00,-999.00,-999.00,211544.64,6.68,0.12,3.40,34.25,10.88,22.56,4,51.42,4.00,0.11,125.05,236.58,1246.73,1521.13
Chiroptera,Vespertilionidae,Glauconycteris,humeralis,glauconycteris humeralis,-999.00,5.49,-999.00,-999.00,-999.00,-999.00,-999.00,-999.00,-999.00,-999.00,-999.00,-999.00,-999.00,-999.00,-999.00,-999.00,-999.00,-999.00,-999.00,-999.00,-999.00,-999.00,-999.00,-999.00,-999,-999.00,-999,-999.00,-999.00,-999.00,196,-999.00,-999.00,-999.00,-999.00,292110.54,2.79,-2.24,0.27,35.55,26.82,31.19,1,65.59,2.00,0.16,118.09,223.94,1361.41,1596.03
Chiroptera,Vespertilionidae,Glauconycteris,kenyacola,glauconycteris kenyacola,-999.00,7.17,40.50,-999.00,-999.00,-999.00,-999.00,-999.00,-999.00,-999.00,-999.00,1.00,-999.00,-999.00,-999.00,-999.00,-999.00,-999.00,-999.00,-999.00,-999.00,-999.00,-999.00,-999.00,-999,2.00,-999,-999.00,-999.00,-999.00,1658;2143;2151;2273;2655,-999.00,-999.00,-999.00,-999.00,70.18,-2.16,-2.25,-2.21,40.16,40.08,40.12,5,5.00,5.00,0.25,66.00,272.00,887.00,1761.00
Chiroptera,Vespertilionidae,Glauconycteris,machadoi,glauconycteris machadoi,-999.00,-999.00,-999.00,-999.00,-999.00,-999.00,-999.00,-999.00,-999.00,-999.00,-999.00,-999.00,-999.00,-999.00,-999.00,-999.00,-999.00,-999.00,-999.00,-999.00,-999.00,-999.00,-999.00,-999.00,-999,-999.00,-999,-999.00,-999.00,-999.00,-999,-999.00,-999.00,-999.00,-999.00,599.87,-11.60,-11.85,-11.73,20.94,20.68,20.81,2,2.00,2.00,1.00,104.00,224.00,882.00,1341.00
Chiroptera,Vespertilionidae,Glauconycteris,poensis,glauconycteris poensis,-999.00,6.91,37.50,-999.00,-999.00,-999.00,-999.00,-999.00,-999.00,-999.00,-999.00,1.00,-999.00,-999.00,-999.00,-999.00,-999.00,-999.00,-999.00,-999.00,-999.00,-999.00,-999.00,-999.00,-999,2.00,-999,-999.00,-999.00,-999.00,196;1658;2151;2622;2655,-999.00,-999.00,-999.00,-999.00,1787468.99,14.30,-2.97,5.66,29.85,-16.82,6.51,1,69.26,2.00,0.11,157.62,251.73,1304.57,1556.73
Chiroptera,Vespertilionidae,Glauconycteris,superba,glauconycteris superba,-999.00,-999.00,46.50,-999.00,-999.00,-999.00,-999.00,-999.00,-999.00,-999.00,-999.00,1.00,-999.00,-999.00,-999.00,-999.00,-999.00,-999.00,-999.00,-999.00,-999.00,-999.00,-999.00,-999.00,-999,2.00,-999,-999.00,-999.00,-999.00,1658;2151,15.00,-999.00,-999.00,-999.00,294978.85,8.21,-0.21,3.99,32.11,-7.26,12.42,10,83.41,19.00,0.18,120.11,255.52,1328.56,1602.89
Chiroptera,Vespertilionidae,Glauconycteris,variegata,glauconycteris variegata,-999.00,11.25,43.54,-999.00,-999.00,-999.00,-999.00,-999.00,1.00,-999.00,-999.00,1.00,-999.00,-999.00,-999.00,1.12,-999.00,-999.00,-999.00,-999.00,-999.00,-999.00,-999.00,-999.00,-999,2.00,3,-999.00,-999.00,-999.00,1297;1658;1938;2143;2151;2157;2272;2655,-999.00,-999.00,-999.00,-999.00,9810939.42,14.33,-30.74,-8.20,41.40,-16.94,12.23,0,36.23,1.00,0.14,106.66,236.76,1037.93,1531.22
Didelphimorphia,Didelphidae,Glironia,venusta,glironia venusta,1.00,114.00,-999.00,176.13,-999.00,-999.00,-999.00,-999.00,2.00,-999.00,-999.00,1.00,-999.00,-999.00,-999.00,-999.00,-999.00,-999.00,-999.00,-999.00,-999.00,-999.00,-999.00,-999.00,-999,2.00,2,-999.00,-999.00,-999.00,511;890;905;1185;1889;2151;2655,-999.00,-999.00,-999.00,-999.00,840174.99,0.04,-17.67,-8.81,-55.81,-78.78,-67.29,0,4.63,0.00,0.15,176.89,245.88,1378.68,1492.08
Rodentia,Gliridae,Glirulus,japonicus,glirulus japonicus,1.00,-999.00,-999.00,72.50,14.50,-999.00,-999.00,-999.00,4.00,-999.00,31.40,1.00,-999.00,-999.00,-999.00,4.00,1.50,-999.00,-999.00,-999.00,-999.00,-999.00,145.02,-999.00,-999,2.00,2,38.00,-999.00,-999.00,1297;2036;2151,12.26,-999.00,-999.00,-999.00,190065.26,37.52,30.98,34.25,140.88,129.55,135.21,112,469.59,114.00,9.61790453953781e-03,150.46,116.54,841.22,886.83
Rodentia,Gliridae,Glis,glis,glis glis,2.00,128.09,-999.00,167.08,28.00,319.37,-999.00,-999.00,-999.00,-999.00,28.19,1.00,1.479636e-03,1.244034e-03,-999.00,5.17,1.00,108.00,-999.00,-999.00,3000.00,-999.00,339.31,-999.00,11,2.00,-999,27.84,27.72,-999.00,363;543;601;1297;2065;2151;2284;2655;2678,-999.00,-999.00,-999.00,-999.00,3545668.83,56.54,35.31,45.93,59.25,-9.29,24.98,2,107.00,12.00,0.01,56.59,73.60,498.45,649.12
Chiroptera,Vespertilionidae,Glischropus,javanus,glischropus javanus,-999.00,-999.00,32.49,-999.00,-999.00,-999.00,-999.00,-999.00,-999.00,-999.00,-999.00,1.00,-999.00,-999.00,-999.00,-999.00,-999.00,-999.00,-999.00,-999.00,-999.00,-999.00,-999.00,-999.00,-999,2.00,-999,-999.00,-999.00,-999.00,1658;2151,5.37,-999.00,-999.00,-999.00,665.21,-6.63,-6.89,-6.76,106.89,106.63,106.76,1057,1057.00,1057.00,0.13,345.00,229.00,1653.00,1922.00
Chiroptera,Vespertilionidae,Glischropus,tylopus,glischropus tylopus,-999.00,4.59,29.00,-999.00,-999.00,-999.00,-999.00,-999.00,1.00,-999.00,-999.00,1.00,-999.00,-999.00,-999.00,1.00,2.00,-999.00,1.25,-999.00,-999.00,-999.00,-999.00,-999.00,-999,2.00,3,-999.00,-999.00,-999.00,196;1652;1658;2151;2655;2719,-999.00,-999.00,-999.00,-999.00,1547134.18,22.07,-5.94,8.06,127.90,95.18,111.54,1,82.72,5.00,0.12,217.01,247.94,1502.10,1713.66
Cetacea,Delphinidae,Globicephala,macrorhynchus,globicephala macrorhynchus,-999.00,725999.99,-999.00,6099.99,-999.00,-999.00,-999.00,-999.00,2.00,-999.00,452.00,1.00,-999.00,-999.00,-999.00,0.97,-999.00,756.00,-999.00,-999.00,-999.00,15.00,3788.23,-999.00,-999,-999.00,3,729.99,-999.00,-999.00,172;543;1217;1297;2151;2655,-999.00,-999.00,-999.00,-999.00,-999.00,-999.00,-999.00,-999.00,-999.00,-999.00,-999.00,-999,-999.00,-999.00,-999.00,-999.00,-999.00,-999.00,-999.00
Cetacea,Delphinidae,Globicephala,melas,globicephala melas,-999.00,800000.00,-999.00,5685.75,-999.00,-999.00,-999.00,-999.00,2.00,-999.00,479.06,1.00,-999.00,-999.00,-999.00,1.00,-999.00,540.00,180000.00,-999.00,-999.00,-999.00,3458.66,-999.00,-999,-999.00,3,608.33,-999.00,-999.00,1004;1217;1297;2151;2655,-999.00,-999.00,-999.00,-999.00,-999.00,-999.00,-999.00,-999.00,-999.00,-999.00,-999.00,-999,-999.00,-999.00,-999.00,-999.00,-999.00,-999.00,-999.00
Chiroptera,Phyllostomidae,Glossophaga,commissarisi,glossophaga commissarisi,-999.00,9.15,34.37,-999.00,-999.00,-999.00,-999.00,-999.00,3.00,-999.00,-999.00,1.00,-999.00,-999.00,-999.00,0.98,2.00,-999.00,-999.00,-999.00,-999.00,-999.00,-999.00,-999.00,-999,2.00,2,-999.00,-999.00,-999.00,108;889;1297;1316;1658;2151;2655;2985,-999.00,-999.00,-999.00,-999.00,4974223.10,25.76,-15.32,5.21,-59.74,-108.54,-84.14,0,30.43,0.00,0.11,173.54,234.75,1377.37,1583.32
Chiroptera,Phyllostomidae,Glossophaga,leachii,glossophaga leachii,-999.00,10.24,35.71,-999.00,-999.00,-999.00,-999.00,-999.00,3.00,-999.00,-999.00,1.00,-999.00,-999.00,-999.00,0.98,2.00,-999.00,-999.00,15.51,-999.00,-999.00,-999.00,-999.00,-999,2.00,2,-999.00,-999.00,-999.00,889;1297;1658;2151;2622;2655;2708,-999.00,-999.00,0.38,-999.00,319942.69,20.11,9.59,14.85,-84.89,-100.42,-92.66,6,131.27,20.00,0.08,119.14,208.60,1065.32,1603.74
Chiroptera,Phyllostomidae,Glossophaga,longirostris,glossophaga longirostris,-999.00,13.32,38.49,-999.00,-999.00,-999.00,26.46,13.50,3.00,-999.00,-999.00,1.00,-999.00,-999.00,-999.00,0.98,2.00,-999.00,-999.00,-999.00,-999.00,-999.00,-999.00,-999.00,-999,2.00,2,-999.00,-999.00,-999.00,106;196;889;1297;1658;2151;2510;2655;2719;2984,-999.00,-999.00,-999.00,-999.00,557238.86,12.46,2.40,7.43,-58.58,-75.70,-67.14,0,61.03,0.00,0.12,105.87,251.37,1296.26,1706.67
Chiroptera,Phyllostomidae,Glossophaga,morenoi,glossophaga morenoi,-999.00,8.54,34.50,-999.00,-999.00,-999.00,-999.00,-999.00,3.00,-999.00,-999.00,1.00,-999.00,-999.00,-999.00,1.00,-999.00,-999.00,-999.00,-999.00,-999.00,-999.00,-999.00,-999.00,-999,2.00,2,-999.00,-999.00,-999.00,889;1297;1658;2151;2655;3023,-999.00,-999.00,-999.00,-999.00,314356.09,20.26,15.26,17.76,-92.57,-104.26,-98.42,6,108.54,12.00,0.07,109.30,204.46,979.36,1553.57
Chiroptera,Phyllostomidae,Glossophaga,soricina,glossophaga soricina,-999.00,9.97,35.70,48.99,0.00,-999.00,21.07,8.75,3.00,-999.00,107.97,1.00,-999.00,-999.00,-999.00,1.00,2.00,120.00,-999.00,-999.00,-999.00,-999.00,-999.00,-999.00,-999,2.00,2,32.30,-999.00,-999.00,66;108;196;543;705;889;892;1297;1658;1822;1948;2143;2151;2293;2295;2382;2383;2655;2719;2750;2751;3035;3037;3038,-999.00,-999.00,-999.00,-999.00,15465868.32,29.56,-34.78,-2.61,-34.79,-110.73,-72.76,0,31.15,0.00,0.11,141.96,230.99,1244.18,1508.29
Chiroptera,Phyllostomidae,Glyphonycteris,behnii,glyphonycteris behnii,-999.00,-999.00,45.99,-999.00,-999.00,-999.00,-999.00,-999.00,2.00,-999.00,-999.00,1.00,-999.00,-999.00,-999.00,-999.00,-999.00,-999.00,-999.00,-999.00,-999.00,-999.00,-999.00,-999.00,-999,2.00,2,-999.00,-999.00,-999.00,889;1658;2151,14.53,-999.00,-999.00,-999.00,1043291.01,-10.91,-16.43,-13.67,-52.67,-72.32,-62.50,0,3.59,0.00,0.23,157.81,232.43,1253.21,1480.03
Chiroptera,Phyllostomidae,Glyphonycteris,daviesi,glyphonycteris daviesi,-999.00,18.61,55.50,-999.00,-999.00,-999.00,-999.00,-999.00,2.00,-999.00,-999.00,1.00,-999.00,-999.00,-999.00,0.98,-999.00,-999.00,-999.00,-999.00,-999.00,-999.00,-999.00,-999.00,-999,2.00,2,-999.00,-999.00,-999.00,889;1297;1658;2151;2622;2655,-999.00,-999.00,-999.00,-999.00,4760330.64,16.02,-16.64,-0.31,-46.35,-87.31,-66.83,0,17.42,0.00,0.12,181.36,239.36,1427.66,1596.84
Chiroptera,Phyllostomidae,Glyphonycteris,sylvestris,glyphonycteris sylvestris,-999.00,8.91,40.50,-999.00,-999.00,-999.00,-999.00,-999.00,2.00,-999.00,-999.00,1.00,-999.00,-999.00,-999.00,-999.00,-999.00,-999.00,-999.00,-999.00,-999.00,-999.00,-999.00,-999.00,-999,2.00,2,-999.00,-999.00,-999.00,889;1658;2151;2622;2655,-999.00,-999.00,-999.00,-999.00,7649954.44,23.67,-25.47,-0.89,-34.79,-106.80,-70.79,0,36.42,0.00,0.11,160.43,244.79,1365.80,1601.19
Rodentia,Sciuridae,Glyphotes,simus,glyphotes simus,-999.00,-999.00,-999.00,120.00,-999.00,-999.00,-999.00,-999.00,-999.00,-999.00,-999.00,-999.00,-999.00,-999.00,-999.00,-999.00,-999.00,-999.00,-999.00,-999.00,-999.00,-999.00,-999.00,-999.00,-999,-999.00,-999,-999.00,-999.00,-999.00,2152,52.53,-999.00,-999.00,-999.00,29554.63,6.07,2.58,4.32,116.82,113.58,115.20,1,20.00,2.00,0.20,281.47,225.08,1764.43,1811.56
Rodentia,Muridae,Golunda,ellioti,golunda ellioti,-999.00,60.73,-999.00,-999.00,-999.00,-999.00,-999.00,-999.00,2.00,-999.00,-999.00,-999.00,-999.00,-999.00,-999.00,4.83,-999.00,-999.00,-999.00,-999.00,-999.00,-999.00,-999.00,-999.00,-999,-999.00,1,-999.00,-999.00,-999.00,679;1297;2329;2655,-999.00,-999.00,-999.00,-999.00,2965326.10,33.89,5.91,19.90,91.51,58.89,75.20,10,347.75,50.00,0.09,91.79,246.17,757.06,1441.16
Primates,Hominidae,Gorilla,beringei,gorilla beringei,-999.00,149325.19,-999.00,-999.00,-999.00,-999.00,-999.00,-999.00,-999.00,-999.00,-999.00,-999.00,-999.00,-999.00,-999.00,-999.00,-999.00,-999.00,-999.00,-999.00,-999.00,-999.00,-999.00,-999.00,-999,-999.00,-999,-999.00,-999.00,-999.00,1611,-999.00,-999.00,-999.00,-999.00,107960.27,0.25,-3.82,-1.78,30.29,26.66,28.47,1,94.22,2.00,0.16,122.55,206.49,1431.00,1528.71
Primates,Hominidae,Gorilla,gorilla,gorilla gorilla,3.00,112588.99,-999.00,1594.44,-999.00,3650.00,-999.00,-999.00,3.00,5248.98,257.00,1.00,4.03,-999.00,1430.80,1.05,-999.00,648.00,2095.89,-999.00,0.59,10.00,3353.12,6.00,-999,1.00,2,920.35,18967.67,-999.00,208;543;557;730;899;904;931;1167;1259;1297;1529;1544;1547;1577;1611;1763;1767;1848;2344;2489;2493;2655;2660;2878;2986;3086,-999.00,0.55,-999.00,-999.00,625702.71,7.82,-6.05,0.88,17.05,8.69,12.87,0,13.91,1.00,0.07,152.88,242.43,1291.11,1502.69
Didelphimorphia,Didelphidae,Gracilinanus,aceramarcae,gracilinanus aceramarcae,1.00,20.50,-999.00,83.00,-999.00,-999.00,-999.00,-999.00,-999.00,-999.00,-999.00,-999.00,-999.00,-999.00,-999.00,-999.00,-999.00,-999.00,-999.00,-999.00,-999.00,-999.00,-999.00,-999.00,-999,-999.00,-999,-999.00,-999.00,-999.00,890;1760;2655,-999.00,-999.00,-999.00,-999.00,382.70,-16.37,-16.57,-16.47,-67.50,-67.70,-67.60,51,72.97,51.00,0.06,87.02,40.44,1087.22,1362.16
Didelphimorphia,Didelphidae,Gracilinanus,agilis,gracilinanus agilis,1.00,22.03,-999.00,95.33,-999.00,-999.00,-999.00,-999.00,-999.00,-999.00,-999.00,2.00,-999.00,-999.00,-999.00,12.00,-999.00,-999.00,-999.00,-999.00,-999.00,-999.00,-999.00,-999.00,-999,2.00,-999,-999.00,-999.00,-999.00,889;890;905;2225;2655;2944,-999.00,-999.00,-999.00,-999.00,2992991.41,-2.78,-34.63,-18.71,-37.89,-76.89,-57.39,0,19.19,0.00,0.10,118.36,229.76,1169.98,1393.80
Didelphimorphia,Didelphidae,Gracilinanus,agricolai,gracilinanus agricolai,-999.00,-999.00,-999.00,-999.00,-999.00,-999.00,-999.00,-999.00,-999.00,-999.00,-999.00,-999.00,-999.00,-999.00,-999.00,-999.00,-999.00,-999.00,-999.00,-999.00,-999.00,-999.00,-999.00,-999.00,-999,-999.00,-999,-999.00,-999.00,-999.00,-999,-999.00,-999.00,-999.00,-999.00,-999.00,-999.00,-999.00,-999.00,-999.00,-999.00,-999.00,-999,-999.00,-999.00,-999.00,-999.00,-999.00,-999.00,-999.00
Didelphimorphia,Didelphidae,Gracilinanus,dryas,gracilinanus dryas,1.00,18.53,-999.00,95.00,-999.00,-999.00,-999.00,-999.00,-999.00,-999.00,-999.00,2.00,-999.00,-999.00,-999.00,-999.00,-999.00,-999.00,-999.00,-999.00,-999.00,-999.00,-999.00,-999.00,-999,2.00,-999,-999.00,-999.00,-999.00,889;890;1760;2655,-999.00,-999.00,-999.00,-999.00,105840.90,9.95,4.97,7.46,-69.49,-73.58,-71.53,5,47.26,7.00,0.09,108.13,207.44,1338.35,1585.09
Didelphimorphia,Didelphidae,Gracilinanus,emiliae,gracilinanus emiliae,1.00,7.59,-999.00,74.52,-999.00,-999.00,-999.00,-999.00,-999.00,-999.00,-999.00,-999.00,-999.00,-999.00,-999.00,-999.00,-999.00,-999.00,-999.00,-999.00,-999.00,-999.00,-999.00,-999.00,-999,-999.00,-999,-999.00,-999.00,-999.00,889;890;1760;2655;2944,-999.00,-999.00,-999.00,-999.00,1195231.14,10.80,-10.78,7.042408e-03,-34.79,-69.55,-52.17,0,38.81,1.00,0.10,134.36,250.01,1187.46,1591.55
Didelphimorphia,Didelphidae,Gracilinanus,formosus,gracilinanus formosus,-999.00,-999.00,-999.00,89.99,-999.00,-999.00,-999.00,-999.00,-999.00,-999.00,-999.00,-999.00,-999.00,-999.00,-999.00,-999.00,-999.00,-999.00,-999.00,-999.00,-999.00,-999.00,-999.00,-999.00,-999,-999.00,-999,-999.00,-999.00,-999.00,889,22.88,-999.00,-999.00,-999.00,-999.00,-999.00,-999.00,-999.00,-999.00,-999.00,-999.00,-999,-999.00,-999.00,-999.00,-999.00,-999.00,-999.00,-999.00
Didelphimorphia,Didelphidae,Gracilinanus,ignitus,gracilinanus ignitus,-999.00,-999.00,-999.00,-999.00,-999.00,-999.00,-999.00,-999.00,-999.00,-999.00,-999.00,-999.00,-999.00,-999.00,-999.00,-999.00,-999.00,-999.00,-999.00,-999.00,-999.00,-999.00,-999.00,-999.00,-999,-999.00,-999,-999.00,-999.00,-999.00,-999,-999.00,-999.00,-999.00,-999.00,-999.00,-999.00,-999.00,-999.00,-999.00,-999.00,-999.00,-999,-999.00,-999.00,-999.00,-999.00,-999.00,-999.00,-999.00
Didelphimorphia,Didelphidae,Gracilinanus,marica,gracilinanus marica,1.00,23.80,-999.00,99.15,-999.00,-999.00,-999.00,-999.00,-999.00,-999.00,-999.00,1.00,-999.00,-999.00,-999.00,5.99,-999.00,-999.00,-999.00,-999.00,-999.00,-999.00,-999.00,-999.00,-999,2.00,-999,-999.00,-999.00,-999.00,889;905;1297;1760;2655;2944,-999.00,-999.00,-999.00,-999.00,179494.96,11.06,5.18,8.12,-62.52,-73.86,-68.19,4,92.92,6.00,0.11,99.07,229.53,1301.81,1682.50
Rodentia,Muridae,Grammomys,gigas,grammomys gigas,-999.00,-999.00,-999.00,-999.00,-999.00,-999.00,-999.00,-999.00,-999.00,-999.00,-999.00,-999.00,-999.00,-999.00,-999.00,-999.00,-999.00,-999.00,-999.00,-999.00,-999.00,-999.00,-999.00,-999.00,-999,-999.00,-999,-999.00,-999.00,-999.00,-999,-999.00,-999.00,-999.00,-999.00,1961.70,0.37,-0.01,0.17,37.12,36.62,36.87,28,85.25,28.00,0.18,62.50,147.50,968.75,1478.00
Rodentia,Muridae,Grammomys,ibeanus,grammomys ibeanus,-999.00,41.19,-999.00,-999.00,-999.00,-999.00,-999.00,-999.00,-999.00,-999.00,-999.00,-999.00,-999.00,-999.00,-999.00,-999.00,-999.00,-999.00,-999.00,-999.00,-999.00,-999.00,-999.00,-999.00,-999,-999.00,-999,-999.00,-999.00,-999.00,2655,-999.00,-999.00,-999.00,-999.00,1377367.97,5.79,-11.25,-2.73,39.82,29.53,34.67,0,64.65,4.00,0.16,80.73,222.95,987.29,1558.47
Rodentia,Muridae,Grammomys,kuru,grammomys kuru,-999.00,-999.00,-999.00,-999.00,-999.00,-999.00,-999.00,-999.00,-999.00,-999.00,-999.00,-999.00,-999.00,-999.00,-999.00,-999.00,-999.00,-999.00,-999.00,-999.00,-999.00,-999.00,-999.00,-999.00,-999,-999.00,-999,-999.00,-999.00,-999.00,-999,-999.00,-999.00,-999.00,-999.00,-999.00,-999.00,-999.00,-999.00,-999.00,-999.00,-999.00,-999,-999.00,-999.00,-999.00,-999.00,-999.00,-999.00,-999.00
Rodentia,Muridae,Grammomys,macmillani,grammomys macmillani,-999.00,37.01,-999.00,-999.00,-999.00,-999.00,-999.00,-999.00,-999.00,-999.00,-999.00,-999.00,-999.00,-999.00,-999.00,-999.00,-999.00,-999.00,-999.00,-999.00,-999.00,-999.00,-999.00,-999.00,-999,-999.00,-999,-999.00,-999.00,-999.00,456;2655,-999.00,-999.00,-999.00,-999.00,2739580.43,9.71,-18.50,-4.39,38.59,25.76,32.17,0,43.31,2.00,0.14,85.60,229.52,995.48,1544.97
Rodentia,Muridae,Grammomys,minnae,grammomys minnae,-999.00,35.99,-999.00,-999.00,-999.00,-999.00,-999.00,-999.00,-999.00,-999.00,-999.00,-999.00,-999.00,-999.00,-999.00,-999.00,-999.00,-999.00,-999.00,-999.00,-999.00,-999.00,-999.00,-999.00,-999,-999.00,-999,-999.00,-999.00,-999.00,2655,-999.00,-999.00,-999.00,-999.00,16054.94,6.91,6.00,6.46,38.81,37.11,37.96,100,194.35,100.00,0.15,66.87,179.12,1097.65,1211.15
Rodentia,Muridae,Grammomys,poensis,grammomys poensis,1.00,50.03,-999.00,111.65,7.50,-999.00,-999.00,-999.00,-999.00,-999.00,24.65,1.00,1.024808e-03,1.225407e-03,-999.00,1.97,-999.00,-999.00,4.99,-999.00,-999.00,-999.00,120.00,-999.00,-999,2.00,-999,-999.00,-999.00,-999.00,904;1076;1254;1297;2399;2655,-999.00,-999.00,-999.00,-999.00,-999.00,-999.00,-999.00,-999.00,-999.00,-999.00,-999.00,-999,-999.00,-999.00,-999.00,-999.00,-999.00,-999.00,-999.00
Cetacea,Delphinidae,Grampus,griseus,grampus griseus,-999.00,387500.00,-999.00,-999.00,-999.00,-999.00,-999.00,-999.00,1.00,-999.00,365.00,1.00,-999.00,-999.00,-999.00,0.97,-999.00,240.00,-999.00,-999.00,-999.00,10.00,-999.00,-999.00,-999,-999.00,3,-999.00,-999.00,-999.00,56;172;218;543;890;1297;2151;2409;2655,-999.00,-999.00,-999.00,-999.00,-999.00,-999.00,-999.00,-999.00,-999.00,-999.00,-999.00,-999,-999.00,-999.00,-999.00,-999.00,-999.00,-999.00,-999.00
Rodentia,Cricetidae,Graomys,centralis,graomys centralis,-999.00,-999.00,-999.00,-999.00,-999.00,-999.00,-999.00,-999.00,-999.00,-999.00,-999.00,-999.00,-999.00,-999.00,-999.00,-999.00,-999.00,-999.00,-999.00,-999.00,-999.00,-999.00,-999.00,-999.00,-999,-999.00,-999,-999.00,-999.00,-999.00,-999,-999.00,-999.00,-999.00,-999.00,-999.00,-999.00,-999.00,-999.00,-999.00,-999.00,-999.00,-999,-999.00,-999.00,-999.00,-999.00,-999.00,-999.00,-999.00
Rodentia,Cricetidae,Graomys,domorum,graomys domorum,-999.00,102.00,-999.00,-999.00,-999.00,-999.00,-999.00,-999.00,-999.00,-999.00,-999.00,1.00,-999.00,-999.00,-999.00,-999.00,-999.00,-999.00,-999.00,-999.00,-999.00,-999.00,-999.00,-999.00,-999,1.00,-999,-999.00,-999.00,-999.00,890;2655,-999.00,-999.00,-999.00,-999.00,267530.52,-17.44,-27.38,-22.41,-63.22,-67.09,-65.15,0,15.02,1.00,0.09,57.15,100.42,695.11,1377.00
Rodentia,Cricetidae,Graomys,edithae,graomys edithae,-999.00,40.40,-999.00,-999.00,-999.00,-999.00,-999.00,-999.00,-999.00,-999.00,-999.00,-999.00,-999.00,-999.00,-999.00,-999.00,-999.00,-999.00,-999.00,-999.00,-999.00,-999.00,-999.00,-999.00,-999,-999.00,-999,-999.00,-999.00,-999.00,2655,-999.00,-999.00,-999.00,-999.00,1501.77,-28.59,-29.04,-28.81,-66.13,-66.62,-66.38,5,6.99,5.00,0.18,31.50,159.46,401.33,971.52
Rodentia,Cricetidae,Graomys,griseoflavus,graomys griseoflavus,-999.00,68.32,-999.00,-999.00,-999.00,-999.00,83.97,69.40,-999.00,-999.00,-999.00,3.00,-999.00,-999.00,-999.00,6.97,-999.00,-999.00,-999.00,-999.00,-999.00,-999.00,-999.00,-999.00,-999,2.00,-999,-999.00,-999.00,-999.00,890;1297;1822;2655,-999.00,-999.00,-999.00,-999.00,906311.52,-17.87,-42.89,-30.38,-55.00,-69.30,-62.15,0,7.88,0.00,0.08,59.10,175.29,733.47,1130.00
Rodentia,Gliridae,Graphiurus,angolensis,graphiurus angolensis,-999.00,-999.00,-999.00,-999.00,-999.00,-999.00,-999.00,-999.00,-999.00,-999.00,-999.00,-999.00,-999.00,-999.00,-999.00,-999.00,-999.00,-999.00,-999.00,-999.00,-999.00,-999.00,-999.00,-999.00,-999,-999.00,-999,-999.00,-999.00,-999.00,-999,-999.00,-999.00,-999.00,-999.00,-999.00,-999.00,-999.00,-999.00,-999.00,-999.00,-999.00,-999,-999.00,-999.00,-999.00,-999.00,-999.00,-999.00,-999.00
Rodentia,Gliridae,Graphiurus,christyi,graphiurus christyi,1.00,-999.00,-999.00,-999.00,-999.00,-999.00,-999.00,-999.00,4.00,-999.00,-999.00,2.00,-999.00,-999.00,-999.00,4.99,-999.00,-999.00,-999.00,-999.00,-999.00,-999.00,-999.00,-999.00,7,2.00,2,-999.00,-999.00,-999.00,2151,-999.00,-999.00,-999.00,-999.00,211548.46,3.71,-0.79,1.45,29.95,10.23,20.09,1,18.72,2.00,0.14,145.59,233.02,1484.89,1613.24
Rodentia,Gliridae,Graphiurus,crassicaudatus,graphiurus crassicaudatus,1.00,-999.00,-999.00,-999.00,-999.00,-999.00,-999.00,-999.00,4.00,-999.00,-999.00,2.00,-999.00,-999.00,-999.00,3.16,-999.00,-999.00,-999.00,-999.00,-999.00,-999.00,-999.00,-999.00,7,2.00,2,-999.00,-999.00,-999.00,1297;2151,-999.00,-999.00,-999.00,-999.00,160434.42,7.94,2.20,5.07,12.71,-10.83,0.94,3,66.63,5.00,0.01,188.67,249.84,1277.19,1537.71
Rodentia,Gliridae,Graphiurus,johnstoni,graphiurus johnstoni,-999.00,-999.00,-999.00,-999.00,-999.00,-999.00,-999.00,-999.00,-999.00,-999.00,-999.00,-999.00,-999.00,-999.00,-999.00,-999.00,-999.00,-999.00,-999.00,-999.00,-999.00,-999.00,-999.00,-999.00,-999,-999.00,-999,-999.00,-999.00,-999.00,-999,-999.00,-999.00,-999.00,-999.00,-999.00,-999.00,-999.00,-999.00,-999.00,-999.00,-999.00,-999,-999.00,-999.00,-999.00,-999.00,-999.00,-999.00,-999.00
Rodentia,Gliridae,Graphiurus,kelleni,graphiurus kelleni,1.00,10.50,-999.00,-999.00,-999.00,-999.00,-999.00,-999.00,4.00,-999.00,-999.00,2.00,-999.00,-999.00,-999.00,4.41,-999.00,-999.00,-999.00,-999.00,-999.00,-999.00,-999.00,-999.00,7,2.00,2,-999.00,-999.00,-999.00,1297;2151;2655,-999.00,-999.00,-999.00,-999.00,3177873.93,18.87,-15.95,1.45,43.23,-12.65,15.28,0,32.12,1.00,0.10,94.14,245.17,983.14,1573.72
Rodentia,Gliridae,Graphiurus,lorraineus,graphiurus lorraineus,1.00,-999.00,-999.00,-999.00,-999.00,-999.00,-999.00,-999.00,4.00,-999.00,-999.00,2.00,-999.00,-999.00,-999.00,4.99,-999.00,-999.00,-999.00,-999.00,-999.00,-999.00,-999.00,-999.00,-999,2.00,2,-999.00,-999.00,-999.00,2151,-999.00,-999.00,-999.00,-999.00,2762057.28,11.48,-9.67,0.90,34.91,-13.43,10.74,0,40.19,1.00,0.12,141.46,249.95,1269.70,1568.90
Rodentia,Gliridae,Graphiurus,microtis,graphiurus microtis,-999.00,-999.00,-999.00,-999.00,-999.00,-999.00,-999.00,-999.00,-999.00,-999.00,-999.00,-999.00,-999.00,-999.00,-999.00,-999.00,-999.00,-999.00,-999.00,-999.00,-999.00,-999.00,-999.00,-999.00,-999,-999.00,-999,-999.00,-999.00,-999.00,-999,-999.00,-999.00,-999.00,-999.00,94285.38,-1.16,-15.53,-8.35,35.87,28.91,32.39,7,55.38,11.00,0.12,89.97,206.09,930.00,1608.48
Rodentia,Gliridae,Graphiurus,monardi,graphiurus monardi,-999.00,-999.00,-999.00,-999.00,-999.00,-999.00,-999.00,-999.00,-999.00,-999.00,-999.00,-999.00,-999.00,-999.00,-999.00,-999.00,-999.00,-999.00,-999.00,-999.00,-999.00,-999.00,-999.00,-999.00,-999,-999.00,-999,-999.00,-999.00,-999.00,-999,-999.00,-999.00,-999.00,-999.00,126848.47,-10.19,-13.85,-12.02,25.88,20.21,23.04,1,3.20,1.50,0.33,105.35,214.48,899.68,1438.73
Rodentia,Gliridae,Graphiurus,murinus,graphiurus murinus,1.00,20.07,-999.00,75.63,-999.00,-999.00,-999.00,-999.00,4.00,-999.00,23.99,2.00,-999.00,-999.00,-999.00,3.00,-999.00,69.60,3.49,-999.00,54.41,-999.00,-999.00,1.00,7,2.00,2,-999.00,-999.00,-999.00,543;904;1254;1297;1798;2151;2629;2655;3054,-999.00,-999.00,-999.00,-999.00,7836495.07,14.59,-34.83,-10.12,42.98,13.30,28.14,0,32.34,1.00,0.13,67.55,217.12,798.09,1481.48
Rodentia,Gliridae,Graphiurus,nagtglasii,graphiurus nagtglasii,1.00,30.00,-999.00,-999.00,-999.00,-999.00,-999.00,-999.00,4.00,-999.00,-999.00,2.00,-999.00,-999.00,-999.00,3.11,-999.00,-999.00,-999.00,-999.00,-999.00,-999.00,-999.00,-999.00,7,2.00,2,-999.00,-999.00,-999.00,1297;2151;2655,-999.00,-999.00,-999.00,-999.00,758306.28,13.41,1.67,7.54,18.32,-12.29,3.01,1,75.64,2.00,0.09,149.41,253.82,1250.38,1549.79
Didelphimorphia,Didelphidae,Gracilinanus,microtarsus,gracilinanus microtarsus,1.00,29.30,-999.00,91.69,-999.00,-999.00,19.60,13.00,-999.00,-999.00,-999.00,2.00,-999.00,-999.00,-999.00,-999.00,-999.00,-999.00,-999.00,-999.00,-999.00,-999.00,-999.00,-999.00,-999,2.00,-999,-999.00,-999.00,-999.00,889;890;1412;1760;1822;1843;2655;2790,-999.00,-999.00,-999.00,-999.00,375848.10,-20.19,-29.62,-24.90,-41.62,-51.63,-46.63,5,175.40,13.00,0.06,132.51,182.46,1188.16,1299.07
Rodentia,Muridae,Grammomys,aridulus,grammomys aridulus,-999.00,-999.00,-999.00,-999.00,-999.00,-999.00,-999.00,-999.00,-999.00,-999.00,-999.00,-999.00,-999.00,-999.00,-999.00,-999.00,-999.00,-999.00,-999.00,-999.00,-999.00,-999.00,-999.00,-999.00,-999,-999.00,-999,-999.00,-999.00,-999.00,-999,-999.00,-999.00,-999.00,-999.00,27654.16,13.92,11.77,12.85,24.89,22.96,23.93,13,19.64,13.00,0.12,43.54,222.21,508.06,1600.10
Rodentia,Muridae,Grammomys,buntingi,grammomys buntingi,-999.00,-999.00,-999.00,-999.00,-999.00,-999.00,-999.00,-999.00,-999.00,-999.00,-999.00,-999.00,-999.00,-999.00,-999.00,-999.00,-999.00,-999.00,-999.00,-999.00,-999.00,-999.00,-999.00,-999.00,-999,-999.00,-999,-999.00,-999.00,-999.00,-999,-999.00,-999.00,-999.00,-999.00,174512.90,9.85,5.75,7.80,-5.24,-13.29,-9.26,3,54.85,8.00,0.02,214.16,252.42,1249.49,1495.54
Rodentia,Muridae,Grammomys,caniceps,grammomys caniceps,-999.00,-999.00,-999.00,-999.00,-999.00,-999.00,-999.00,-999.00,-999.00,-999.00,-999.00,-999.00,-999.00,-999.00,-999.00,-999.00,-999.00,-999.00,-999.00,-999.00,-999.00,-999.00,-999.00,-999.00,-999,-999.00,-999,-999.00,-999.00,-999.00,-999,-999.00,-999.00,-999.00,-999.00,1893.85,2.38,1.90,2.14,44.95,44.46,44.71,17,63.67,17.00,0.05,46.66,268.33,548.66,1729.66
Rodentia,Muridae,Grammomys,cometes,grammomys cometes,-999.00,45.00,-999.00,116.81,-999.00,-999.00,-999.00,-999.00,-999.00,-999.00,-999.00,-999.00,-999.00,-999.00,-999.00,2.90,2.75,-999.00,-999.00,-999.00,-999.00,-999.00,-999.00,-999.00,-999,-999.00,-999,22.50,-999.00,-999.00,1244;1297;2655,-999.00,-999.00,-999.00,-999.00,415006.18,-15.81,-28.74,-22.27,35.78,30.77,33.28,1,32.07,2.00,0.21,70.25,225.38,904.06,1421.94
Rodentia,Muridae,Grammomys,dolichurus,grammomys dolichurus,-999.00,41.85,-999.00,110.27,12.00,-999.00,-999.00,-999.00,-999.00,-999.00,23.99,-999.00,-999.00,-999.00,38.00,3.11,-999.00,52.80,4.19,37.41,206.68,-999.00,83.05,-999.00,-999,-999.00,-999,23.87,-999.00,-999.00,543;730;773;1244;1297;1399;2361;2655;3054,-999.00,3.46,-999.00,-999.00,10134666.76,10.81,-33.41,-11.30,41.39,7.19,24.29,0,30.13,1.00,0.14,104.86,228.82,1060.33,1514.61
Rodentia,Cricetidae,Isthmomys,flavidus,isthmomys flavidus,-999.00,-999.00,-999.00,-999.00,-999.00,-999.00,-999.00,-999.00,3.00,-999.00,-999.00,1.00,-999.00,-999.00,-999.00,-999.00,-999.00,-999.00,-999.00,-999.00,-999.00,-999.00,-999.00,-999.00,-999,1.00,1,-999.00,-999.00,-999.00,890;905,-999.00,-999.00,-999.00,-999.00,6512.16,9.03,7.38,8.21,-80.33,-82.55,-81.44,7,24.61,7.00,0.02,231.20,264.08,-999.00,-999.00
Rodentia,Cricetidae,Isthmomys,pirrensis,isthmomys pirrensis,-999.00,137.71,-999.00,-999.00,-999.00,-999.00,121.35,137.90,3.00,-999.00,-999.00,1.00,-999.00,-999.00,-999.00,2.43,-999.00,-999.00,-999.00,-999.00,-999.00,-999.00,-999.00,-999.00,-999,1.00,2,-999.00,-999.00,-999.00,905;1297;1822;2655,-999.00,-999.00,-999.00,-999.00,20652.28,8.68,7.03,7.86,-76.83,-78.44,-77.64,2,10.21,2.00,0.08,216.88,251.91,1549.45,1682.03
Rodentia,Dipodidae,Jaculus,blanfordi,jaculus blanfordi,-999.00,-999.00,-999.00,-999.00,-999.00,-999.00,-999.00,-999.00,-999.00,-999.00,-999.00,-999.00,-999.00,-999.00,-999.00,3.88,3.00,-999.00,-999.00,-999.00,-999.00,-999.00,-999.00,-999.00,-999,-999.00,-999,-999.00,-999.00,-999.00,1297;2151,-999.00,-999.00,-999.00,-999.00,1759262.89,44.71,25.07,34.89,68.17,52.55,60.36,0,15.32,1.00,0.13,11.36,162.06,175.79,1081.37
Rodentia,Dipodidae,Jaculus,jaculus,jaculus jaculus,-999.00,59.80,-999.00,102.18,38.00,304.16,92.25,75.00,-999.00,-999.00,33.54,-999.00,-999.00,-999.00,91.25,3.24,1.50,72.00,2.00,-999.00,-999.00,-999.00,240.52,-999.00,-999,-999.00,-999,66.86,-999.00,-999.00,1251;1255;1297;1822;2151;2655,-999.00,-999.00,-999.00,-999.00,15392985.16,37.34,10.73,24.04,59.83,-17.10,21.36,0,21.64,0.00,0.11,12.16,239.89,178.89,1327.53
Rodentia,Dipodidae,Jaculus,orientalis,jaculus orientalis,-999.00,138.26,-999.00,-999.00,-999.00,-999.00,139.00,139.00,-999.00,-999.00,40.00,-999.00,-999.00,-999.00,-999.00,2.41,-999.00,-999.00,-999.00,-999.00,-999.00,-999.00,-999.00,-999.00,-999,-999.00,-999,-999.00,-999.00,-999.00,1297;1822;2151;2655,-999.00,-999.00,-999.00,-999.00,4387616.26,37.34,21.72,29.53,35.79,-10.86,12.46,0,40.32,0.00,0.12,7.23,209.72,107.05,1175.91
Rodentia,Cricetidae,Juliomys,pictipes,juliomys pictipes,-999.00,22.90,-999.00,-999.00,-999.00,-999.00,-999.00,-999.00,-999.00,-999.00,-999.00,-999.00,-999.00,-999.00,-999.00,-999.00,-999.00,-999.00,-999.00,-999.00,-999.00,-999.00,-999.00,-999.00,-999,-999.00,-999,-999.00,-999.00,-999.00,2655,-999.00,-999.00,-999.00,-999.00,90582.12,-20.65,-27.62,-24.14,-46.60,-55.18,-50.89,13,92.16,22.00,0.09,135.72,206.61,1219.60,1324.91
Rodentia,Cricetidae,Juliomys,rimofrons,juliomys rimofrons,-999.00,-999.00,-999.00,-999.00,-999.00,-999.00,-999.00,-999.00,-999.00,-999.00,-999.00,-999.00,-999.00,-999.00,-999.00,-999.00,-999.00,-999.00,-999.00,-999.00,-999.00,-999.00,-999.00,-999.00,-999,-999.00,-999,-999.00,-999.00,-999.00,-999,-999.00,-999.00,-999.00,-999.00,-999.00,-999.00,-999.00,-999.00,-999.00,-999.00,-999.00,-999,-999.00,-999.00,-999.00,-999.00,-999.00,-999.00,-999.00
Rodentia,Cricetidae,Juscelinomys,candango,juscelinomys candango,-999.00,97.29,-999.00,-999.00,-999.00,-999.00,-999.00,-999.00,2.00,-999.00,-999.00,1.00,-999.00,-999.00,-999.00,-999.00,-999.00,-999.00,-999.00,-999.00,-999.00,-999.00,-999.00,-999.00,-999,1.00,2,-999.00,-999.00,-999.00,890;2655,-999.00,-999.00,-999.00,-999.00,897.34,-15.60,-15.93,-15.76,-47.47,-47.79,-47.63,96,202.50,96.00,0.11,131.00,211.00,1100.50,1438.00
Rodentia,Cricetidae,Juscelinomys,guaporensis,juscelinomys guaporensis,-999.00,-999.00,-999.00,-999.00,-999.00,-999.00,-999.00,-999.00,-999.00,-999.00,-999.00,-999.00,-999.00,-999.00,-999.00,-999.00,-999.00,-999.00,-999.00,-999.00,-999.00,-999.00,-999.00,-999.00,-999,-999.00,-999,-999.00,-999.00,-999.00,-999,-999.00,-999.00,-999.00,-999.00,-999.00,-999.00,-999.00,-999.00,-999.00,-999.00,-999.00,-999,-999.00,-999.00,-999.00,-999.00,-999.00,-999.00,-999.00
Rodentia,Cricetidae,Juscelinomys,huanchacae,juscelinomys huanchacae,-999.00,-999.00,-999.00,-999.00,-999.00,-999.00,-999.00,-999.00,-999.00,-999.00,-999.00,-999.00,-999.00,-999.00,-999.00,-999.00,-999.00,-999.00,-999.00,-999.00,-999.00,-999.00,-999.00,-999.00,-999,-999.00,-999,-999.00,-999.00,-999.00,-999,-999.00,-999.00,-999.00,-999.00,-999.00,-999.00,-999.00,-999.00,-999.00,-999.00,-999.00,-999,-999.00,-999.00,-999.00,-999.00,-999.00,-999.00,-999.00
Rodentia,Muridae,Kadarsanomys,sodyi,kadarsanomys sodyi,-999.00,-999.00,-999.00,-999.00,-999.00,-999.00,-999.00,-999.00,-999.00,-999.00,-999.00,-999.00,-999.00,-999.00,-999.00,4.00,-999.00,-999.00,-999.00,-999.00,-999.00,-999.00,-999.00,-999.00,-999,-999.00,-999,-999.00,-999.00,-999.00,1297,-999.00,-999.00,-999.00,-999.00,4545.52,-6.49,-6.92,-6.71,107.59,106.49,107.04,270,1797.70,270.00,0.11,218.98,238.40,1623.99,1776.20
Rodentia,Echimyidae,Kannabateomys,amblyonyx,kannabateomys amblyonyx,1.00,599.99,-999.00,-999.00,-999.00,-999.00,-999.00,-999.00,1.00,-999.00,-999.00,1.00,-999.00,-999.00,-999.00,1.00,-999.00,19.20,-999.00,-999.00,-999.00,-999.00,-999.00,1.00,-999,2.00,1,-999.00,-999.00,-999.00,543;890;905;1297;2181;2655,-999.00,-999.00,-999.00,-999.00,859665.04,-20.70,-29.35,-25.02,-40.96,-57.59,-49.27,2,100.68,8.00,0.06,134.87,194.24,1214.84,1283.63
Chiroptera,Vespertilionidae,Kerivoula,africana,kerivoula africana,-999.00,-999.00,28.00,-999.00,-999.00,-999.00,-999.00,-999.00,-999.00,-999.00,-999.00,1.00,-999.00,-999.00,-999.00,-999.00,-999.00,-999.00,-999.00,-999.00,-999.00,-999.00,-999.00,-999.00,-999,2.00,-999,-999.00,-999.00,-999.00,1658;2151,3.50,-999.00,-999.00,-999.00,-999.00,-999.00,-999.00,-999.00,-999.00,-999.00,-999.00,-999,-999.00,-999.00,-999.00,-999.00,-999.00,-999.00,-999.00
Chiroptera,Vespertilionidae,Kerivoula,agnella,kerivoula agnella,-999.00,-999.00,35.99,-999.00,-999.00,-999.00,-999.00,-999.00,-999.00,-999.00,-999.00,1.00,-999.00,-999.00,-999.00,-999.00,-999.00,-999.00,-999.00,-999.00,-999.00,-999.00,-999.00,-999.00,-999,2.00,-999,-999.00,-999.00,-999.00,1658;2151,7.20,-999.00,-999.00,-999.00,3241.93,-8.98,-11.65,-10.32,153.77,150.42,152.09,12,12.00,12.00,0.09,267.00,254.00,-999.00,-999.00
Chiroptera,Vespertilionidae,Kerivoula,argentata,kerivoula argentata,-999.00,10.11,36.50,-999.00,-999.00,-999.00,-999.00,-999.00,-999.00,-999.00,-999.00,1.00,-999.00,-999.00,-999.00,-999.00,-999.00,-999.00,-999.00,-999.00,-999.00,-999.00,-999.00,-999.00,-999,2.00,-999,-999.00,-999.00,-999.00,44;1658;2143;2151;2655,-999.00,-999.00,-999.00,-999.00,4372078.10,-2.21,-29.50,-15.86,40.84,12.41,26.62,1,24.70,1.00,0.18,85.82,221.09,885.76,1468.47
Chiroptera,Vespertilionidae,Kerivoula,cuprosa,kerivoula cuprosa,-999.00,-999.00,32.99,-999.00,-999.00,-999.00,-999.00,-999.00,-999.00,-999.00,-999.00,1.00,-999.00,-999.00,-999.00,0.98,-999.00,-999.00,-999.00,-999.00,-999.00,-999.00,-999.00,-999.00,-999,2.00,-999,-999.00,-999.00,-999.00,1297;1658;2151,5.61,-999.00,-999.00,-999.00,249700.71,4.30,-1.11,1.59,37.21,11.62,24.41,1,46.65,1.00,0.10,125.85,227.65,1327.11,1523.84
Rodentia,Muridae,Grammomys,dryas,grammomys dryas,-999.00,-999.00,-999.00,-999.00,-999.00,-999.00,-999.00,-999.00,-999.00,-999.00,-999.00,-999.00,-999.00,-999.00,-999.00,-999.00,-999.00,-999.00,-999.00,-999.00,-999.00,-999.00,-999.00,-999.00,-999,-999.00,-999,-999.00,-999.00,-999.00,-999,-999.00,-999.00,-999.00,-999.00,115505.71,-0.91,-5.05,-2.98,30.15,26.83,28.49,5,96.47,7.00,0.12,111.73,208.53,1373.81,1536.85
Rodentia,Sciuridae,Heliosciurus,gambianus,heliosciurus gambianus,-999.00,248.36,-999.00,196.10,-999.00,-999.00,-999.00,-999.00,-999.00,-999.00,-999.00,-999.00,-999.00,-999.00,-999.00,2.91,-999.00,-999.00,-999.00,-999.00,-999.00,-999.00,-999.00,-999.00,-999,-999.00,-999,-999.00,-999.00,-999.00,1297;1599;2495;2655,-999.00,-999.00,-999.00,-999.00,6900748.55,15.79,-16.79,-0.50,38.59,-17.53,10.52,0,32.22,1.00,0.14,106.27,237.12,1005.42,1536.09
Rodentia,Sciuridae,Heliosciurus,mutabilis,heliosciurus mutabilis,3.00,390.00,-999.00,-999.00,-999.00,-999.00,-999.00,-999.00,4.00,-999.00,-999.00,2.00,-999.00,-999.00,-999.00,-999.00,-999.00,-999.00,-999.00,-999.00,-999.00,-999.00,-999.00,2.00,-999,2.00,2,-999.00,-999.00,-999.00,2629;2655,-999.00,-999.00,-999.00,-999.00,1316439.18,-6.77,-25.01,-15.89,40.84,27.22,34.03,1,29.29,3.00,0.19,81.61,231.37,905.54,1516.38
Rodentia,Sciuridae,Heliosciurus,punctatus,heliosciurus punctatus,-999.00,173.85,-999.00,190.09,-999.00,-999.00,-999.00,-999.00,-999.00,-999.00,-999.00,-999.00,-999.00,-999.00,-999.00,-999.00,-999.00,-999.00,-999.00,-999.00,-999.00,-999.00,-999.00,-999.00,-999,-999.00,-999,-999.00,-999.00,-999.00,2495;2655,-999.00,-999.00,-999.00,-999.00,382580.46,9.11,4.35,6.73,0.05,-11.25,-5.60,3,70.93,8.00,0.08,164.71,255.45,1329.75,1565.03
Rodentia,Sciuridae,Heliosciurus,rufobrachium,heliosciurus rufobrachium,3.00,332.88,-999.00,237.29,-999.00,-999.00,133.40,230.00,2.00,-999.00,-999.00,1.00,-999.00,-999.00,-999.00,2.00,-999.00,106.80,-999.00,-999.00,-999.00,-999.00,-999.00,-999.00,-999,2.00,1,-999.00,-999.00,-999.00,543;900;901;904;1297;1822;1849;2495;2655,-999.00,-999.00,-999.00,-999.00,3868056.99,13.97,-5.99,3.98,37.54,-16.82,10.35,0,54.46,1.00,0.12,143.30,245.50,1291.67,1561.34
Rodentia,Sciuridae,Heliosciurus,ruwenzorii,heliosciurus ruwenzorii,-999.00,291.00,-999.00,225.32,-999.00,-999.00,-999.00,-999.00,-999.00,-999.00,-999.00,-999.00,-999.00,-999.00,-999.00,2.91,-999.00,-999.00,-999.00,-999.00,-999.00,-999.00,-999.00,-999.00,-999,-999.00,-999,-999.00,-999.00,-999.00,1297;1849;2655,-999.00,-999.00,-999.00,-999.00,129123.34,2.60,-4.01,-0.70,31.00,27.91,29.46,8,111.37,9.00,0.16,113.81,201.24,1389.65,1546.10
Rodentia,Sciuridae,Heliosciurus,undulatus,heliosciurus undulatus,-999.00,347.33,-999.00,-999.00,-999.00,-999.00,-999.00,-999.00,-999.00,-999.00,-999.00,-999.00,-999.00,-999.00,-999.00,-999.00,-999.00,-999.00,-999.00,-999.00,-999.00,-999.00,-999.00,-999.00,-999,-999.00,-999,-999.00,-999.00,-999.00,2655,-999.00,-999.00,-999.00,-999.00,118631.03,-1.96,-6.80,-4.38,40.84,36.14,38.49,2,57.81,5.00,0.17,79.16,233.60,958.97,1620.04
Carnivora,Herpestidae,Helogale,hirtula,helogale hirtula,3.00,484.63,-999.00,229.75,-999.00,-999.00,-999.00,-999.00,1.00,-999.00,-999.00,1.00,-999.00,-999.00,-999.00,-999.00,-999.00,-999.00,-999.00,-999.00,-999.00,-999.00,-999.00,-999.00,-999,1.00,3,-999.00,-999.00,-999.00,1113;2655,-999.00,-999.00,-999.00,-999.00,1080149.67,8.66,-5.14,1.75,48.05,36.20,42.13,1,23.39,1.00,0.10,41.92,242.00,629.35,1633.25
Carnivora,Herpestidae,Helogale,parvula,helogale parvula,3.00,281.83,-999.00,201.59,-999.00,-999.00,-999.00,-999.00,1.00,-999.00,54.08,1.00,0.21,0.28,141.94,3.49,2.25,131.00,-999.00,-999.00,-999.00,-999.00,423.04,-999.00,6,1.00,3,21.00,-999.00,-999.00,543;966;1052;1113;1297;2655,-999.00,-999.00,-999.00,-999.00,6944753.53,14.25,-28.34,-7.04,51.41,12.05,31.73,0,30.49,1.00,0.15,71.37,222.44,797.78,1512.30
Diprotodontia,Pseudocheiridae,Hemibelideus,lemuroides,hemibelideus lemuroides,-999.00,993.59,-999.00,-999.00,-999.00,-999.00,-999.00,-999.00,-999.00,-999.00,-999.00,1.00,-999.00,-999.00,365.00,1.00,-999.00,48.00,-999.00,-999.00,700.00,-999.00,-999.00,-999.00,-999,2.00,-999,-999.00,-999.00,-999.00,543;955;1412;1760;2655,-999.00,1.10,-999.00,-999.00,22321.21,-16.35,-19.27,-17.81,145.89,144.46,145.17,0,1.05,0.00,0.00,103.34,214.44,1061.51,1683.81
Afrosoricida,Tenrecidae,Hemicentetes,nigriceps,hemicentetes nigriceps,2.00,102.99,-999.00,-999.00,9.00,-999.00,72.45,101.90,1.00,-999.00,55.32,-999.00,-999.00,-999.00,-999.00,2.84,2.00,31.20,7.29,60.99,-999.00,-999.00,61.87,-999.00,-999,-999.00,3,22.71,-999.00,-999.00,543;886;1822;1891;2151;2655;2720;2786,-999.00,-999.00,-999.00,-999.00,4457.41,-21.67,-22.66,-22.17,47.31,46.74,47.02,8,38.74,8.00,0.19,149.95,196.13,1263.42,1437.93
Afrosoricida,Tenrecidae,Hemicentetes,semispinosus,hemicentetes semispinosus,2.00,134.00,-999.00,175.00,9.00,-999.00,64.10,133.00,1.00,-999.00,53.07,2.00,-999.00,-999.00,-999.00,5.32,1.50,32.40,7.39,-999.00,-999.00,18.00,48.57,-999.00,-999,1.00,3,21.50,-999.00,-999.00,543;886;1048;1160;1297;1822;1891;2151;2333;2655;2720;2723;2786,-999.00,-999.00,-999.00,-999.00,97855.43,-13.42,-25.20,-19.31,50.38,46.51,48.44,6,39.57,8.00,0.18,175.17,198.99,1342.17,1595.51
Erinaceomorpha,Erinaceidae,Hemiechinus,auritus,hemiechinus auritus,1.00,322.04,-999.00,210.00,-999.00,-999.00,151.43,398.50,3.00,-999.00,37.18,2.00,0.03,0.02,-999.00,3.74,1.00,81.60,9.50,55.50,-999.00,1.00,-999.00,-999.00,10,1.00,2,39.70,-999.00,-999.00,543;678;1271;1297;1456;1573;1822;1946;2408;2566;2655;2786,-999.00,-999.00,-999.00,-999.00,8779465.11,54.81,20.68,37.74,111.44,20.45,65.94,0,60.48,0.00,0.07,22.53,100.22,267.04,846.30
Erinaceomorpha,Erinaceidae,Hemiechinus,collaris,hemiechinus collaris,1.00,-999.00,-999.00,163.63,-999.00,-999.00,-999.00,-999.00,2.00,-999.00,38.49,2.00,-999.00,-999.00,-999.00,3.87,-999.00,-999.00,-999.00,-999.00,-999.00,-999.00,-999.00,-999.00,-999,1.00,3,-999.00,-999.00,-999.00,678;1456;2408,128.61,-999.00,-999.00,-999.00,717631.18,33.43,18.31,25.87,78.35,67.73,73.04,7,266.43,35.00,0.12,41.77,249.31,452.28,1320.25
Carnivora,Viverridae,Hemigalus,derbyanus,hemigalus derbyanus,1.00,1262.70,-999.00,458.63,9.75,-999.00,-999.00,-999.00,6.00,-999.00,-999.00,1.00,-999.00,-999.00,-999.00,1.73,-999.00,144.00,125.00,-999.00,-999.00,-999.00,-999.00,-999.00,-999,1.00,2,69.60,-999.00,-999.00,543;1113;1297;2655,-999.00,-999.00,-999.00,-999.00,1431386.40,15.44,-5.94,4.74,119.26,95.18,107.22,1,70.76,4.00,0.15,245.18,248.86,1659.47,1748.43
Artiodactyla,Bovidae,Hemitragus,hylocrius,hemitragus hylocrius,2.00,74186.41,-999.00,1385.00,-999.00,669.16,-999.00,-999.00,2.00,-999.00,186.35,1.00,-999.00,-999.00,237.25,1.41,-999.00,207.00,-999.00,-999.00,-999.00,-999.00,-999.00,-999.00,3,1.00,1,27.28,-999.00,-999.00,511;543;899;1297;1525;1848;2555;2655,-999.00,1.36,-999.00,-999.00,2109.89,11.46,8.44,9.95,77.57,76.42,76.99,233,486.13,233.00,0.05,146.23,259.75,1139.48,1559.51
Artiodactyla,Bovidae,Hemitragus,jayakari,hemitragus jayakari,2.00,22210.18,-999.00,1075.00,-999.00,-999.00,-999.00,-999.00,3.00,-999.00,164.31,1.00,-999.00,-999.00,-999.00,1.00,-999.00,168.00,-999.00,-999.00,-999.00,-999.00,-999.00,-999.00,3,1.00,1,-999.00,-999.00,-999.00,511;543;899;1848;2555;2655,-999.00,-999.00,-999.00,-999.00,16233.68,26.15,22.42,24.28,59.29,56.23,57.76,4,40.38,4.50,0.19,6.05,220.21,148.74,1351.58
Artiodactyla,Bovidae,Hemitragus,jemlahicus,hemitragus jemlahicus,-999.00,68616.43,-999.00,-999.00,-999.00,730.00,-999.00,-999.00,2.00,-999.00,195.76,-999.00,-999.00,-999.00,365.00,1.01,-999.00,261.60,2700.00,-999.00,-999.00,35.00,1532.89,-999.00,3,-999.00,1,-999.00,-999.00,-999.00,543;899;1297;1525;1848;2338;2555;2620;2655;2986,-999.00,1.10,-999.00,-999.00,130100.31,33.52,26.66,30.09,89.82,75.69,82.76,0,98.04,1.00,0.06,121.77,54.31,884.01,1143.07
Carnivora,Herpestidae,Herpestes,brachyurus,herpestes brachyurus,1.00,1396.16,-999.00,414.47,-999.00,-999.00,-999.00,-999.00,1.00,-999.00,-999.00,1.00,-999.00,-999.00,-999.00,3.49,-999.00,-999.00,-999.00,-999.00,-999.00,-999.00,-999.00,-999.00,-999,1.00,3,-999.00,-999.00,-999.00,1113;2655,-999.00,-999.00,-999.00,-999.00,1313618.80,12.33,-5.94,3.19,120.34,95.18,107.76,1,65.98,4.00,0.16,243.65,248.41,1686.88,1743.09
Carnivora,Herpestidae,Herpestes,edwardsi,herpestes edwardsi,3.00,1304.67,-999.00,398.22,16.50,-999.00,-999.00,-999.00,6.00,-999.00,63.09,1.00,-999.00,-999.00,109.50,2.00,3.30,-999.00,-999.00,-999.00,-999.00,-999.00,311.36,-999.00,-999,1.00,2,34.80,-999.00,-999.00,679;1113;1297;2655,-999.00,-999.00,-999.00,-999.00,3629768.58,34.07,5.91,19.99,91.04,47.28,69.16,2,313.35,13.00,0.09,80.62,242.34,675.31,1418.79
Rodentia,Echimyidae,Heteropsomys,antillensis,heteropsomys antillensis,-999.00,-999.00,-999.00,-999.00,-999.00,-999.00,-999.00,-999.00,-999.00,-999.00,-999.00,-999.00,-999.00,-999.00,-999.00,-999.00,-999.00,-999.00,-999.00,-999.00,-999.00,-999.00,-999.00,-999.00,-999,-999.00,-999,-999.00,-999.00,-999.00,-999,-999.00,-999.00,-999.00,-999.00,-999.00,-999.00,-999.00,-999.00,-999.00,-999.00,-999.00,-999,-999.00,-999.00,-999.00,-999.00,-999.00,-999.00,-999.00
Rodentia,Echimyidae,Heteropsomys,insulans,heteropsomys insulans,-999.00,-999.00,-999.00,-999.00,-999.00,-999.00,-999.00,-999.00,-999.00,-999.00,-999.00,-999.00,-999.00,-999.00,-999.00,-999.00,-999.00,-999.00,-999.00,-999.00,-999.00,-999.00,-999.00,-999.00,-999,-999.00,-999,-999.00,-999.00,-999.00,-999,-999.00,-999.00,-999.00,-999.00,-999.00,-999.00,-999.00,-999.00,-999.00,-999.00,-999.00,-999,-999.00,-999.00,-999.00,-999.00,-999.00,-999.00,-999.00
Artiodactyla,Hippopotamidae,Hexaprotodon,liberiensis,hexaprotodon liberiensis,2.00,235001.16,-999.00,1600.00,-999.00,-999.00,-999.00,-999.00,4.00,-999.00,200.00,2.00,0.72,-999.00,-999.00,1.00,1.00,525.60,5730.00,-999.00,-999.00,-999.00,1510.30,1.25,-999,1.00,1,211.71,-999.00,-999.00,511;543;898;899;1297;1848;2180;2655,-999.00,-999.00,-999.00,-999.00,35806.59,12.29,4.27,8.28,7.33,-15.59,-4.13,3,86.62,5.00,0.11,213.58,251.56,1315.05,1605.32
Rodentia,Capromyidae,Hexolobodon,phenax,hexolobodon phenax,-999.00,-999.00,-999.00,-999.00,-999.00,-999.00,-999.00,-999.00,-999.00,-999.00,-999.00,-999.00,-999.00,-999.00,-999.00,-999.00,-999.00,-999.00,-999.00,-999.00,-999.00,-999.00,-999.00,-999.00,-999,-999.00,-999,-999.00,-999.00,-999.00,-999,-999.00,-999.00,-999.00,-999.00,-999.00,-999.00,-999.00,-999.00,-999.00,-999.00,-999.00,-999,-999.00,-999.00,-999.00,-999.00,-999.00,-999.00,-999.00
Artiodactyla,Cervidae,Hippocamelus,antisensis,hippocamelus antisensis,-999.00,68599.35,-999.00,1550.00,-999.00,-999.00,-999.00,-999.00,2.00,-999.00,235.72,1.00,-999.00,-999.00,-999.00,1.00,-999.00,127.20,-999.00,-999.00,1.20,-999.00,-999.00,7.30,-999,1.00,1,-999.00,-999.00,-999.00,511;543;890;899;1297;1997;2655;3009;3010,-999.00,-999.00,-999.00,-999.00,993123.79,2.63,-29.36,-13.36,-65.50,-78.72,-72.11,0,7.76,0.00,0.11,141.12,164.37,1109.84,1431.91
Artiodactyla,Cervidae,Hippocamelus,bisulcus,hippocamelus bisulcus,2.00,69240.81,-999.00,1550.00,-999.00,-999.00,-999.00,-999.00,2.00,-999.00,212.91,1.00,0.86,-999.00,-999.00,1.00,1.00,-999.00,3575.62,989.99,1.12,-999.00,-999.00,1.90,-999,1.00,1,-999.00,-999.00,-999.00,653;792;890;899;2655;3009;3010,-999.00,-999.00,-999.00,-999.00,121225.02,-36.52,-50.74,-43.63,-71.09,-75.47,-73.28,0,2.48,0.00,0.05,143.42,34.95,527.52,643.53
Artiodactyla,Hippopotamidae,Hippopotamus,amphibius,hippopotamus amphibius,2.00,1536310.40,-999.00,-999.00,-999.00,1460.00,-999.00,-999.00,2.00,-999.00,235.37,2.00,-999.00,-999.00,696.54,1.00,1.00,654.00,40199.99,-999.00,4.86,585.00,2030.00,-999.00,-999,1.00,2,319.01,206389.44,-999.00,543;898;1297;1763;1848;2180;2338;2620;2629;2655,-999.00,-999.00,-999.00,-999.00,1849389.21,13.59,-27.33,-6.86,42.88,-15.16,13.85,0,35.86,1.00,0.13,91.23,233.56,931.33,1522.22
Chiroptera,Hipposideridae,Hipposideros,abae,hipposideros abae,-999.00,-999.00,60.50,-999.00,-999.00,-999.00,-999.00,-999.00,-999.00,-999.00,91.24,1.00,-999.00,-999.00,-999.00,1.50,1.00,-999.00,-999.00,-999.00,-999.00,-999.00,-999.00,-999.00,-999,2.00,-999,-999.00,-999.00,-999.00,1297;1658;2151,31.87,-999.00,-999.00,-999.00,3812422.28,9.93,-2.87,3.53,32.12,-13.16,9.48,0,41.35,1.00,0.10,141.01,248.93,1287.07,1586.32
Chiroptera,Hipposideridae,Hipposideros,armiger,hipposideros armiger,-999.00,49.99,89.49,-999.00,-999.00,-999.00,-999.00,-999.00,1.00,-999.00,-999.00,1.00,-999.00,-999.00,-999.00,-999.00,-999.00,-999.00,-999.00,-999.00,-999.00,-999.00,-999.00,-999.00,-999,2.00,3,-999.00,-999.00,-999.00,196;679;1658;2151;2622;2655;2719,-999.00,-999.00,-999.00,-999.00,4465866.75,33.01,1.26,17.13,122.13,77.88,100.01,1,209.75,9.00,0.08,143.35,185.89,1069.98,1300.83
Chiroptera,Hipposideridae,Hipposideros,ater,hipposideros ater,-999.00,5.86,38.99,-999.00,-999.00,380.20,-999.00,-999.00,1.00,-999.00,195.00,1.00,-999.00,-999.00,-999.00,0.99,-999.00,-999.00,1.25,-999.00,-999.00,-999.00,326.81,-999.00,-999,2.00,3,79.20,2.10,-999.00,83;196;632;679;1144;1297;1439;1621;1658;1705;2151;2655;2719,-999.00,-999.00,-999.00,-999.00,5724145.60,28.68,-25.16,1.76,153.01,70.54,111.78,0,205.71,0.00,0.09,148.22,247.89,1040.75,1588.36
Chiroptera,Hipposideridae,Hipposideros,beatus,hipposideros beatus,-999.00,6.70,43.50,-999.00,-999.00,-999.00,-999.00,-999.00,-999.00,-999.00,-999.00,1.00,-999.00,-999.00,-999.00,-999.00,-999.00,-999.00,-999.00,-999.00,-999.00,-999.00,-999.00,-999.00,-999,2.00,-999,-999.00,-999.00,-999.00,1658;2151;2622;2655,-999.00,-999.00,-999.00,-999.00,2114795.09,9.54,-0.65,4.44,30.21,-13.32,8.44,0,50.09,1.00,0.10,147.90,247.98,1292.10,1582.27
Chiroptera,Hipposideridae,Hipposideros,bicolor,hipposideros bicolor,-999.00,8.39,43.79,-999.00,-999.00,-999.00,-999.00,-999.00,1.00,-999.00,42.10,1.00,-999.00,-999.00,-999.00,0.99,-999.00,-999.00,1.20,-999.00,-999.00,-999.00,587.78,-999.00,-999,2.00,3,-999.00,-999.00,-999.00,83;196;679;1297;1439;1658;1705;2143;2151;2295;2655;2719,-999.00,-999.00,-999.00,-999.00,1065065.85,18.65,-10.94,3.85,127.30,95.18,111.24,0,211.81,12.00,0.12,223.81,248.78,1636.15,1771.76
Chiroptera,Hipposideridae,Hipposideros,breviceps,hipposideros breviceps,-999.00,-999.00,44.49,-999.00,-999.00,-999.00,-999.00,-999.00,1.00,-999.00,-999.00,1.00,-999.00,-999.00,-999.00,-999.00,-999.00,-999.00,-999.00,-999.00,-999.00,-999.00,-999.00,-999.00,-999,2.00,3,-999.00,-999.00,-999.00,679;1658;2151,13.21,-999.00,-999.00,-999.00,630.60,-2.50,-2.85,-2.68,100.22,99.95,100.08,43,43.00,43.00,0.34,-999.00,-999.00,-999.00,-999.00
Chiroptera,Hipposideridae,Hipposideros,caffer,hipposideros caffer,-999.00,9.46,46.50,54.99,-999.00,730.00,-999.00,-999.00,1.00,-999.00,139.92,1.00,-999.00,-999.00,-999.00,0.99,1.00,-999.00,2.79,14.89,-999.00,-999.00,581.78,-999.00,-999,2.00,3,73.48,-999.00,-999.00,44;76;196;279;632;1257;1297;1388;1524;1658;1988;2092;2143;2151;2295;2622;2655;2719;2900,-999.00,-999.00,-999.00,-999.00,13549718.44,35.92,-32.97,1.47,52.22,-17.53,17.34,0,39.87,1.00,0.14,88.43,234.64,906.32,1532.23
Chiroptera,Hipposideridae,Hipposideros,calcaratus,hipposideros calcaratus,-999.00,-999.00,50.49,-999.00,-999.00,-999.00,-999.00,-999.00,-999.00,-999.00,-999.00,1.00,-999.00,-999.00,-999.00,-999.00,-999.00,-999.00,-999.00,-999.00,-999.00,-999.00,-999.00,-999.00,-999,2.00,-999,-999.00,-999.00,-999.00,1658;2151;2655,18.99,-999.00,-999.00,-999.00,272468.46,-0.81,-11.85,-6.33,162.39,133.93,148.16,1,11.61,2.00,0.12,280.94,227.30,1668.59,1699.80
Chiroptera,Hipposideridae,Hipposideros,camerunensis,hipposideros camerunensis,-999.00,-999.00,75.00,-999.00,-999.00,-999.00,-999.00,-999.00,-999.00,-999.00,-999.00,1.00,-999.00,-999.00,-999.00,-999.00,-999.00,-999.00,-999.00,-999.00,-999.00,-999.00,-999.00,-999.00,-999,2.00,-999,-999.00,-999.00,-999.00,1658;2151,58.98,-999.00,-999.00,-999.00,336169.30,5.29,-1.22,2.03,35.97,9.02,22.49,1,43.65,2.00,0.14,148.83,232.62,1441.11,1602.42
Chiroptera,Hipposideridae,Hipposideros,cervinus,hipposideros cervinus,-999.00,8.51,45.99,-999.00,-999.00,-999.00,-999.00,-999.00,1.00,-999.00,-999.00,1.00,-999.00,-999.00,-999.00,-999.00,-999.00,-999.00,1.31,-999.00,-999.00,-999.00,-999.00,-999.00,-999,2.00,3,-999.00,-999.00,-999.00,152;196;679;1439;1658;2151;2622;2655,-999.00,-999.00,-999.00,-999.00,1626251.70,9.82,-17.82,-4.00,168.59,95.18,131.89,0,64.92,2.00,0.13,244.20,240.57,1661.60,1745.71
Chiroptera,Hipposideridae,Hipposideros,cineraceus,hipposideros cineraceus,-999.00,3.84,34.92,-999.00,-999.00,-999.00,-999.00,-999.00,1.00,-999.00,-999.00,1.00,-999.00,-999.00,-999.00,0.98,-999.00,-999.00,-999.00,-999.00,-999.00,-999.00,-999.00,-999.00,-999,2.00,3,-999.00,-999.00,-999.00,83;679;1297;1658;2143;2151;2622;2655,-999.00,-999.00,-999.00,-999.00,1962284.84,32.47,-7.01,12.73,122.00,70.81,96.41,1,166.79,9.00,0.09,167.22,228.29,1146.79,1481.11
Chiroptera,Hipposideridae,Hipposideros,commersoni,hipposideros commersoni,1.00,89.99,95.99,127.50,-999.00,882.08,-999.00,-999.00,1.00,-999.00,150.34,1.00,-999.00,-999.00,-999.00,0.99,1.00,-999.00,28.00,-999.00,-999.00,20.00,742.46,-999.00,-999,2.00,3,151.03,-999.00,-999.00,44;196;632;1045;1048;1257;1297;1658;2143;2151;2622;2655;2719,-999.00,-999.00,-999.00,-999.00,17699930.41,17.49,-26.57,-4.54,50.48,-16.82,16.82,0,31.51,1.00,0.13,91.07,241.05,913.23,1553.76
Chiroptera,Hipposideridae,Hipposideros,coronatus,hipposideros coronatus,-999.00,-999.00,46.50,-999.00,-999.00,-999.00,-999.00,-999.00,1.00,-999.00,-999.00,1.00,-999.00,-999.00,-999.00,-999.00,-999.00,-999.00,-999.00,-999.00,-999.00,-999.00,-999.00,-999.00,-999,2.00,3,-999.00,-999.00,-999.00,679;1658;2151,15.00,-999.00,-999.00,-999.00,1063.57,9.82,9.37,9.60,125.70,125.39,125.54,103,161.46,103.00,0.07,281.00,220.00,-999.00,-999.00
Chiroptera,Hipposideridae,Hipposideros,corynophyllus,hipposideros corynophyllus,-999.00,15.07,48.50,-999.00,-999.00,-999.00,-999.00,-999.00,-999.00,-999.00,-999.00,1.00,-999.00,-999.00,-999.00,-999.00,-999.00,-999.00,-999.00,-999.00,-999.00,-999.00,-999.00,-999.00,-999,2.00,-999,-999.00,-999.00,-999.00,1658;2151;2622;2655,-999.00,-999.00,-999.00,-999.00,2289.85,-4.72,-5.25,-4.99,141.97,141.42,141.70,2,3.75,2.00,0.49,281.74,186.00,1742.24,1742.24
Chiroptera,Hipposideridae,Hipposideros,coxi,hipposideros coxi,-999.00,-999.00,53.00,-999.00,-999.00,-999.00,-999.00,-999.00,-999.00,-999.00,-999.00,1.00,-999.00,-999.00,-999.00,-999.00,-999.00,-999.00,-999.00,-999.00,-999.00,-999.00,-999.00,-999.00,-999,2.00,-999,-999.00,-999.00,-999.00,1658;2151,21.82,-999.00,-999.00,-999.00,2636.06,1.45,0.88,1.16,110.78,110.22,110.50,28,38.24,28.00,0.10,280.74,251.25,1605.50,1605.50
Chiroptera,Hipposideridae,Hipposideros,crumeniferus,hipposideros crumeniferus,-999.00,-999.00,53.00,-999.00,-999.00,-999.00,-999.00,-999.00,-999.00,-999.00,-999.00,1.00,-999.00,-999.00,-999.00,-999.00,-999.00,-999.00,-999.00,-999.00,-999.00,-999.00,-999.00,-999.00,-999,2.00,-999,-999.00,-999.00,-999.00,1658;2151,21.82,-999.00,-999.00,-999.00,2424.77,-9.10,-9.63,-9.37,125.15,124.45,124.80,57,65.99,57.00,0.08,97.99,245.20,-999.00,-999.00
Chiroptera,Hipposideridae,Hipposideros,curtus,hipposideros curtus,-999.00,-999.00,44.49,-999.00,-999.00,-999.00,-999.00,-999.00,-999.00,-999.00,-999.00,1.00,-999.00,-999.00,-999.00,-999.00,-999.00,-999.00,-999.00,-999.00,-999.00,-999.00,-999.00,-999.00,-999,2.00,-999,-999.00,-999.00,-999.00,1658;2151,13.21,-999.00,-999.00,-999.00,8853.55,4.29,3.20,3.75,10.86,8.42,9.64,9,93.77,9.00,0.14,257.65,257.33,1283.67,1519.34
Chiroptera,Hipposideridae,Hipposideros,cyclops,hipposideros cyclops,-999.00,32.92,64.74,75.99,-999.00,-999.00,-999.00,-999.00,-999.00,-999.00,106.45,1.00,-999.00,-999.00,-999.00,1.00,1.00,-999.00,-999.00,-999.00,-999.00,-999.00,-999.00,-999.00,-999,2.00,-999,116.92,-999.00,-999.00,632;892;1297;1658;2151;2399;2622;2655,-999.00,-999.00,-999.00,-999.00,3655886.68,13.44,-6.38,3.52,35.78,-16.82,9.47,0,51.81,1.00,0.12,149.42,243.95,1326.61,1553.25
Chiroptera,Hipposideridae,Hipposideros,demissus,hipposideros demissus,-999.00,-999.00,-999.00,-999.00,-999.00,-999.00,-999.00,-999.00,-999.00,-999.00,-999.00,-999.00,-999.00,-999.00,-999.00,-999.00,-999.00,-999.00,-999.00,-999.00,-999.00,-999.00,-999.00,-999.00,-999,-999.00,-999,-999.00,-999.00,-999.00,-999,-999.00,-999.00,-999.00,-999.00,3352.82,-10.17,-10.85,-10.51,162.39,161.25,161.82,13,13.00,13.00,0.18,225.00,257.00,-999.00,-999.00
Chiroptera,Hipposideridae,Hipposideros,diadema,hipposideros diadema,-999.00,46.90,88.69,-999.00,-999.00,-999.00,-999.00,-999.00,1.00,-999.00,-999.00,1.00,-999.00,-999.00,-999.00,1.00,-999.00,-999.00,-999.00,-999.00,-999.00,-999.00,-999.00,-999.00,-999,2.00,3,-999.00,-999.00,-999.00,76;83;196;679;1297;1439;1621;1658;2143;2151;2622;2655;2719,-999.00,-999.00,-999.00,-999.00,3232983.89,18.65,-18.90,-0.12,161.39,93.45,127.42,0,119.34,2.00,0.12,221.44,243.75,1532.13,1714.70
Chiroptera,Hipposideridae,Hipposideros,dinops,hipposideros dinops,-999.00,-999.00,95.00,-999.00,-999.00,-999.00,-999.00,-999.00,1.00,-999.00,-999.00,1.00,-999.00,-999.00,-999.00,-999.00,-999.00,-999.00,-999.00,-999.00,-999.00,-999.00,-999.00,-999.00,-999,2.00,3,-999.00,-999.00,-999.00,679;1658;2151,116.08,-999.00,-999.00,-999.00,16310.89,-6.02,-9.94,-7.98,161.39,155.13,158.26,13,13.29,13.00,0.17,193.88,261.50,-999.00,-999.00
Chiroptera,Hipposideridae,Hipposideros,doriae,hipposideros doriae,-999.00,4.24,37.50,-999.00,-999.00,-999.00,-999.00,-999.00,1.00,-999.00,-999.00,1.00,-999.00,-999.00,-999.00,-999.00,-999.00,-999.00,-999.00,-999.00,-999.00,-999.00,-999.00,-999.00,-999,2.00,3,-999.00,-999.00,-999.00,679;1658;2151;2622;2655,-999.00,-999.00,-999.00,-999.00,28807.06,4.42,2.34,3.38,115.26,113.42,114.34,1,6.99,1.00,0.14,295.21,229.26,1697.17,1697.17
Chiroptera,Hipposideridae,Hipposideros,durgadasi,hipposideros durgadasi,-999.00,-999.00,-999.00,-999.00,-999.00,-999.00,-999.00,-999.00,-999.00,-999.00,-999.00,-999.00,-999.00,-999.00,-999.00,-999.00,-999.00,-999.00,-999.00,-999.00,-999.00,-999.00,-999.00,-999.00,-999,-999.00,-999,-999.00,-999.00,-999.00,-999,-999.00,-999.00,-999.00,-999.00,18651.07,23.57,22.13,22.85,80.41,78.97,79.69,90,165.69,90.00,0.09,115.65,248.78,726.58,1419.71
Chiroptera,Hipposideridae,Hipposideros,dyacorum,hipposideros dyacorum,-999.00,-999.00,40.50,-999.00,-999.00,-999.00,-999.00,-999.00,1.00,-999.00,-999.00,1.00,-999.00,-999.00,-999.00,-999.00,-999.00,-999.00,-999.00,-999.00,-999.00,-999.00,-999.00,-999.00,-999,2.00,3,-999.00,-999.00,-999.00,679;1658;2151,10.09,-999.00,-999.00,-999.00,343384.42,6.38,-1.00,2.69,117.85,101.77,109.81,1,14.27,3.00,0.18,275.18,232.75,1683.26,1699.53
Chiroptera,Hipposideridae,Hipposideros,edwardshilli,hipposideros edwardshilli,-999.00,-999.00,-999.00,-999.00,-999.00,-999.00,-999.00,-999.00,-999.00,-999.00,-999.00,-999.00,-999.00,-999.00,-999.00,-999.00,-999.00,-999.00,-999.00,-999.00,-999.00,-999.00,-999.00,-999.00,-999,-999.00,-999,-999.00,-999.00,-999.00,-999,-999.00,-999.00,-999.00,-999.00,627.82,-3.02,-3.29,-3.16,141.36,141.03,141.20,5,5.00,5.00,0.25,208.00,309.00,1720.00,1983.00
Chiroptera,Hipposideridae,Hipposideros,fuliginosus,hipposideros fuliginosus,-999.00,-999.00,59.99,-999.00,-999.00,-999.00,-999.00,-999.00,-999.00,-999.00,-999.00,1.00,-999.00,-999.00,-999.00,-999.00,-999.00,-999.00,-999.00,-999.00,-999.00,-999.00,-999.00,-999.00,-999,2.00,-999,-999.00,-999.00,-999.00,1658;2151,31.11,-999.00,-999.00,-999.00,1904203.28,9.81,0.15,4.98,38.97,-12.34,13.31,1,54.28,2.00,0.11,135.82,245.43,1297.66,1561.36
Chiroptera,Hipposideridae,Hipposideros,fulvus,hipposideros fulvus,-999.00,8.83,40.87,-999.00,-999.00,719.86,-999.00,-999.00,1.00,-999.00,161.65,1.00,-999.00,-999.00,-999.00,1.00,1.00,144.00,2.34,-999.00,-999.00,-999.00,551.01,-999.00,-999,2.00,3,36.58,4.50,-999.00,83;196;543;632;679;1149;1297;1549;1550;1658;1705;1858;2151;2655,-999.00,-999.00,-999.00,-999.00,3335652.43,34.99,5.91,20.45,94.00,58.44,76.22,4,325.04,10.00,0.10,85.87,245.52,689.19,1429.78
Chiroptera,Hipposideridae,Hipposideros,galeritus,hipposideros galeritus,-999.00,10.17,45.99,-999.00,-999.00,-999.00,9.35,8.50,2.00,-999.00,-999.00,1.00,-999.00,-999.00,-999.00,0.99,1.00,-999.00,-999.00,-999.00,-999.00,1.00,-999.00,1.00,-999,2.00,2,-999.00,-999.00,-999.00,196;679;1297;1384;1388;1483;1658;1822;1948;2151;2655;2719;3023,-999.00,-999.00,-999.00,-999.00,1820493.51,24.98,-8.11,8.43,126.07,70.75,98.41,1,248.93,5.00,0.11,134.93,253.27,987.28,1572.11
Chiroptera,Hipposideridae,Hipposideros,gigas,hipposideros gigas,-999.00,115.42,-999.00,-999.00,-999.00,-999.00,-999.00,-999.00,-999.00,-999.00,-999.00,-999.00,-999.00,-999.00,-999.00,1.00,-999.00,-999.00,28.00,-999.00,-999.00,-999.00,-999.00,-999.00,-999,-999.00,-999,-999.00,-999.00,-999.00,1705,-999.00,-999.00,-999.00,-999.00,12658088.24,16.86,-23.11,-3.12,44.57,-17.53,13.51,0,38.79,1.00,0.13,96.31,237.17,945.17,1541.91
Chiroptera,Hipposideridae,Hipposideros,grandis,hipposideros grandis,-999.00,-999.00,-999.00,-999.00,-999.00,-999.00,-999.00,-999.00,-999.00,-999.00,-999.00,-999.00,-999.00,-999.00,-999.00,-999.00,-999.00,-999.00,-999.00,-999.00,-999.00,-999.00,-999.00,-999.00,-999,-999.00,-999,-999.00,-999.00,-999.00,-999,-999.00,-999.00,-999.00,-999.00,315496.46,23.03,18.32,20.68,105.73,94.86,100.29,6,73.43,10.00,0.09,112.86,216.31,1049.50,1427.97
Chiroptera,Hipposideridae,Hipposideros,halophyllus,hipposideros halophyllus,-999.00,4.00,37.00,-999.00,-999.00,-999.00,-999.00,-999.00,1.00,-999.00,-999.00,1.00,-999.00,-999.00,-999.00,-999.00,-999.00,-999.00,-999.00,-999.00,-999.00,-999.00,-999.00,-999.00,-999,2.00,3,-999.00,-999.00,-999.00,196;679;1658;2151;2655,-999.00,-999.00,-999.00,-999.00,15830.68,14.30,12.06,13.18,101.26,99.53,100.39,64,385.81,64.00,0.05,161.08,267.80,1225.29,1682.41
Chiroptera,Hipposideridae,Hipposideros,hypophyllus,hipposideros hypophyllus,-999.00,-999.00,-999.00,-999.00,-999.00,-999.00,-999.00,-999.00,-999.00,-999.00,-999.00,-999.00,-999.00,-999.00,-999.00,-999.00,-999.00,-999.00,-999.00,-999.00,-999.00,-999.00,-999.00,-999.00,-999,-999.00,-999,-999.00,-999.00,-999.00,-999,-999.00,-999.00,-999.00,-999.00,78200.16,14.27,11.25,12.76,79.33,76.10,77.72,137,317.49,155.00,0.07,68.86,252.80,906.30,1586.03
Chiroptera,Hipposideridae,Hipposideros,inexpectatus,hipposideros inexpectatus,-999.00,-999.00,100.49,-999.00,-999.00,-999.00,-999.00,-999.00,1.00,-999.00,-999.00,1.00,-999.00,-999.00,-999.00,-999.00,-999.00,-999.00,-999.00,-999.00,-999.00,-999.00,-999.00,-999.00,-999,2.00,3,-999.00,-999.00,-999.00,679;1658;2151,136.34,-999.00,-999.00,-999.00,8430.51,-0.97,-1.84,-1.40,122.21,120.71,121.46,17,20.55,17.00,0.11,231.85,205.57,1800.66,1887.16
Chiroptera,Hipposideridae,Hipposideros,inornatus,hipposideros inornatus,-999.00,25.90,71.10,-999.00,-999.00,-999.00,-999.00,-999.00,-999.00,-999.00,-999.00,-999.00,-999.00,-999.00,-999.00,-999.00,-999.00,-999.00,-999.00,-999.00,-999.00,-999.00,-999.00,-999.00,-999,-999.00,-999,-999.00,-999.00,-999.00,1935,-999.00,-999.00,-999.00,-999.00,48918.55,-11.88,-14.06,-12.97,133.27,130.54,131.90,0,7.20,0.00,6.6822413858038e-03,106.09,270.01,928.52,1887.62
Chiroptera,Hipposideridae,Hipposideros,jonesi,hipposideros jonesi,-999.00,5.49,49.50,-999.00,-999.00,-999.00,-999.00,-999.00,-999.00,-999.00,-999.00,1.00,-999.00,-999.00,-999.00,-999.00,-999.00,-999.00,-999.00,-999.00,-999.00,-999.00,-999.00,-999.00,-999,2.00,-999,-999.00,-999.00,-999.00,1658;2151;2622;2655,-999.00,-999.00,-999.00,-999.00,837179.20,11.17,5.61,8.39,4.86,-12.84,-3.98,3,53.15,7.00,0.11,129.51,263.47,1141.60,1571.73
Chiroptera,Hipposideridae,Hipposideros,lamottei,hipposideros lamottei,-999.00,-999.00,55.50,-999.00,-999.00,-999.00,-999.00,-999.00,-999.00,-999.00,-999.00,1.00,-999.00,-999.00,-999.00,-999.00,-999.00,-999.00,-999.00,-999.00,-999.00,-999.00,-999.00,-999.00,-999,2.00,-999,-999.00,-999.00,-999.00,1658;2151,24.90,-999.00,-999.00,-999.00,452875.30,9.89,5.71,7.80,0.02,-12.36,-6.17,3,45.56,5.00,0.10,141.30,259.36,1223.53,1546.69
Chiroptera,Hipposideridae,Hipposideros,lankadiva,hipposideros lankadiva,-999.00,44.76,83.50,-999.00,-999.00,-999.00,-999.00,-999.00,1.00,-999.00,257.02,1.00,-999.00,-999.00,-999.00,0.99,1.00,-999.00,8.71,-999.00,-999.00,-999.00,510.44,-999.00,-999,2.00,3,82.72,-999.00,-999.00,196;632;679;1297;1590;1658;2151;2622;2655,-999.00,-999.00,-999.00,-999.00,2165475.54,27.43,5.91,16.67,90.83,72.50,81.66,22,357.13,94.00,0.09,102.77,255.10,807.22,1486.90
Chiroptera,Hipposideridae,Hipposideros,larvatus,hipposideros larvatus,-999.00,19.95,59.99,-999.00,-999.00,-999.00,-999.00,-999.00,1.00,-999.00,-999.00,1.00,-999.00,-999.00,-999.00,0.98,-999.00,-999.00,3.75,-999.00,-999.00,-999.00,-999.00,-999.00,-999,2.00,3,-999.00,-999.00,-999.00,196;679;1297;1658;2151;2655;2719,-999.00,-999.00,-999.00,-999.00,3785609.68,27.47,-10.37,8.55,127.30,87.94,107.62,1,177.89,9.00,0.09,176.61,229.17,1257.98,1511.20
Chiroptera,Hipposideridae,Hipposideros,lekaguli,hipposideros lekaguli,-999.00,31.08,75.49,-999.00,-999.00,-999.00,-999.00,-999.00,1.00,-999.00,-999.00,1.00,-999.00,-999.00,-999.00,-999.00,-999.00,-999.00,-999.00,-999.00,-999.00,-999.00,-999.00,-999.00,-999,2.00,3,-999.00,-999.00,-999.00,196;679;1658;2151;2622;2655,-999.00,-999.00,-999.00,-999.00,200167.27,18.65,5.06,11.85,124.19,98.50,111.34,7,223.72,18.00,0.08,218.84,247.95,1392.02,1766.37
Chiroptera,Hipposideridae,Hipposideros,lylei,hipposideros lylei,-999.00,40.00,78.50,-999.00,-999.00,-999.00,-999.00,-999.00,1.00,-999.00,-999.00,1.00,-999.00,-999.00,-999.00,-999.00,-999.00,-999.00,-999.00,-999.00,-999.00,-999.00,-999.00,-999.00,-999,2.00,3,-999.00,-999.00,-999.00,679;1658;2151;2622;2655,-999.00,-999.00,-999.00,-999.00,428641.22,22.25,2.16,12.21,103.40,96.41,99.90,3,72.84,8.00,0.08,161.24,237.94,1227.28,1642.42
Chiroptera,Hipposideridae,Hipposideros,macrobullatus,hipposideros macrobullatus,-999.00,-999.00,41.49,-999.00,-999.00,-999.00,-999.00,-999.00,1.00,-999.00,-999.00,1.00,-999.00,-999.00,-999.00,-999.00,-999.00,-999.00,-999.00,-999.00,-999.00,-999.00,-999.00,-999.00,-999,2.00,3,-999.00,-999.00,-999.00,679;1658;2151,10.82,-999.00,-999.00,-999.00,2348.21,-2.84,-7.01,-4.92,129.58,115.19,122.39,23,204.50,23.00,0.03,256.52,227.00,-999.00,-999.00
Chiroptera,Hipposideridae,Hipposideros,madurae,hipposideros madurae,-999.00,-999.00,-999.00,-999.00,-999.00,-999.00,-999.00,-999.00,-999.00,-999.00,-999.00,-999.00,-999.00,-999.00,-999.00,-999.00,-999.00,-999.00,-999.00,-999.00,-999.00,-999.00,-999.00,-999.00,-999,-999.00,-999,-999.00,-999.00,-999.00,-999,-999.00,-999.00,-999.00,-999.00,44856.12,-6.81,-8.23,-7.52,114.12,107.62,110.87,427,838.31,460.00,0.02,181.70,245.07,1285.18,1539.87
Chiroptera,Hipposideridae,Hipposideros,maggietaylorae,hipposideros maggietaylorae,-999.00,16.10,59.00,-999.00,-999.00,-999.00,-999.00,-999.00,-999.00,-999.00,-999.00,1.00,-999.00,-999.00,-999.00,-999.00,-999.00,-999.00,-999.00,-999.00,-999.00,-999.00,-999.00,-999.00,-999,2.00,-999,-999.00,-999.00,-999.00,196;1658;2151;2622;2655,-999.00,-999.00,-999.00,-999.00,319262.26,-0.75,-10.02,-5.39,152.49,130.39,141.44,1,9.42,1.00,0.10,296.47,226.29,1659.84,1690.03
Chiroptera,Hipposideridae,Hipposideros,marisae,hipposideros marisae,-999.00,-999.00,40.50,-999.00,-999.00,-999.00,-999.00,-999.00,-999.00,-999.00,-999.00,1.00,-999.00,-999.00,-999.00,-999.00,-999.00,-999.00,-999.00,-999.00,-999.00,-999.00,-999.00,-999.00,-999,2.00,-999,-999.00,-999.00,-999.00,1658;2151,10.09,-999.00,-999.00,-999.00,32672.05,8.29,6.57,7.43,-7.15,-9.93,-8.54,5,29.89,5.00,0.02,172.74,239.73,1279.73,1454.89
Chiroptera,Hipposideridae,Hipposideros,megalotis,hipposideros megalotis,-999.00,-999.00,35.99,-999.00,-999.00,-999.00,-999.00,-999.00,-999.00,-999.00,-999.00,1.00,-999.00,-999.00,-999.00,-999.00,-999.00,-999.00,-999.00,-999.00,-999.00,-999.00,-999.00,-999.00,-999,2.00,-999,-999.00,-999.00,-999.00,1658;2151,7.20,-999.00,-999.00,-999.00,186129.96,15.59,-0.61,7.48,39.78,36.00,37.89,20,125.11,28.00,0.15,82.36,174.69,884.51,1463.93
Chiroptera,Hipposideridae,Hipposideros,muscinus,hipposideros muscinus,-999.00,-999.00,45.50,-999.00,-999.00,-999.00,-999.00,-999.00,-999.00,-999.00,-999.00,1.00,-999.00,-999.00,-999.00,-999.00,-999.00,-999.00,-999.00,-999.00,-999.00,-999.00,-999.00,-999.00,-999,2.00,-999,-999.00,-999.00,-999.00,1658;2151,14.09,-999.00,-999.00,-999.00,239509.29,-4.84,-9.72,-7.28,147.89,138.45,143.17,1,8.34,1.00,0.17,268.65,226.75,1636.57,1664.98
Chiroptera,Hipposideridae,Hipposideros,nequam,hipposideros nequam,-999.00,-999.00,45.50,-999.00,-999.00,-999.00,-999.00,-999.00,-999.00,-999.00,-999.00,1.00,-999.00,-999.00,-999.00,-999.00,-999.00,-999.00,-999.00,-999.00,-999.00,-999.00,-999.00,-999.00,-999,2.00,-999,-999.00,-999.00,-999.00,1658;2151,14.09,-999.00,-999.00,-999.00,68.95,3.07,2.99,3.03,101.49,101.40,101.45,299,361.01,299.00,0.21,167.00,267.00,1626.00,1964.00
Chiroptera,Hipposideridae,Hipposideros,obscurus,hipposideros obscurus,-999.00,9.60,42.50,-999.00,-999.00,-999.00,-999.00,-999.00,1.00,-999.00,-999.00,1.00,-999.00,-999.00,-999.00,-999.00,-999.00,-999.00,-999.00,-999.00,-999.00,-999.00,-999.00,-999.00,-999,2.00,3,-999.00,-999.00,-999.00,679;1439;1658;2151;2655,-999.00,-999.00,-999.00,-999.00,219776.44,18.65,5.55,12.10,126.60,119.74,123.17,19,240.89,35.00,0.09,199.60,241.24,1471.18,1731.81
Chiroptera,Hipposideridae,Hipposideros,orbiculus,hipposideros orbiculus,-999.00,-999.00,-999.00,-999.00,-999.00,-999.00,-999.00,-999.00,-999.00,-999.00,-999.00,-999.00,-999.00,-999.00,-999.00,-999.00,-999.00,-999.00,-999.00,-999.00,-999.00,-999.00,-999.00,-999.00,-999,-999.00,-999,-999.00,-999.00,-999.00,-999,-999.00,-999.00,-999.00,-999.00,1442.51,3.46,-1.15,1.15,101.83,101.23,101.53,36,322.29,36.00,0.15,252.04,257.99,1662.02,1851.41
Chiroptera,Hipposideridae,Hipposideros,papua,hipposideros papua,-999.00,-999.00,50.49,-999.00,-999.00,-999.00,-999.00,-999.00,1.00,-999.00,-999.00,1.00,-999.00,-999.00,-999.00,-999.00,-999.00,-999.00,-999.00,-999.00,-999.00,-999.00,-999.00,-999.00,-999,2.00,3,-999.00,-999.00,-999.00,679;1658;2151,18.99,-999.00,-999.00,-999.00,25011.58,2.22,-1.66,0.28,136.38,127.28,131.83,5,23.99,5.00,0.06,202.64,250.07,1719.24,1797.00
Chiroptera,Hipposideridae,Hipposideros,pelingensis,hipposideros pelingensis,-999.00,-999.00,-999.00,-999.00,-999.00,-999.00,-999.00,-999.00,-999.00,-999.00,-999.00,-999.00,-999.00,-999.00,-999.00,-999.00,-999.00,-999.00,-999.00,-999.00,-999.00,-999.00,-999.00,-999.00,-999,-999.00,-999,-999.00,-999.00,-999.00,-999,-999.00,-999.00,-999.00,-999.00,5493.35,-1.15,-5.13,-3.14,123.55,119.58,121.56,31,65.91,31.00,0.06,240.34,219.34,-999.00,-999.00
Chiroptera,Hipposideridae,Hipposideros,pomona,hipposideros pomona,-999.00,6.20,40.50,-999.00,-999.00,-999.00,-999.00,-999.00,1.00,-999.00,-999.00,1.00,-999.00,-999.00,-999.00,-999.00,-999.00,-999.00,-999.00,-999.00,-999.00,-999.00,-999.00,-999.00,-999,2.00,3,-999.00,-999.00,-999.00,83;196;679;1658;2151;2655,-999.00,-999.00,-999.00,-999.00,3983753.98,28.82,4.16,16.49,121.79,75.45,98.62,1,207.07,9.00,0.08,141.93,213.41,1046.44,1402.51
Chiroptera,Hipposideridae,Hipposideros,pratti,hipposideros pratti,-999.00,-999.00,84.99,-999.00,-999.00,-999.00,-999.00,-999.00,1.00,-999.00,-999.00,1.00,-999.00,-999.00,-999.00,-999.00,-999.00,-999.00,-999.00,-999.00,-999.00,-999.00,-999.00,-999.00,-999,2.00,3,-999.00,-999.00,-999.00,679;1658;2151,84.38,-999.00,-999.00,-999.00,2681527.23,33.99,2.27,18.13,122.13,96.43,109.28,5,264.97,16.00,0.06,115.17,160.52,1026.42,1143.62
Chiroptera,Hipposideridae,Hipposideros,pygmaeus,hipposideros pygmaeus,-999.00,3.53,38.00,-999.00,-999.00,-999.00,-999.00,-999.00,1.00,-999.00,-999.00,1.00,-999.00,-999.00,-999.00,-999.00,-999.00,-999.00,-999.00,-999.00,-999.00,-999.00,-999.00,-999.00,-999,2.00,3,-999.00,-999.00,-999.00,679;1439;1658;2151;2655,-999.00,-999.00,-999.00,-999.00,134870.52,18.65,9.03,13.84,124.60,119.74,122.17,19,303.66,32.00,0.08,216.76,244.73,1395.99,1729.92
Chiroptera,Hipposideridae,Hipposideros,ridleyi,hipposideros ridleyi,-999.00,9.59,46.89,-999.00,-999.00,-999.00,-999.00,-999.00,1.00,-999.00,-999.00,1.00,-999.00,-999.00,-999.00,0.98,2.00,-999.00,-999.00,-999.00,-999.00,-999.00,-999.00,-999.00,-999,2.00,3,-999.00,-999.00,-999.00,196;679;1015;1162;1297;1658;2151;2655;2719,-999.00,-999.00,-999.00,-999.00,178832.48,6.10,0.66,3.38,118.78,101.55,110.17,1,70.12,2.00,0.18,268.14,237.02,1685.09,1735.06
Chiroptera,Hipposideridae,Hipposideros,rotalis,hipposideros rotalis,-999.00,-999.00,-999.00,-999.00,-999.00,-999.00,-999.00,-999.00,-999.00,-999.00,-999.00,-999.00,-999.00,-999.00,-999.00,-999.00,-999.00,-999.00,-999.00,-999.00,-999.00,-999.00,-999.00,-999.00,-999,-999.00,-999,-999.00,-999.00,-999.00,-999,-999.00,-999.00,-999.00,-999.00,20917.08,19.10,17.83,18.47,105.05,102.39,103.72,5,44.38,5.00,0.12,139.93,214.09,1020.33,1301.45
Chiroptera,Hipposideridae,Hipposideros,ruber,hipposideros ruber,-999.00,10.61,49.55,-999.00,-999.00,-999.00,-999.00,-999.00,-999.00,-999.00,92.54,1.00,-999.00,-999.00,-999.00,1.00,-999.00,-999.00,-999.00,-999.00,-999.00,-999.00,-999.00,-999.00,-999,2.00,-999,-999.00,-999.00,-999.00,76;196;1257;1297;1524;1658;2151;2399;2655,-999.00,-999.00,-999.00,-999.00,6919468.79,12.93,-11.62,0.65,42.42,-15.51,13.45,0,47.20,1.00,0.13,122.62,233.60,1174.67,1540.64
Chiroptera,Hipposideridae,Hipposideros,scutinares,hipposideros scutinares,-999.00,-999.00,-999.00,-999.00,-999.00,-999.00,-999.00,-999.00,-999.00,-999.00,-999.00,-999.00,-999.00,-999.00,-999.00,-999.00,-999.00,-999.00,-999.00,-999.00,-999.00,-999.00,-999.00,-999.00,-999,-999.00,-999,-999.00,-999.00,-999.00,-999,-999.00,-999.00,-999.00,-999.00,-999.00,-999.00,-999.00,-999.00,-999.00,-999.00,-999.00,-999,-999.00,-999.00,-999.00,-999.00,-999.00,-999.00,-999.00
Chiroptera,Hipposideridae,Hipposideros,semoni,hipposideros semoni,-999.00,14.00,45.50,-999.00,-999.00,-999.00,-999.00,-999.00,-999.00,-999.00,-999.00,1.00,-999.00,-999.00,-999.00,-999.00,-999.00,-999.00,-999.00,-999.00,-999.00,-999.00,-999.00,-999.00,-999,2.00,-999,-999.00,-999.00,-999.00,1658;2151;2622;2655,-999.00,-999.00,-999.00,-999.00,159686.83,-6.31,-24.85,-15.58,152.03,142.12,147.08,0,5.70,0.00,0.08,132.29,228.49,1065.37,1671.91
Chiroptera,Hipposideridae,Hipposideros,sorenseni,hipposideros sorenseni,-999.00,-999.00,-999.00,-999.00,-999.00,-999.00,-999.00,-999.00,-999.00,-999.00,-999.00,-999.00,-999.00,-999.00,-999.00,-999.00,-999.00,-999.00,-999.00,-999.00,-999.00,-999.00,-999.00,-999.00,-999,-999.00,-999,-999.00,-999.00,-999.00,-999,-999.00,-999.00,-999.00,-999.00,42857.48,-6.22,-7.78,-7.00,110.63,106.02,108.33,270,1055.21,444.00,0.06,215.54,245.40,1538.94,1708.62
Chiroptera,Hipposideridae,Hipposideros,speoris,hipposideros speoris,-999.00,10.39,51.49,-999.00,10.00,443.57,-999.00,-999.00,1.00,-999.00,139.13,1.00,-999.00,-999.00,-999.00,0.99,1.00,-999.00,2.10,-999.00,-999.00,300.00,271.84,-999.00,-999,2.00,3,48.38,6.31,-999.00,83;196;632;679;1146;1207;1297;1384;1453;1658;1784;2143;2151;2504;2655;3023,-999.00,-999.00,-999.00,-999.00,1072136.01,30.46,5.91,18.18,86.60,71.87,79.24,22,370.00,90.00,0.08,96.08,262.41,857.62,1583.28
Chiroptera,Hipposideridae,Hipposideros,stenotis,hipposideros stenotis,-999.00,12.00,43.50,-999.00,-999.00,-999.00,-999.00,-999.00,-999.00,-999.00,-999.00,1.00,-999.00,-999.00,-999.00,-999.00,-999.00,-999.00,-999.00,-999.00,-999.00,-999.00,-999.00,-999.00,-999,2.00,-999,-999.00,-999.00,-999.00,1658;2151;2622;2655,-999.00,-999.00,-999.00,-999.00,492128.37,-11.11,-19.69,-15.40,139.25,123.42,131.33,0,0.89,0.00,3.12463989450629e-03,73.89,266.84,789.95,1759.11
Chiroptera,Hipposideridae,Hipposideros,sumbae,hipposideros sumbae,-999.00,-999.00,-999.00,-999.00,-999.00,-999.00,-999.00,-999.00,-999.00,-999.00,-999.00,-999.00,-999.00,-999.00,-999.00,-999.00,-999.00,-999.00,-999.00,-999.00,-999.00,-999.00,-999.00,-999.00,-999,-999.00,-999,-999.00,-999.00,-999.00,-999,-999.00,-999.00,-999.00,-999.00,41062.47,-8.06,-10.94,-9.50,123.49,116.71,120.10,0,98.33,23.00,0.07,254.68,239.77,-999.00,-999.00
Chiroptera,Hipposideridae,Hipposideros,thomensis,hipposideros thomensis,-999.00,-999.00,-999.00,-999.00,-999.00,-999.00,-999.00,-999.00,-999.00,-999.00,-999.00,-999.00,-999.00,-999.00,-999.00,-999.00,-999.00,-999.00,-999.00,-999.00,-999.00,-999.00,-999.00,-999.00,-999,-999.00,-999,-999.00,-999.00,-999.00,-999,-999.00,-999.00,-999.00,-999.00,862.58,0.41,0.02,0.22,6.76,6.47,6.61,144,144.00,144.00,0.11,-999.00,-999.00,-999.00,-999.00
Chiroptera,Hipposideridae,Hipposideros,turpis,hipposideros turpis,-999.00,33.31,73.49,-999.00,-999.00,-999.00,-999.00,-999.00,1.00,-999.00,-999.00,1.00,-999.00,-999.00,-999.00,1.00,-999.00,-999.00,3.00,-999.00,-999.00,-999.00,-999.00,-999.00,-999,2.00,3,-999.00,-999.00,-999.00,196;679;1297;1658;2151;2622;2655,-999.00,-999.00,-999.00,-999.00,293300.80,24.60,7.83,16.21,124.34,98.65,111.49,5,158.90,10.00,0.07,157.37,246.42,1123.73,1536.81
Chiroptera,Hipposideridae,Hipposideros,vittatus,hipposideros vittatus,-999.00,-999.00,-999.00,-999.00,-999.00,-999.00,-999.00,-999.00,-999.00,-999.00,-999.00,-999.00,-999.00,-999.00,-999.00,-999.00,-999.00,-999.00,-999.00,-999.00,-999.00,-999.00,-999.00,-999.00,-999,-999.00,-999,-999.00,-999.00,-999.00,-999,-999.00,-999.00,-999.00,-999.00,12658503.07,16.86,-23.11,-3.12,44.57,-17.53,13.51,0,38.99,1.00,0.13,96.31,237.17,945.17,1541.91
Chiroptera,Hipposideridae,Hipposideros,wollastoni,hipposideros wollastoni,-999.00,6.93,42.50,-999.00,-999.00,-999.00,-999.00,-999.00,-999.00,-999.00,-999.00,1.00,-999.00,-999.00,-999.00,-999.00,-999.00,-999.00,-999.00,-999.00,-999.00,-999.00,-999.00,-999.00,-999,2.00,-999,-999.00,-999.00,-999.00,1658;2151;2622;2655,-999.00,-999.00,-999.00,-999.00,98200.95,-3.15,-7.28,-5.21,144.52,136.97,140.74,1,5.52,1.00,0.18,267.81,241.03,1695.36,1700.01
Artiodactyla,Bovidae,Hippotragus,equinus,hippotragus equinus,3.00,264173.96,-999.00,1150.00,-999.00,1049.37,-999.00,-999.00,5.00,-999.00,278.23,1.00,-999.00,-999.00,317.00,0.98,-999.00,240.00,16412.18,-999.00,0.96,-999.00,841.82,12.00,4,1.00,1,119.27,-999.00,-999.00,543;730;859;869;1297;1525;1848;2629;2655;2693;2986,-999.00,1.18,-999.00,-999.00,8018853.26,16.13,-25.30,-4.58,38.45,-17.53,10.45,0,30.36,1.00,0.13,89.35,240.77,884.32,1551.46
Artiodactyla,Bovidae,Hippotragus,leucophaeus,hippotragus leucophaeus,-999.00,149999.99,-999.00,-999.00,-999.00,-999.00,-999.00,-999.00,-999.00,-999.00,-999.00,-999.00,-999.00,-999.00,-999.00,-999.00,-999.00,-999.00,-999.00,-999.00,-999.00,-999.00,-999.00,-999.00,-999,-999.00,-999,-999.00,-999.00,-999.00,2655,-999.00,-999.00,-999.00,-999.00,-999.00,-999.00,-999.00,-999.00,-999.00,-999.00,-999.00,-999,-999.00,-999.00,-999.00,-999.00,-999.00,-999.00,-999.00
Artiodactyla,Bovidae,Hippotragus,niger,hippotragus niger,3.00,236405.90,-999.00,2035.00,-999.00,983.37,-999.00,-999.00,5.00,-999.00,272.87,1.00,-999.00,-999.00,365.00,1.00,-999.00,267.00,16412.18,-999.00,1.30,-999.00,972.17,15.00,4,1.00,1,210.73,-999.00,-999.00,543;730;869;1297;1525;1594;1848;2629;2655;2693;2986,-999.00,1.10,-999.00,-999.00,3149646.92,-1.84,-25.41,-13.63,40.84,16.24,28.54,0,28.14,2.00,0.16,80.83,221.46,857.47,1492.34
Chiroptera,Vespertilionidae,Histiotus,alienus,histiotus alienus,-999.00,-999.00,-999.00,-999.00,-999.00,-999.00,-999.00,-999.00,1.00,-999.00,-999.00,1.00,-999.00,-999.00,-999.00,-999.00,-999.00,-999.00,-999.00,-999.00,-999.00,-999.00,-999.00,-999.00,-999,2.00,3,-999.00,-999.00,-999.00,890;2151,-999.00,-999.00,-999.00,-999.00,442813.05,-25.53,-34.49,-30.01,-48.36,-57.42,-52.89,3,37.22,5.00,0.05,120.65,171.33,1056.51,1159.09
Chiroptera,Vespertilionidae,Histiotus,humboldti,histiotus humboldti,-999.00,-999.00,-999.00,-999.00,-999.00,-999.00,-999.00,-999.00,-999.00,-999.00,-999.00,-999.00,-999.00,-999.00,-999.00,-999.00,-999.00,-999.00,-999.00,-999.00,-999.00,-999.00,-999.00,-999.00,-999,-999.00,-999,-999.00,-999.00,-999.00,-999,-999.00,-999.00,-999.00,-999.00,-999.00,-999.00,-999.00,-999.00,-999.00,-999.00,-999.00,-999,-999.00,-999.00,-999.00,-999.00,-999.00,-999.00,-999.00
Chiroptera,Vespertilionidae,Histiotus,laephotis,histiotus laephotis,-999.00,-999.00,-999.00,-999.00,-999.00,-999.00,-999.00,-999.00,-999.00,-999.00,-999.00,-999.00,-999.00,-999.00,-999.00,-999.00,-999.00,-999.00,-999.00,-999.00,-999.00,-999.00,-999.00,-999.00,-999,-999.00,-999,-999.00,-999.00,-999.00,-999,-999.00,-999.00,-999.00,-999.00,974450.52,-9.57,-25.44,-17.51,-63.36,-78.38,-70.87,0,28.16,0.00,0.07,50.58,61.41,554.19,1287.01
Chiroptera,Vespertilionidae,Histiotus,macrotus,histiotus macrotus,-999.00,11.00,48.50,-999.00,-999.00,-999.00,-999.00,-999.00,1.00,-999.00,-999.00,2.00,-999.00,-999.00,-999.00,0.98,-999.00,-999.00,-999.00,-999.00,-999.00,-999.00,-999.00,-999.00,-999,2.00,3,-999.00,-999.00,-999.00,890;1297;1658;2151;2622;2655,-999.00,-999.00,-999.00,-999.00,1199544.41,-24.82,-44.39,-34.61,-63.27,-73.99,-68.63,0,20.25,0.00,0.08,41.90,102.01,454.51,980.76
Chiroptera,Vespertilionidae,Histiotus,magellanicus,histiotus magellanicus,-999.00,-999.00,-999.00,-999.00,-999.00,-999.00,-999.00,-999.00,-999.00,-999.00,-999.00,-999.00,-999.00,-999.00,-999.00,-999.00,-999.00,-999.00,-999.00,-999.00,-999.00,-999.00,-999.00,-999.00,-999,-999.00,-999,-999.00,-999.00,-999.00,-999,-999.00,-999.00,-999.00,-999.00,1093128.73,-35.87,-53.88,-44.88,-62.10,-75.71,-68.91,0,6.41,0.00,0.09,55.28,82.95,370.91,633.21
Chiroptera,Vespertilionidae,Histiotus,montanus,histiotus montanus,-999.00,-999.00,47.50,-999.00,-999.00,-999.00,-999.00,-999.00,1.00,-999.00,-999.00,2.00,-999.00,-999.00,-999.00,-999.00,-999.00,-999.00,-999.00,-999.00,-999.00,-999.00,-999.00,-999.00,-999,2.00,3,-999.00,-999.00,-999.00,890;1658;2151,15.94,-999.00,-999.00,-999.00,2999898.70,12.46,-39.86,-13.69,-56.66,-80.97,-68.81,0,36.87,1.00,0.09,91.80,153.34,853.46,1253.97
Chiroptera,Vespertilionidae,Histiotus,velatus,histiotus velatus,-999.00,11.32,47.00,-999.00,-999.00,-999.00,9.96,11.20,1.00,-999.00,-999.00,1.00,-999.00,-999.00,-999.00,-999.00,1.00,-999.00,-999.00,-999.00,-999.00,-999.00,-999.00,-999.00,-999,2.00,3,-999.00,-999.00,-999.00,890;1297;1658;1822;1948;2151;2655,-999.00,-999.00,-999.00,-999.00,3459699.44,-7.68,-34.94,-21.31,-39.96,-58.43,-49.19,0,39.53,1.00,0.08,118.76,214.57,1124.40,1367.47
Carnivora,Phocidae,Histriophoca,fasciata,histriophoca fasciata,-999.00,90000.00,-999.00,1533.92,0.00,730.00,-999.00,-999.00,6.00,28.00,299.18,2.00,-999.00,-999.00,365.00,1.00,-999.00,372.00,10245.25,-999.00,-999.00,-999.00,1262.74,-999.00,-999,1.00,2,24.50,26154.28,-999.00,367;543;1297;1763;2151;2655;2986,-999.00,1.10,-999.00,-999.00,-999.00,-999.00,-999.00,-999.00,-999.00,-999.00,-999.00,-999,-999.00,-999.00,-999.00,-999.00,-999.00,-999.00,-999.00
Rodentia,Cricetidae,Hodomys,alleni,hodomys alleni,-999.00,367.59,-999.00,223.16,-999.00,-999.00,-999.00,-999.00,-999.00,-999.00,-999.00,2.00,-999.00,-999.00,-999.00,1.39,-999.00,-999.00,-999.00,-999.00,-999.00,-999.00,-999.00,-999.00,-999,1.00,-999,-999.00,-999.00,-999.00,1088;1297;2655,-999.00,-999.00,-999.00,-999.00,215347.16,23.20,16.68,19.94,-96.67,-106.26,-101.46,4,106.49,9.00,0.07,93.64,202.52,864.26,1531.50
Rodentia,Cricetidae,Holochilus,brasiliensis,holochilus brasiliensis,-999.00,155.00,-999.00,-999.00,-999.00,-999.00,-999.00,-999.00,1.00,-999.00,28.40,3.00,-999.00,-999.00,-999.00,3.88,-999.00,-999.00,4.99,-999.00,-999.00,-999.00,89.63,1.00,-999,1.00,1,21.00,-999.00,-999.00,890;905;1297;2655,-999.00,-999.00,-999.00,-999.00,1618556.23,-18.53,-39.01,-28.77,-47.54,-66.87,-57.21,0,33.39,0.00,0.07,104.55,190.26,1063.00,1213.11
Rodentia,Cricetidae,Holochilus,chacarius,holochilus chacarius,2.00,204.00,-999.00,-999.00,-999.00,-999.00,-999.00,-999.00,2.00,-999.00,-999.00,3.00,-999.00,-999.00,-999.00,-999.00,-999.00,-999.00,-999.00,-999.00,-999.00,-999.00,-999.00,1.00,-999,2.00,1,-999.00,-999.00,-999.00,890;905;2655,-999.00,-999.00,-999.00,-999.00,323383.60,-19.92,-31.56,-25.74,-53.51,-62.09,-57.80,0,12.62,0.00,0.08,90.07,223.27,1064.11,1192.19
Rodentia,Cricetidae,Holochilus,sciureus,holochilus sciureus,2.00,120.42,-999.00,-999.00,-999.00,-999.00,-999.00,-999.00,3.00,-999.00,-999.00,2.00,-999.00,-999.00,-999.00,3.12,-999.00,-999.00,-999.00,-999.00,-999.00,-999.00,-999.00,-999.00,-999,1.00,2,-999.00,-999.00,-999.00,905;1297;1849;2151;2655,-999.00,-999.00,-999.00,-999.00,6661497.75,10.92,-22.05,-5.56,-37.75,-77.93,-57.84,0,8.69,0.00,0.12,170.86,251.31,1401.92,1595.89
Primates,Hominidae,Homo,sapiens,homo sapiens,3.00,58540.63,-999.00,-999.00,-999.00,5292.50,-999.00,-999.00,-999.00,-999.00,274.78,-999.00,-999.00,-999.00,958.12,1.00,-999.00,1470.00,3182.96,-999.00,-999.00,-999.00,5582.93,-999.00,-999,-999.00,-999,725.86,8999.99,-999.00,543;1297;1544;1547;1577;1594;1611;1763;1767;2344;2493,-999.00,0.67,-999.00,-999.00,-999.00,-999.00,-999.00,-999.00,-999.00,-999.00,-999.00,-999,-999.00,-999.00,-999.00,-999.00,-999.00,-999.00,-999.00
Rodentia,Echimyidae,Hoplomys,gymnurus,hoplomys gymnurus,1.00,281.42,-999.00,-999.00,0.00,-999.00,-999.00,-999.00,2.00,-999.00,59.99,2.00,-999.00,-999.00,-999.00,2.10,-999.00,-999.00,24.39,-999.00,-999.00,-999.00,-999.00,1.00,-999,1.00,1,20.88,-999.00,-999.00,905;1297;2151;2458;2655;2828,-999.00,-999.00,-999.00,-999.00,404762.49,16.02,-3.24,6.39,-76.23,-86.33,-81.28,2,44.15,3.00,0.14,225.35,239.29,1366.94,1635.13
Carnivora,Hyaenidae,Hyaena,brunnea,hyaena brunnea,1.00,42977.93,-999.00,1198.21,14.00,1095.00,-999.00,-999.00,6.00,899.99,95.80,2.00,67.30,23.38,532.29,2.30,-999.00,204.00,693.09,-999.00,0.01,-999.00,807.23,-999.00,4,1.00,2,302.44,27399.99,-999.00,542;543;1015;1113;1297;1573;2655,-999.00,0.91,-999.00,-999.00,1981470.71,-14.80,-33.79,-24.30,33.06,11.71,22.39,0,12.77,0.00,0.10,34.35,186.60,498.41,1305.79
Carnivora,Hyaenidae,Hyaena,hyaena,hyaena hyaena,2.00,35070.51,-999.00,1104.70,7.03,-999.00,4582.80,26800.00,6.00,-999.00,90.50,1.00,45.19,47.87,237.25,2.44,-999.00,288.00,653.23,-999.00,-999.00,-999.00,928.08,-999.00,4,1.00,2,118.93,-999.00,-999.00,367;543;679;1113;1297;1573;1594;2655,-999.00,1.36,-999.00,-999.00,24254343.20,42.12,-8.24,16.93,86.40,-17.10,34.64,0,56.87,0.00,0.11,29.52,228.97,346.34,1366.48
Rodentia,Muridae,Hybomys,badius,hybomys badius,-999.00,-999.00,-999.00,-999.00,-999.00,-999.00,-999.00,-999.00,-999.00,-999.00,-999.00,-999.00,-999.00,-999.00,-999.00,-999.00,-999.00,-999.00,-999.00,-999.00,-999.00,-999.00,-999.00,-999.00,-999,-999.00,-999,-999.00,-999.00,-999.00,-999,-999.00,-999.00,-999.00,-999.00,15939.64,6.72,5.09,5.91,10.81,9.83,10.32,38,84.52,38.00,0.08,182.01,218.66,1207.69,1487.46
Rodentia,Muridae,Hybomys,basilii,hybomys basilii,-999.00,-999.00,-999.00,-999.00,-999.00,-999.00,-999.00,-999.00,-999.00,-999.00,-999.00,-999.00,-999.00,-999.00,-999.00,-999.00,-999.00,-999.00,-999.00,-999.00,-999.00,-999.00,-999.00,-999.00,-999,-999.00,-999,-999.00,-999.00,-999.00,-999,-999.00,-999.00,-999.00,-999.00,1953.16,3.78,3.20,3.49,8.93,8.42,8.68,10,37.65,10.00,0.15,-999.00,-999.00,-999.00,-999.00
Rodentia,Muridae,Hybomys,lunaris,hybomys lunaris,-999.00,-999.00,-999.00,-999.00,-999.00,-999.00,-999.00,-999.00,-999.00,-999.00,-999.00,-999.00,-999.00,-999.00,-999.00,-999.00,-999.00,-999.00,-999.00,-999.00,-999.00,-999.00,-999.00,-999.00,-999,-999.00,-999,-999.00,-999.00,-999.00,-999,-999.00,-999.00,-999.00,-999.00,281862.70,1.94,-4.19,-1.12,30.73,25.55,28.14,1,53.35,2.00,0.17,127.00,221.53,1467.31,1574.46
Rodentia,Muridae,Hybomys,planifrons,hybomys planifrons,-999.00,49.60,-999.00,-999.00,-999.00,-999.00,-999.00,-999.00,-999.00,-999.00,-999.00,-999.00,-999.00,-999.00,-999.00,-999.00,-999.00,-999.00,-999.00,-999.00,-999.00,-999.00,-999.00,-999.00,-999,-999.00,-999,-999.00,-999.00,-999.00,2655,-999.00,-999.00,-999.00,-999.00,123523.72,10.16,4.82,7.49,-7.05,-12.89,-9.97,3,36.10,5.00,3.4106029615917e-03,230.62,248.06,1261.47,1524.72
Rodentia,Muridae,Hybomys,trivirgatus,hybomys trivirgatus,-999.00,60.08,-999.00,121.72,-999.00,-999.00,-999.00,-999.00,-999.00,-999.00,-999.00,-999.00,-999.00,-999.00,-999.00,2.72,-999.00,-999.00,-999.00,-999.00,80.60,-999.00,-999.00,-999.00,-999,-999.00,-999,-999.00,-999.00,-999.00,730;1254;1256;1297;2655,-999.00,-999.00,-999.00,-999.00,362389.12,9.18,4.73,6.96,6.70,-12.68,-2.99,3,116.90,10.00,0.11,163.61,256.65,1302.26,1576.29
Rodentia,Muridae,Hybomys,univittatus,hybomys univittatus,3.00,54.46,-999.00,-999.00,-999.00,-999.00,-999.00,-999.00,-999.00,-999.00,30.00,2.00,2.104427e-03,2.683932e-03,-999.00,2.30,-999.00,-999.00,4.40,-999.00,-999.00,-999.00,71.43,-999.00,-999,1.00,-999,-999.00,-999.00,-999.00,904;1077;1297;2361;2399;2655,-999.00,-999.00,-999.00,-999.00,2497651.36,6.28,-11.81,-2.76,33.56,7.08,20.32,0,30.66,1.00,0.13,146.10,240.37,1368.75,1553.11
Carnivora,Mustelidae,Hydrictis,maculicollis,hydrictis maculicollis,2.00,4180.53,-999.00,594.08,-999.00,-999.00,-999.00,-999.00,1.00,-999.00,59.60,2.00,-999.00,-999.00,365.00,2.00,-999.00,-999.00,-999.00,-999.00,-999.00,-999.00,841.82,-999.00,4,1.00,3,60.48,-999.00,-999.00,1113;1297;2655;2986,-999.00,1.10,-999.00,-999.00,11363947.46,17.50,-33.77,-8.13,40.03,-13.29,13.37,0,37.80,1.00,0.13,106.50,237.71,1032.54,1534.30
Rodentia,Caviidae,Hydrochoerus,hydrochaeris,hydrochoerus hydrochaeris,2.00,48144.91,-999.00,1208.39,0.00,-999.00,6596.25,26385.00,5.00,-999.00,150.73,3.00,0.07,0.10,-999.00,3.49,1.00,144.00,1500.00,-999.00,125.34,-999.00,566.36,10.00,11,2.00,1,109.75,-999.00,-999.00,543;597;730;890;905;1297;1327;1822;1845;2048;2151;2348;2655;3125,-999.00,-999.00,-999.00,-999.00,12726191.09,10.40,-38.73,-14.16,-34.79,-77.79,-56.29,0,20.76,0.00,0.11,146.92,237.30,1270.54,1489.67
Rodentia,Caviidae,Hydrochoerus,isthmius,hydrochoerus isthmius,-999.00,21267.32,-999.00,-999.00,-999.00,-999.00,-999.00,-999.00,-999.00,-999.00,108.21,-999.00,-999.00,-999.00,-999.00,4.99,-999.00,-999.00,-999.00,-999.00,-999.00,-999.00,-999.00,-999.00,-999,-999.00,-999,112.00,-999.00,-999.00,2151;2865,-999.00,-999.00,-999.00,-999.00,307442.57,11.70,1.48,6.59,-70.52,-80.04,-75.28,2,71.65,4.00,0.11,165.58,249.07,1459.36,1685.82
Sirenia,Dugongidae,Hydrodamalis,gigas,hydrodamalis gigas,-999.00,4000000.00,-999.00,7628.12,-999.00,-999.00,-999.00,-999.00,-999.00,-999.00,365.00,1.00,-999.00,-999.00,-999.00,1.00,-999.00,-999.00,-999.00,-999.00,-999.00,-999.00,-999.00,-999.00,2,-999.00,-999,-999.00,-999.00,-999.00,890;1001;1297;2655,-999.00,-999.00,-999.00,-999.00,-999.00,-999.00,-999.00,-999.00,-999.00,-999.00,-999.00,-999,-999.00,-999.00,-999.00,-999.00,-999.00,-999.00,-999.00
Rodentia,Muridae,Hydromys,chrysogaster,hydromys chrysogaster,2.00,626.17,-999.00,275.52,13.66,158.00,528.30,900.00,2.00,-999.00,36.60,3.00,-999.00,-999.00,60.83,3.51,2.50,74.00,25.00,85.62,-999.00,-999.00,124.43,-999.00,4,1.00,3,30.00,150.00,280.00,456;977;1051;1297;1822;1951;2152;2184;2655;2803,-999.00,-999.00,-999.00,-999.00,3891043.27,-0.62,-43.64,-22.13,153.63,113.05,133.34,0,7.04,0.00,0.06,79.10,210.11,705.03,1418.37
Rodentia,Muridae,Hydromys,habbema,hydromys habbema,-999.00,-999.00,-999.00,144.47,-999.00,-999.00,-999.00,-999.00,-999.00,-999.00,-999.00,3.00,-999.00,-999.00,-999.00,-999.00,-999.00,-999.00,-999.00,-999.00,-999.00,-999.00,-999.00,-999.00,4,1.00,-999,-999.00,-999.00,-999.00,977;2152;2803,89.77,-999.00,-999.00,-999.00,345.80,-4.14,-4.45,-4.29,138.68,138.57,138.63,7,7.00,7.00,0.16,170.00,137.00,1680.00,1680.00
Rodentia,Muridae,Hydromys,hussoni,hydromys hussoni,-999.00,-999.00,-999.00,151.75,-999.00,-999.00,-999.00,-999.00,-999.00,-999.00,-999.00,3.00,-999.00,-999.00,-999.00,-999.00,-999.00,-999.00,-999.00,-999.00,-999.00,-999.00,-999.00,-999.00,3,1.00,-999,-999.00,-999.00,-999.00,977;2152,103.46,-999.00,-999.00,-999.00,717.32,-3.56,-4.09,-3.82,143.20,136.27,139.74,2,4.66,2.00,0.06,204.33,221.33,1738.65,1849.28
Rodentia,Muridae,Hydromys,neobritannicus,hydromys neobritannicus,-999.00,-999.00,-999.00,292.14,-999.00,-999.00,-999.00,-999.00,-999.00,-999.00,-999.00,-999.00,-999.00,-999.00,-999.00,-999.00,-999.00,-999.00,-999.00,-999.00,-999.00,-999.00,-999.00,-999.00,4,-999.00,-999,-999.00,-999.00,-999.00,2803,685.51,-999.00,-999.00,-999.00,35567.20,-4.13,-6.30,-5.22,152.40,148.30,150.35,8,10.53,8.00,0.24,217.69,253.85,-999.00,-999.00
Rodentia,Muridae,Hydromys,shawmayeri,hydromys shawmayeri,-999.00,-999.00,-999.00,131.61,-999.00,-999.00,-999.00,-999.00,2.00,-999.00,-999.00,3.00,-999.00,-999.00,-999.00,-999.00,-999.00,-999.00,-999.00,-999.00,-999.00,-999.00,-999.00,-999.00,4,1.00,3,-999.00,-999.00,-999.00,977;2152;2803,68.58,-999.00,-999.00,-999.00,47925.94,-5.20,-9.19,-7.19,148.37,144.47,146.42,2,13.52,2.00,0.08,289.97,182.72,1660.19,1672.92
Artiodactyla,Cervidae,Hydropotes,inermis,hydropotes inermis,-999.00,12760.04,-999.00,-999.00,-999.00,-999.00,-999.00,-999.00,-999.00,-999.00,175.49,-999.00,-999.00,-999.00,-999.00,3.00,-999.00,144.00,1016.19,-999.00,-999.00,-999.00,292.63,-999.00,-999,-999.00,-999,-999.00,-999.00,-999.00,200;543;653;1297;2525;2655;2986;3010,-999.00,-999.00,-999.00,-999.00,1140413.15,34.93,22.89,28.91,122.13,106.81,114.47,63,373.91,109.00,0.06,112.88,159.82,1031.61,1072.99
Carnivora,Phocidae,Hydrurga,leptonyx,hydrurga leptonyx,2.00,352675.48,-999.00,3038.33,0.00,-999.00,-999.00,-999.00,6.00,28.00,272.79,2.00,-999.00,-999.00,365.00,0.96,-999.00,312.00,29999.99,-999.00,0.11,-999.00,1389.01,-999.00,-999,1.00,2,30.41,52308.57,-999.00,367;543;890;1297;1763;2151;2655;2986,-999.00,1.10,-999.00,-999.00,-999.00,-999.00,-999.00,-999.00,-999.00,-999.00,-999.00,-999,-999.00,-999.00,-999.00,-999.00,-999.00,-999.00,-999.00
Artiodactyla,Tragulidae,Hyemoschus,aquaticus,hyemoschus aquaticus,1.00,10850.00,-999.00,750.00,-999.00,-999.00,-999.00,-999.00,1.00,-999.00,173.52,1.00,0.20,0.19,-999.00,1.22,1.00,168.00,-999.00,-999.00,15.85,-999.00,314.64,1.00,-999,1.00,1,136.87,-999.00,-999.00,200;543;730;904;1297;1573;1848;2655,-999.00,-999.00,-999.00,-999.00,2571576.30,8.56,-6.35,1.10,31.51,-13.19,9.15,0,39.67,1.00,0.11,155.16,243.43,1393.52,1563.37
Didelphimorphia,Didelphidae,Hyladelphys,kalinowskii,hyladelphys kalinowskii,-999.00,-999.00,-999.00,-999.00,-999.00,-999.00,-999.00,-999.00,-999.00,-999.00,-999.00,-999.00,-999.00,-999.00,-999.00,-999.00,-999.00,-999.00,-999.00,-999.00,-999.00,-999.00,-999.00,-999.00,-999,-999.00,-999,-999.00,-999.00,-999.00,-999,-999.00,-999.00,-999.00,-999.00,-999.00,-999.00,-999.00,-999.00,-999.00,-999.00,-999.00,-999,-999.00,-999.00,-999.00,-999.00,-999.00,-999.00,-999.00
Primates,Hylobatidae,Hylobates,agilis,hylobates agilis,3.00,5829.08,-999.00,544.00,-999.00,-999.00,-999.00,-999.00,4.00,-999.00,-999.00,-999.00,0.19,0.27,-999.00,1.02,-999.00,528.00,-999.00,-999.00,11.73,-999.00,-999.00,4.20,-999,-999.00,2,-999.00,-999.00,-999.00,208;543;610;730;1544;1547;1848;2344;2453;2655;2660;2700;2986,-999.00,-999.00,-999.00,-999.00,140009.66,6.27,-5.94,0.16,105.36,99.08,102.22,17,95.23,22.00,0.15,239.80,254.16,1743.64,1792.01
Primates,Hylobatidae,Hylobates,albibarbis,hylobates albibarbis,-999.00,-999.00,-999.00,-999.00,-999.00,-999.00,-999.00,-999.00,-999.00,-999.00,-999.00,-999.00,-999.00,-999.00,-999.00,-999.00,-999.00,-999.00,-999.00,-999.00,-999.00,-999.00,-999.00,-999.00,-999,-999.00,-999,-999.00,-999.00,-999.00,-999,-999.00,-999.00,-999.00,-999.00,159603.65,0.29,-3.57,-1.63,114.12,109.76,111.94,6,16.20,12.00,0.10,243.75,258.84,1686.40,1724.39
Primates,Hylobatidae,Hylobates,klossii,hylobates klossii,3.00,5822.29,-999.00,512.79,-999.00,-999.00,-999.00,-999.00,3.00,-999.00,207.59,1.00,0.14,0.21,-999.00,1.01,0.42,-999.00,-999.00,-999.00,16.62,-999.00,-999.00,3.00,-999,2.00,2,-999.00,-999.00,-999.00,208;610;730;899;1167;1544;1547;1848;2344;2453;2655;2660;2700;2986,-999.00,-999.00,-999.00,-999.00,6044.85,-0.91,-3.34,-2.13,100.47,98.58,99.52,43,55.33,43.00,0.11,340.00,259.00,-999.00,-999.00
Primates,Hylobatidae,Hylobates,lar,hylobates lar,3.00,5578.61,-999.00,545.00,-999.00,3398.15,-999.00,-999.00,4.00,-999.00,212.91,-999.00,0.32,0.46,983.67,1.01,-999.00,480.00,398.86,-999.00,6.60,-999.00,3852.57,3.20,-999,-999.00,2,725.86,1025.02,-999.00,208;526;543;610;730;954;1167;1297;1544;1547;1577;1763;1767;1848;2344;2453;2489;2493;2655;2660;2700;2986,-999.00,0.66,-999.00,-999.00,425651.78,25.50,1.87,13.68,103.77,95.49,99.63,3,90.44,10.00,0.08,172.74,229.63,1278.10,1612.26
Carnivora,Herpestidae,Herpestes,vitticollis,herpestes vitticollis,2.00,2380.00,-999.00,476.76,-999.00,-999.00,-999.00,-999.00,-999.00,-999.00,-999.00,1.00,-999.00,-999.00,-999.00,2.73,-999.00,-999.00,-999.00,-999.00,-999.00,-999.00,-999.00,-999.00,-999,1.00,-999,-999.00,-999.00,-999.00,1113;1297;2655,-999.00,-999.00,-999.00,-999.00,197229.00,15.02,5.91,10.47,81.88,74.69,78.28,68,377.61,103.00,0.06,129.65,258.43,1109.68,1606.98
Chiroptera,Vespertilionidae,Hesperoptenus,blanfordi,hesperoptenus blanfordi,-999.00,6.91,26.50,-999.00,-999.00,-999.00,-999.00,-999.00,-999.00,-999.00,-999.00,1.00,-999.00,-999.00,-999.00,-999.00,-999.00,-999.00,-999.00,-999.00,-999.00,-999.00,-999.00,-999.00,-999,2.00,-999,-999.00,-999.00,-999.00,196;1658;2151;2622;2655,-999.00,-999.00,-999.00,-999.00,457426.59,18.74,1.26,10.00,119.26,96.92,108.09,3,114.13,5.00,0.13,221.88,249.83,1443.87,1773.76
Rodentia,Heteromyidae,Heteromys,gaumeri,heteromys gaumeri,-999.00,63.59,-999.00,115.35,-999.00,-999.00,-999.00,-999.00,2.00,-999.00,-999.00,1.00,-999.00,-999.00,-999.00,2.95,-999.00,-999.00,-999.00,-999.00,-999.00,-999.00,-999.00,-999.00,-999,1.00,1,-999.00,-999.00,-999.00,1297;2151;2564;2655,-999.00,-999.00,-999.00,-999.00,168039.08,21.60,16.88,19.24,-86.73,-91.74,-89.23,3,22.06,4.00,0.23,107.19,253.12,1276.91,1566.89
Rodentia,Heteromyidae,Heteromys,nelsoni,heteromys nelsoni,-999.00,67.55,-999.00,157.62,-999.00,-999.00,-999.00,-999.00,2.00,-999.00,-999.00,1.00,-999.00,-999.00,-999.00,-999.00,-999.00,-999.00,-999.00,-999.00,-999.00,-999.00,-999.00,-999.00,-999,1.00,1,-999.00,-999.00,-999.00,2151;2472;2655,-999.00,-999.00,-999.00,-999.00,1561.50,15.59,15.03,15.31,-92.19,-92.49,-92.34,53,87.54,53.00,0.07,134.07,217.44,1462.00,1720.00
Rodentia,Heteromyidae,Heteromys,oasicus,heteromys oasicus,-999.00,-999.00,-999.00,-999.00,-999.00,-999.00,-999.00,-999.00,-999.00,-999.00,-999.00,-999.00,-999.00,-999.00,-999.00,-999.00,-999.00,-999.00,-999.00,-999.00,-999.00,-999.00,-999.00,-999.00,-999,-999.00,-999,-999.00,-999.00,-999.00,-999,-999.00,-999.00,-999.00,-999.00,-999.00,-999.00,-999.00,-999.00,-999.00,-999.00,-999.00,-999,-999.00,-999.00,-999.00,-999.00,-999.00,-999.00,-999.00
Rodentia,Heteromyidae,Heteromys,oresterus,heteromys oresterus,-999.00,74.80,-999.00,110.04,-999.00,-999.00,-999.00,-999.00,2.00,-999.00,-999.00,1.00,-999.00,-999.00,-999.00,3.41,-999.00,-999.00,-999.00,-999.00,-999.00,-999.00,-999.00,-999.00,-999,1.00,1,-999.00,-999.00,-999.00,1297;2151;2471;2655,-999.00,-999.00,-999.00,-999.00,1335.88,9.80,9.40,9.60,-83.57,-84.01,-83.79,48,193.92,48.00,0.14,215.68,193.34,1484.00,1755.00
Rodentia,Heteromyidae,Heteromys,teleus,heteromys teleus,-999.00,-999.00,-999.00,-999.00,-999.00,-999.00,-999.00,-999.00,-999.00,-999.00,-999.00,-999.00,-999.00,-999.00,-999.00,-999.00,-999.00,-999.00,-999.00,-999.00,-999.00,-999.00,-999.00,-999.00,-999,-999.00,-999,-999.00,-999.00,-999.00,-999,-999.00,-999.00,-999.00,-999.00,-999.00,-999.00,-999.00,-999.00,-999.00,-999.00,-999.00,-999,-999.00,-999.00,-999.00,-999.00,-999.00,-999.00,-999.00
Rodentia,Chinchillidae,Lagostomus,crassus,lagostomus crassus,-999.00,-999.00,-999.00,-999.00,-999.00,-999.00,-999.00,-999.00,-999.00,-999.00,-999.00,-999.00,-999.00,-999.00,-999.00,-999.00,-999.00,-999.00,-999.00,-999.00,-999.00,-999.00,-999.00,-999.00,-999,-999.00,-999,-999.00,-999.00,-999.00,-999,-999.00,-999.00,-999.00,-999.00,-999.00,-999.00,-999.00,-999.00,-999.00,-999.00,-999.00,-999,-999.00,-999.00,-999.00,-999.00,-999.00,-999.00,-999.00
Chiroptera,Phyllostomidae,Lampronycteris,brachyotis,lampronycteris brachyotis,-999.00,10.39,39.61,-999.00,-999.00,-999.00,-999.00,-999.00,2.00,-999.00,-999.00,1.00,-999.00,-999.00,-999.00,0.98,-999.00,-999.00,-999.00,-999.00,-999.00,-999.00,-999.00,-999.00,-999,2.00,2,-999.00,-999.00,-999.00,108;196;889;1297;1658;2151;2622;2655;2719,-999.00,-999.00,-999.00,-999.00,4953546.05,17.72,-9.19,4.26,-46.41,-95.29,-70.85,0,23.08,0.00,0.12,167.21,247.80,1438.75,1645.14
Rodentia,Sciuridae,Lariscus,hosei,lariscus hosei,-999.00,180.00,-999.00,182.50,-999.00,-999.00,-999.00,-999.00,-999.00,-999.00,-999.00,1.00,-999.00,-999.00,-999.00,1.94,-999.00,-999.00,-999.00,-999.00,-999.00,-999.00,-999.00,-999.00,6,1.00,-999,-999.00,-999.00,-999.00,1297;2152;2655,-999.00,-999.00,-999.00,-999.00,34178.18,6.27,3.10,4.68,117.29,114.03,115.66,2,14.85,3.00,0.25,276.34,227.26,1774.95,1831.92
Rodentia,Sciuridae,Lariscus,insignis,lariscus insignis,-999.00,174.41,-999.00,177.16,-999.00,-999.00,-999.00,-999.00,2.00,-999.00,-999.00,1.00,8.112981e-03,6.82115e-03,-999.00,-999.00,-999.00,-999.00,-999.00,-999.00,-999.00,-999.00,-999.00,-999.00,6,1.00,1,-999.00,-999.00,-999.00,1971;2152;2530;2655,-999.00,-999.00,-999.00,-999.00,1341081.13,7.25,-8.78,-0.76,117.63,95.18,106.41,1,163.83,4.00,0.13,237.12,248.13,1663.70,1732.35
Rodentia,Sciuridae,Lariscus,niobe,lariscus niobe,-999.00,-999.00,-999.00,-999.00,-999.00,-999.00,-999.00,-999.00,-999.00,-999.00,-999.00,-999.00,-999.00,-999.00,-999.00,-999.00,-999.00,-999.00,-999.00,-999.00,-999.00,-999.00,-999.00,-999.00,-999,-999.00,-999,-999.00,-999.00,-999.00,-999,-999.00,-999.00,-999.00,-999.00,559126.82,5.65,-8.78,-1.56,114.60,95.18,104.89,20,288.08,30.00,0.11,221.26,250.82,1645.26,1752.83
Rodentia,Sciuridae,Lariscus,obscurus,lariscus obscurus,3.00,241.19,-999.00,187.00,-999.00,-999.00,-999.00,-999.00,3.00,-999.00,-999.00,2.00,-999.00,-999.00,-999.00,-999.00,-999.00,-999.00,-999.00,-999.00,-999.00,-999.00,-999.00,-999.00,-999,2.00,2,-999.00,-999.00,-999.00,679;3013,-999.00,-999.00,-999.00,-999.00,6044.85,-0.91,-3.34,-2.13,100.47,98.58,99.52,43,55.33,43.00,0.11,340.00,259.00,-999.00,-999.00
Chiroptera,Vespertilionidae,Lasionycteris,noctivagans,lasionycteris noctivagans,-999.00,11.02,41.26,-999.00,-999.00,-999.00,-999.00,-999.00,1.00,-999.00,53.55,1.00,-999.00,-999.00,-999.00,1.77,1.00,144.00,1.92,41.69,-999.00,-999.00,154.68,1.33,-999,2.00,3,35.99,10.10,-999.00,185;543;839;871;1297;1658;1693;1696;1705;1709;2143;2151;2223;2253;2567;2622;2655,-999.00,-999.00,-999.00,-999.00,10115944.09,62.97,23.46,43.21,-60.96,-148.48,-104.72,0,28.14,0.00,0.05,58.16,77.97,539.66,766.07
Chiroptera,Vespertilionidae,Lasiurus,borealis,lasiurus borealis,-999.00,12.33,40.71,-999.00,-999.00,-999.00,17.44,12.20,1.00,-999.00,84.21,1.00,-999.00,-999.00,-999.00,3.12,1.00,-999.00,4.29,23.77,-999.00,-999.00,-999.00,1.00,-999,2.00,3,38.00,5.84,-999.00,186;196;662;670;1006;1085;1297;1658;1693;1705;2143;2151;2617;2622;2655;2702;2719;3047,-999.00,-999.00,-999.00,-999.00,2598559.10,47.84,24.94,36.39,-60.96,-93.40,-77.18,0,80.18,4.00,0.04,87.53,119.77,790.22,874.07
Chiroptera,Vespertilionidae,Lasiurus,castaneus,lasiurus castaneus,-999.00,12.51,44.49,-999.00,-999.00,-999.00,-999.00,-999.00,1.00,-999.00,-999.00,1.00,-999.00,-999.00,-999.00,-999.00,-999.00,-999.00,-999.00,-999.00,-999.00,-999.00,-999.00,1.00,-999,2.00,3,-999.00,-999.00,-999.00,804;1658;2143;2151;2655,-999.00,-999.00,-999.00,-999.00,9516.32,8.85,7.23,8.04,-77.19,-78.05,-77.62,2,5.09,2.00,0.07,200.91,248.37,1548.21,1712.73
Chiroptera,Vespertilionidae,Lasiurus,cinereus,lasiurus cinereus,-999.00,27.06,54.40,75.35,12.00,-999.00,16.51,19.90,1.00,-999.00,57.18,1.00,-999.00,-999.00,-999.00,1.96,1.00,25.20,5.12,40.80,-999.00,-999.00,-999.00,1.00,-999,2.00,3,36.41,9.71,54.84,143;185;399;428;543;657;839;890;1085;1297;1337;1648;1658;1693;2079;2127;2143;2151;2310;2474;2575;2618;2622;2655,-999.00,-999.00,-999.00,-999.00,21759652.98,66.38,-41.16,12.60,-41.89,-159.79,-100.84,0,30.48,0.00,0.07,75.42,115.70,724.23,957.03
Chiroptera,Vespertilionidae,Lasiurus,degelidus,lasiurus degelidus,-999.00,-999.00,-999.00,-999.00,-999.00,-999.00,-999.00,-999.00,-999.00,-999.00,-999.00,-999.00,-999.00,-999.00,-999.00,-999.00,-999.00,-999.00,-999.00,-999.00,-999.00,-999.00,-999.00,-999.00,-999,-999.00,-999,-999.00,-999.00,-999.00,-999,-999.00,-999.00,-999.00,-999.00,11081.39,18.52,17.70,18.11,-76.18,-78.36,-77.27,96,222.21,96.00,0.04,172.66,240.33,-999.00,-999.00
Chiroptera,Vespertilionidae,Lasiurus,ebenus,lasiurus ebenus,-999.00,14.00,45.95,-999.00,-999.00,-999.00,-999.00,-999.00,-999.00,-999.00,-999.00,-999.00,-999.00,-999.00,-999.00,-999.00,-999.00,-999.00,-999.00,-999.00,-999.00,-999.00,-999.00,-999.00,-999,-999.00,-999,-999.00,-999.00,-999.00,933;2622,-999.00,-999.00,-999.00,-999.00,94.97,-25.08,-25.18,-25.13,-47.96,-48.06,-48.01,8,10.00,8.00,0.04,152.00,180.00,1237.00,1237.00
Chiroptera,Vespertilionidae,Lasiurus,ega,lasiurus ega,-999.00,12.20,47.50,-999.00,-999.00,-999.00,-999.00,-999.00,1.00,-999.00,96.22,1.00,-999.00,-999.00,-999.00,2.14,1.00,-999.00,-999.00,-999.00,-999.00,3.00,377.37,-999.00,-999,2.00,3,-999.00,-999.00,-999.00,198;655;1297;1325;1384;1388;1658;1711;2100;2151;2655;3023,-999.00,-999.00,-999.00,-999.00,17490735.54,34.84,-39.01,-2.08,-34.79,-119.36,-77.08,0,29.73,0.00,0.11,130.97,225.67,1175.84,1456.80
Chiroptera,Vespertilionidae,Lasiurus,egregius,lasiurus egregius,-999.00,-999.00,48.99,-999.00,-999.00,-999.00,-999.00,-999.00,-999.00,-999.00,-999.00,1.00,-999.00,-999.00,-999.00,-999.00,-999.00,-999.00,-999.00,-999.00,-999.00,-999.00,-999.00,-999.00,-999,2.00,-999,-999.00,-999.00,-999.00,1658;2151,17.41,-999.00,-999.00,-999.00,184920.31,9.36,-30.18,-10.41,-47.72,-78.83,-63.27,2,55.88,3.00,0.06,137.50,179.49,1182.22,1263.92
Chiroptera,Vespertilionidae,Lasiurus,insularis,lasiurus insularis,-999.00,-999.00,-999.00,-999.00,-999.00,-999.00,-999.00,-999.00,-999.00,-999.00,-999.00,-999.00,-999.00,-999.00,-999.00,-999.00,-999.00,-999.00,-999.00,-999.00,-999.00,-999.00,-999.00,-999.00,-999,-999.00,-999,-999.00,-999.00,-999.00,-999,-999.00,-999.00,-999.00,-999.00,107157.22,23.19,19.82,21.51,-74.13,-84.95,-79.54,2,108.76,16.00,0.02,103.50,252.34,1271.00,1782.03
Chiroptera,Vespertilionidae,Lasiurus,intermedius,lasiurus intermedius,-999.00,22.96,55.08,-999.00,-999.00,-999.00,18.30,22.60,-999.00,-999.00,-999.00,1.00,-999.00,-999.00,-999.00,2.97,1.00,-999.00,1.73,-999.00,-999.00,-999.00,-999.00,-999.00,-999,2.00,-999,-999.00,-999.00,-999.00,1085;1297;1316;1413;1658;2072;2151;2603;2622;2655,-999.00,-999.00,-999.00,-999.00,1863284.42,40.89,13.14,27.01,-73.97,-106.92,-90.45,0,66.85,4.00,0.09,106.12,214.29,1081.07,1413.94
Chiroptera,Vespertilionidae,Lasiurus,minor,lasiurus minor,-999.00,-999.00,-999.00,-999.00,-999.00,-999.00,-999.00,-999.00,-999.00,-999.00,-999.00,-999.00,-999.00,-999.00,-999.00,-999.00,-999.00,-999.00,-999.00,-999.00,-999.00,-999.00,-999.00,-999.00,-999,-999.00,-999,-999.00,-999.00,-999.00,-999,-999.00,-999.00,-999.00,-999.00,83334.50,19.95,17.60,18.77,-65.59,-74.47,-70.03,10,236.47,38.00,0.07,104.87,239.16,1406.39,1578.86
Chiroptera,Vespertilionidae,Lasiurus,pfeifferi,lasiurus pfeifferi,-999.00,-999.00,-999.00,-999.00,-999.00,-999.00,-999.00,-999.00,-999.00,-999.00,-999.00,-999.00,-999.00,-999.00,-999.00,-999.00,-999.00,-999.00,-999.00,-999.00,-999.00,-999.00,-999.00,-999.00,-999,-999.00,-999,-999.00,-999.00,-999.00,-999,-999.00,-999.00,-999.00,-999.00,107157.22,23.19,19.82,21.51,-74.13,-84.95,-79.54,2,108.76,16.00,0.02,103.50,252.34,1271.00,1782.03
Chiroptera,Vespertilionidae,Lasiurus,salinae,lasiurus salinae,-999.00,-999.00,-999.00,-999.00,-999.00,-999.00,-999.00,-999.00,-999.00,-999.00,-999.00,-999.00,-999.00,-999.00,-999.00,-999.00,-999.00,-999.00,-999.00,-999.00,-999.00,-999.00,-999.00,-999.00,-999,-999.00,-999,-999.00,-999.00,-999.00,-999,-999.00,-999.00,-999.00,-999.00,-999.00,-999.00,-999.00,-999.00,-999.00,-999.00,-999.00,-999,-999.00,-999.00,-999.00,-999.00,-999.00,-999.00,-999.00
Chiroptera,Vespertilionidae,Lasiurus,seminolus,lasiurus seminolus,-999.00,9.88,-999.00,-999.00,-999.00,-999.00,13.48,9.77,1.00,-999.00,-999.00,1.00,-999.00,-999.00,-999.00,2.68,1.00,-999.00,1.07,28.78,-999.00,-999.00,-999.00,-999.00,-999,2.00,3,-999.00,-999.00,-999.00,186;187;662;1083;1085;1297;2151;2655;3021;3023,-999.00,-999.00,-999.00,-999.00,1335371.21,42.93,25.75,34.34,-64.67,-99.00,-81.83,1,61.61,5.00,0.06,99.24,175.46,979.31,1109.08
Chiroptera,Vespertilionidae,Lasiurus,varius,lasiurus varius,-999.00,-999.00,-999.00,-999.00,-999.00,-999.00,-999.00,-999.00,-999.00,-999.00,-999.00,-999.00,-999.00,-999.00,-999.00,-999.00,-999.00,-999.00,-999.00,-999.00,-999.00,-999.00,-999.00,-999.00,-999,-999.00,-999,-999.00,-999.00,-999.00,-999,-999.00,-999.00,-999.00,-999.00,-999.00,-999.00,-999.00,-999.00,-999.00,-999.00,-999.00,-999,-999.00,-999.00,-999.00,-999.00,-999.00,-999.00,-999.00
Chiroptera,Vespertilionidae,Lasiurus,xanthinus,lasiurus xanthinus,-999.00,-999.00,-999.00,-999.00,-999.00,-999.00,-999.00,-999.00,-999.00,-999.00,-999.00,-999.00,-999.00,-999.00,-999.00,-999.00,-999.00,-999.00,-999.00,-999.00,-999.00,-999.00,-999.00,-999.00,-999,-999.00,-999,-999.00,-999.00,-999.00,-999,-999.00,-999.00,-999.00,-999.00,1420033.90,32.64,17.96,25.30,-96.78,-117.09,-106.93,0,44.71,1.00,0.11,40.55,182.88,606.76,1247.39
Chiroptera,Pteropodidae,Latidens,salimalii,latidens salimalii,-999.00,-999.00,67.49,106.38,-999.00,-999.00,-999.00,-999.00,-999.00,-999.00,-999.00,1.00,-999.00,-999.00,-999.00,-999.00,-999.00,-999.00,-999.00,-999.00,-999.00,-999.00,-999.00,-999.00,-999,2.00,-999,-999.00,-999.00,-999.00,212;1658;2151,49.99,-999.00,-999.00,-999.00,563.41,10.58,10.33,10.46,77.64,77.39,77.51,233,313.49,233.00,0.05,118.02,279.74,1084.51,1427.49
Chiroptera,Megadermatidae,Lavia,frons,lavia frons,-999.00,23.80,56.00,66.99,-999.00,-999.00,-999.00,-999.00,1.00,-999.00,93.86,1.00,-999.00,-999.00,-999.00,0.99,1.00,-999.00,-999.00,-999.00,-999.00,-999.00,-999.00,-999.00,-999,2.00,3,53.48,-999.00,-999.00,196;892;1297;1658;2143;2151;2622;2655;2719;2921;2925;3023,-999.00,-999.00,-999.00,-999.00,13982556.19,20.29,-15.63,2.32,48.90,-16.67,16.11,0,32.22,0.00,0.12,78.97,249.89,818.00,1564.30
Rodentia,Muridae,Leggadina,forresti,leggadina forresti,-999.00,23.88,-999.00,84.30,-999.00,-999.00,-999.00,-999.00,-999.00,-999.00,-999.00,-999.00,-999.00,-999.00,-999.00,-999.00,-999.00,-999.00,-999.00,-999.00,-999.00,-999.00,91.53,-999.00,4,-999.00,-999,30.00,-999.00,-999.00,456;1297;2655;2803,-999.00,-999.00,-999.00,-999.00,1812559.72,-17.15,-30.89,-24.02,144.61,128.36,136.49,0,0.03,0.00,0.01,22.63,217.06,299.82,1393.05
Rodentia,Muridae,Leggadina,lakedownensis,leggadina lakedownensis,-999.00,17.50,-999.00,-999.00,-999.00,-999.00,-999.00,-999.00,-999.00,-999.00,32.99,-999.00,-999.00,-999.00,-999.00,-999.00,-999.00,-999.00,-999.00,-999.00,-999.00,-999.00,91.53,-999.00,-999,-999.00,-999,30.00,-999.00,-999.00,1297;2655,-999.00,-999.00,-999.00,-999.00,704032.46,-12.18,-23.83,-18.00,145.54,114.68,130.11,0,0.92,0.00,0.01,60.66,259.91,664.37,1692.25
Rodentia,Muridae,Leimacomys,buettneri,leimacomys buettneri,-999.00,54.99,-999.00,-999.00,-999.00,-999.00,-999.00,-999.00,-999.00,-999.00,-999.00,-999.00,-999.00,-999.00,-999.00,-999.00,-999.00,-999.00,-999.00,-999.00,-999.00,-999.00,-999.00,-999.00,-999,-999.00,-999,-999.00,-999.00,-999.00,2655,-999.00,-999.00,-999.00,-999.00,4323.64,8.86,7.86,8.36,0.84,0.33,0.59,34,43.80,34.00,0.22,113.59,264.39,1148.64,1681.18
Rodentia,Cricetidae,Lemmiscus,curtatus,lemmiscus curtatus,2.00,28.27,-999.00,102.68,11.75,-999.00,50.29,30.30,4.00,-999.00,25.16,2.00,-999.00,-999.00,-999.00,5.11,-999.00,-999.00,1.47,27.00,589.92,-999.00,60.62,-999.00,4,1.00,1,21.00,-999.00,-999.00,553;730;1215;1297;1359;1822;1849;1896;1949;2655,-999.00,-999.00,-999.00,-999.00,1661694.53,52.58,35.61,44.10,-101.40,-122.37,-111.89,0,5.03,0.00,0.05,27.94,55.52,349.42,748.97
Rodentia,Muridae,Margaretamys,elegans,margaretamys elegans,-999.00,-999.00,-999.00,-999.00,-999.00,-999.00,-999.00,-999.00,-999.00,-999.00,-999.00,-999.00,-999.00,-999.00,-999.00,-999.00,-999.00,-999.00,-999.00,-999.00,-999.00,-999.00,-999.00,-999.00,-999,-999.00,-999,-999.00,-999.00,-999.00,-999,-999.00,-999.00,-999.00,-999.00,313.91,-1.13,-1.31,-1.22,120.21,120.03,120.12,41,41.00,41.00,0.10,209.00,164.00,1783.00,2005.00
Rodentia,Muridae,Margaretamys,parvus,margaretamys parvus,-999.00,-999.00,-999.00,-999.00,-999.00,-999.00,-999.00,-999.00,-999.00,-999.00,-999.00,-999.00,-999.00,-999.00,-999.00,-999.00,-999.00,-999.00,-999.00,-999.00,-999.00,-999.00,-999.00,-999.00,-999,-999.00,-999,-999.00,-999.00,-999.00,-999,-999.00,-999.00,-999.00,-999.00,313.91,-1.13,-1.31,-1.22,120.21,120.03,120.12,41,41.00,41.00,0.10,209.00,164.00,1783.00,2005.00
Didelphimorphia,Didelphidae,Marmosa,andersoni,marmosa andersoni,1.00,47.40,-999.00,-999.00,-999.00,-999.00,-999.00,-999.00,-999.00,-999.00,-999.00,-999.00,-999.00,-999.00,-999.00,-999.00,-999.00,-999.00,-999.00,-999.00,-999.00,-999.00,-999.00,-999.00,-999,-999.00,-999,-999.00,-999.00,-999.00,1760;2655,-999.00,-999.00,-999.00,-999.00,412.04,-13.42,-13.63,-13.52,-72.47,-72.68,-72.58,15,29.49,15.00,0.05,61.99,96.99,757.81,1306.50
Didelphimorphia,Didelphidae,Marmosa,lepida,marmosa lepida,1.00,14.00,-999.00,108.00,-999.00,-999.00,-999.00,-999.00,-999.00,-999.00,-999.00,-999.00,-999.00,-999.00,-999.00,4.99,-999.00,-999.00,-999.00,-999.00,-999.00,-999.00,-999.00,-999.00,-999,-999.00,-999,-999.00,-999.00,-999.00,889;890;1297;1760;2655,-999.00,-999.00,-999.00,-999.00,441236.47,6.00,-16.83,-5.41,-54.01,-77.66,-65.83,0,3.40,0.00,0.12,197.72,256.08,1464.93,1513.82
Didelphimorphia,Didelphidae,Marmosa,mexicana,marmosa mexicana,1.00,49.06,-999.00,133.76,-999.00,-999.00,-999.00,-999.00,3.00,-999.00,-999.00,2.00,-999.00,-999.00,-999.00,11.60,-999.00,84.00,-999.00,-999.00,-999.00,-999.00,-999.00,1.00,13,2.00,2,-999.00,-999.00,-999.00,46;543;889;905;1297;2655,-999.00,-999.00,-999.00,-999.00,905454.61,23.86,7.19,15.53,-79.94,-99.61,-89.77,2,56.51,4.00,0.14,146.72,233.43,1258.35,1609.80
Didelphimorphia,Didelphidae,Marmosa,murina,marmosa murina,1.00,36.28,-999.00,120.57,-999.00,-999.00,-999.00,-999.00,3.00,-999.00,13.27,2.00,-999.00,-999.00,-999.00,8.40,-999.00,-999.00,0.09,-999.00,55.80,-999.00,-999.00,1.00,11,2.00,2,62.00,-999.00,-999.00,730;889;890;905;955;1297;2151;2655,-999.00,-999.00,-999.00,-999.00,6413981.40,11.33,-23.10,-5.88,-34.79,-77.78,-56.28,0,19.42,0.00,0.11,174.96,250.83,1407.64,1593.86
Didelphimorphia,Didelphidae,Marmosa,quichua,marmosa quichua,-999.00,-999.00,-999.00,-999.00,-999.00,-999.00,-999.00,-999.00,-999.00,-999.00,-999.00,-999.00,-999.00,-999.00,-999.00,-999.00,3.00,-999.00,-999.00,-999.00,-999.00,-999.00,-999.00,-999.00,-999,-999.00,-999,-999.00,-999.00,-999.00,2151,-999.00,-999.00,-999.00,-999.00,-999.00,-999.00,-999.00,-999.00,-999.00,-999.00,-999.00,-999,-999.00,-999.00,-999.00,-999.00,-999.00,-999.00,-999.00
Didelphimorphia,Didelphidae,Marmosa,robinsoni,marmosa robinsoni,1.00,60.57,-999.00,150.12,37.25,-999.00,97.60,122.00,3.00,-999.00,13.83,2.00,1.55313e-03,2.2e-03,134.00,9.50,1.50,24.00,0.08,-999.00,189.03,-999.00,253.82,1.00,15,2.00,2,64.63,10.48,-999.00,730;889;890;905;955;1297;1412;1760;1773;1822;1876;2151;2158;2159;2655,-999.00,-999.00,-999.00,-999.00,704865.99,17.44,-3.21,7.11,-60.51,-90.12,-75.32,1,81.24,4.00,0.12,141.30,245.93,1336.20,1688.48
Didelphimorphia,Didelphidae,Marmosa,rubra,marmosa rubra,1.00,62.99,-999.00,-999.00,-999.00,-999.00,-999.00,-999.00,-999.00,-999.00,-999.00,-999.00,-999.00,-999.00,-999.00,-999.00,-999.00,-999.00,-999.00,-999.00,-999.00,-999.00,-999.00,-999.00,-999,-999.00,-999,-999.00,-999.00,-999.00,1760;2655,-999.00,-999.00,-999.00,-999.00,272062.11,1.53,-9.78,-4.12,-73.33,-77.71,-75.52,1,5.28,1.00,0.16,192.70,261.74,1423.23,1451.63
Didelphimorphia,Didelphidae,Marmosa,tyleriana,marmosa tyleriana,1.00,32.40,-999.00,119.28,-999.00,-999.00,-999.00,-999.00,-999.00,-999.00,-999.00,-999.00,-999.00,-999.00,-999.00,3.00,-999.00,-999.00,-999.00,-999.00,-999.00,-999.00,-999.00,-999.00,4,-999.00,-999,-999.00,-999.00,-999.00,889;1297;1760;2655,-999.00,-999.00,-999.00,-999.00,256123.42,6.68,0.92,3.80,-60.85,-67.70,-64.28,0,0.52,0.00,0.11,187.92,230.56,1643.66,1690.42
Didelphimorphia,Didelphidae,Marmosa,xerophila,marmosa xerophila,1.00,46.20,-999.00,131.00,-999.00,-999.00,-999.00,-999.00,-999.00,-999.00,-999.00,1.00,-999.00,-999.00,-999.00,-999.00,-999.00,-999.00,-999.00,-999.00,-999.00,-999.00,-999.00,-999.00,-999,2.00,-999,-999.00,-999.00,-999.00,889;1760;2655,-999.00,-999.00,-999.00,-999.00,74940.72,12.46,9.68,11.07,-68.22,-72.73,-70.47,6,60.45,8.00,0.12,58.71,258.42,1198.08,1904.41
Didelphimorphia,Didelphidae,Marmosops,bishopi,marmosops bishopi,-999.00,-999.00,-999.00,103.46,-999.00,-999.00,-999.00,-999.00,-999.00,-999.00,-999.00,-999.00,-999.00,-999.00,-999.00,-999.00,-999.00,-999.00,-999.00,-999.00,-999.00,-999.00,-999.00,-999.00,-999,-999.00,-999,-999.00,-999.00,-999.00,2291,34.23,-999.00,-999.00,-999.00,-999.00,-999.00,-999.00,-999.00,-999.00,-999.00,-999.00,-999,-999.00,-999.00,-999.00,-999.00,-999.00,-999.00,-999.00
Didelphimorphia,Didelphidae,Marmosops,cracens,marmosops cracens,1.00,26.26,-999.00,105.00,-999.00,-999.00,-999.00,-999.00,-999.00,-999.00,-999.00,-999.00,-999.00,-999.00,-999.00,-999.00,-999.00,-999.00,-999.00,-999.00,-999.00,-999.00,-999.00,-999.00,-999,-999.00,-999,-999.00,-999.00,-999.00,889;1760;2655,-999.00,-999.00,-999.00,-999.00,4912.21,11.34,10.64,10.99,-68.41,-69.54,-68.97,15,30.86,15.00,0.07,72.84,273.50,1168.85,1999.22
Didelphimorphia,Didelphidae,Marmosops,dorothea,marmosops dorothea,1.00,37.50,-999.00,152.15,-999.00,-999.00,-999.00,-999.00,-999.00,-999.00,-999.00,-999.00,-999.00,-999.00,-999.00,-999.00,-999.00,-999.00,-999.00,-999.00,-999.00,-999.00,-999.00,-999.00,-999,-999.00,-999,-999.00,-999.00,-999.00,890;1760;2655,-999.00,-999.00,-999.00,-999.00,220881.33,-14.00,-19.07,-16.54,-60.03,-67.32,-63.67,1,5.25,1.00,0.16,95.96,239.96,1257.19,1446.88
Didelphimorphia,Didelphidae,Marmosops,fuscatus,marmosops fuscatus,1.00,45.15,-999.00,130.85,-999.00,-999.00,-999.00,-999.00,2.00,-999.00,-999.00,2.00,-999.00,-999.00,-999.00,5.47,2.00,-999.00,-999.00,-999.00,88.57,-999.00,185.61,-999.00,-999,2.00,2,-999.00,-999.00,-999.00,680;730;889;905;1297;2655,-999.00,-999.00,-999.00,-999.00,117128.88,11.33,5.29,8.31,-60.51,-73.32,-66.91,4,116.26,8.00,0.10,99.22,218.42,1339.28,1712.56
Didelphimorphia,Didelphidae,Marmosops,handleyi,marmosops handleyi,1.00,30.70,-999.00,113.00,-999.00,-999.00,-999.00,-999.00,-999.00,-999.00,-999.00,-999.00,-999.00,-999.00,-999.00,-999.00,-999.00,-999.00,-999.00,-999.00,-999.00,-999.00,-999.00,-999.00,-999,-999.00,-999,-999.00,-999.00,-999.00,889;1760;2291;2655,-999.00,-999.00,-999.00,-999.00,373.34,7.19,7.00,7.10,-75.36,-75.56,-75.46,19,19.00,19.00,0.11,145.00,189.00,1547.50,1621.50
Didelphimorphia,Didelphidae,Marmosops,impavidus,marmosops impavidus,1.00,41.71,-999.00,137.50,-999.00,-999.00,-999.00,-999.00,-999.00,-999.00,-999.00,2.00,-999.00,-999.00,-999.00,-999.00,-999.00,-999.00,-999.00,-999.00,-999.00,-999.00,-999.00,-999.00,-999,2.00,-999,-999.00,-999.00,-999.00,889;890;1760;2655,-999.00,-999.00,-999.00,-999.00,973342.07,8.19,-10.27,-1.03,-65.38,-79.66,-72.52,0,27.97,0.00,0.11,199.10,227.51,1417.42,1513.91
Didelphimorphia,Didelphidae,Marmosops,incanus,marmosops incanus,1.00,59.88,-999.00,131.50,-999.00,-999.00,-999.00,-999.00,2.00,-999.00,-999.00,2.00,-999.00,-999.00,-999.00,-999.00,1.00,-999.00,-999.00,-999.00,-999.00,-999.00,-999.00,-999.00,-999,2.00,2,64.63,-999.00,-999.00,890;1760;1818;2225;2655,-999.00,-999.00,-999.00,-999.00,-999.00,-999.00,-999.00,-999.00,-999.00,-999.00,-999.00,-999,-999.00,-999.00,-999.00,-999.00,-999.00,-999.00,-999.00
Didelphimorphia,Didelphidae,Marmosops,invictus,marmosops invictus,1.00,29.19,-999.00,111.27,-999.00,-999.00,-999.00,-999.00,3.00,-999.00,-999.00,2.00,-999.00,-999.00,-999.00,-999.00,-999.00,-999.00,-999.00,-999.00,-999.00,-999.00,-999.00,-999.00,-999,2.00,2,-999.00,-999.00,-999.00,889;905;2291;2655,-999.00,-999.00,-999.00,-999.00,23715.90,9.27,7.08,8.18,-77.22,-82.77,-80.00,3,34.22,3.00,0.06,210.58,254.29,1552.51,1695.42
Didelphimorphia,Didelphidae,Marmosops,juninensis,marmosops juninensis,-999.00,-999.00,-999.00,118.68,-999.00,-999.00,-999.00,-999.00,-999.00,-999.00,-999.00,-999.00,-999.00,-999.00,-999.00,-999.00,-999.00,-999.00,-999.00,-999.00,-999.00,-999.00,-999.00,-999.00,-999,-999.00,-999,-999.00,-999.00,-999.00,2291,50.88,-999.00,-999.00,-999.00,-999.00,-999.00,-999.00,-999.00,-999.00,-999.00,-999.00,-999,-999.00,-999.00,-999.00,-999.00,-999.00,-999.00,-999.00
Didelphimorphia,Didelphidae,Marmosops,neblina,marmosops neblina,-999.00,-999.00,-999.00,123.24,-999.00,-999.00,-999.00,-999.00,-999.00,-999.00,-999.00,-999.00,-999.00,-999.00,-999.00,-999.00,-999.00,-999.00,-999.00,-999.00,-999.00,-999.00,-999.00,-999.00,-999,-999.00,-999,-999.00,-999.00,-999.00,890,56.73,-999.00,-999.00,-999.00,-999.00,-999.00,-999.00,-999.00,-999.00,-999.00,-999.00,-999,-999.00,-999.00,-999.00,-999.00,-999.00,-999.00,-999.00
Primates,Hylobatidae,Hylobates,moloch,hylobates moloch,3.00,5860.81,-999.00,675.60,-999.00,-999.00,-999.00,-999.00,4.00,-999.00,241.20,-999.00,0.12,0.17,730.00,1.00,0.42,-999.00,-999.00,-999.00,6.18,-999.00,-999.00,2.15,-999,-999.00,2,-999.00,-999.00,-999.00,208;610;899;1297;1544;1547;1577;1848;2344;2453;2655;2660;2986,-999.00,-999.00,-999.00,-999.00,20157.87,-6.49,-7.52,-7.00,110.41,106.60,108.51,570,1249.44,570.00,0.06,211.91,238.25,1601.11,1755.37
Primates,Hylobatidae,Hylobates,muelleri,hylobates muelleri,3.00,5909.81,-999.00,545.00,-999.00,-999.00,-999.00,-999.00,4.00,-999.00,206.70,-999.00,0.26,0.38,1095.00,1.02,-999.00,-999.00,-999.00,-999.00,10.20,-999.00,-999.00,3.20,-999,-999.00,2,-999.00,-999.00,-999.00,610;730;1544;1547;1848;2344;2453;2454;2655;2660;2700,-999.00,0.63,-999.00,-999.00,511224.13,6.45,-4.18,1.13,119.26,108.83,114.05,1,28.17,3.00,0.20,266.53,240.08,1679.44,1707.78
Primates,Hylobatidae,Hylobates,pileatus,hylobates pileatus,3.00,5542.37,-999.00,542.49,-999.00,-999.00,-999.00,-999.00,5.00,-999.00,200.16,1.00,0.23,0.33,-999.00,1.00,-999.00,432.00,-999.00,-999.00,23.70,4.00,2454.24,3.25,-999,2.00,2,635.13,-999.00,-999.00,208;543;610;1015;1167;1544;1547;1848;2344;2453;2655;2660;2700,-999.00,-999.00,-999.00,-999.00,140831.03,15.35,10.48,12.92,106.66,100.68,103.67,3,69.09,5.00,0.09,157.60,259.90,1202.35,1711.54
Artiodactyla,Suidae,Hylochoerus,meinertzhageni,hylochoerus meinertzhageni,2.00,198130.47,-999.00,2028.75,-999.00,532.29,-999.00,-999.00,2.00,-999.00,151.00,1.00,-999.00,-999.00,365.00,4.00,-999.00,216.00,-999.00,-999.00,1.50,-999.00,521.59,10.00,6,1.00,1,62.82,-999.00,-999.00,511;543;645;760;904;1297;1848;2180;2655,-999.00,1.10,-999.00,-999.00,2227871.01,11.77,-4.45,3.65,41.41,-14.78,13.31,0,45.11,1.00,0.10,138.34,233.53,1288.14,1558.22
Erinaceomorpha,Erinaceidae,Hylomys,megalotis,hylomys megalotis,-999.00,-999.00,-999.00,-999.00,-999.00,-999.00,-999.00,-999.00,-999.00,-999.00,-999.00,-999.00,-999.00,-999.00,-999.00,-999.00,-999.00,-999.00,-999.00,-999.00,-999.00,-999.00,-999.00,-999.00,-999,-999.00,-999,-999.00,-999.00,-999.00,-999,-999.00,-999.00,-999.00,-999.00,-999.00,-999.00,-999.00,-999.00,-999.00,-999.00,-999.00,-999,-999.00,-999.00,-999.00,-999.00,-999.00,-999.00,-999.00
Erinaceomorpha,Erinaceidae,Hylomys,parvus,hylomys parvus,-999.00,-999.00,-999.00,-999.00,-999.00,-999.00,-999.00,-999.00,-999.00,-999.00,-999.00,-999.00,-999.00,-999.00,-999.00,-999.00,-999.00,-999.00,-999.00,-999.00,-999.00,-999.00,-999.00,-999.00,-999,-999.00,-999,-999.00,-999.00,-999.00,-999,-999.00,-999.00,-999.00,-999.00,73.08,-1.65,-1.73,-1.69,101.30,101.22,101.26,91,91.00,91.00,0.05,343.00,174.00,1796.00,2006.00
Erinaceomorpha,Erinaceidae,Hylomys,suillus,hylomys suillus,2.00,57.61,-999.00,132.49,-999.00,-999.00,-999.00,-999.00,2.00,-999.00,32.71,2.00,1.894621e-03,1.838633e-03,-999.00,2.29,2.00,-999.00,-999.00,-999.00,156.67,2.00,-999.00,-999.00,-999,2.00,2,-999.00,-999.00,-999.00,678;1086;1297;1456;1946;1973;2507;2508;2655;2786;3093,-999.00,-999.00,-999.00,-999.00,1564335.00,25.70,-8.78,8.46,117.49,95.35,106.42,1,157.80,8.00,0.10,182.74,229.18,1306.94,1593.36
Rodentia,Muridae,Hylomyscus,aeta,hylomyscus aeta,1.00,22.13,-999.00,-999.00,-999.00,-999.00,-999.00,-999.00,-999.00,-999.00,-999.00,2.00,-999.00,-999.00,-999.00,4.18,-999.00,-999.00,-999.00,-999.00,-999.00,-999.00,-999.00,-999.00,-999,2.00,-999,-999.00,-999.00,-999.00,904;1297;2655,-999.00,-999.00,-999.00,-999.00,1642063.26,6.37,-5.78,0.29,31.86,8.19,20.03,0,25.14,1.00,0.10,146.82,238.31,1369.34,1548.82
Rodentia,Muridae,Hylomyscus,alleni,hylomyscus alleni,-999.00,19.94,-999.00,-999.00,-999.00,-999.00,-999.00,-999.00,-999.00,-999.00,29.00,-999.00,-999.00,-999.00,-999.00,3.00,-999.00,-999.00,1.50,-999.00,-999.00,-999.00,-999.00,-999.00,-999,-999.00,-999,-999.00,-999.00,-999.00,1297;2655,-999.00,-999.00,-999.00,-999.00,953345.49,10.01,1.54,5.77,13.83,-10.84,1.49,2,100.55,6.00,0.11,149.35,255.29,1253.27,1570.76
Rodentia,Muridae,Hylomyscus,baeri,hylomyscus baeri,-999.00,-999.00,-999.00,-999.00,-999.00,-999.00,-999.00,-999.00,-999.00,-999.00,-999.00,-999.00,-999.00,-999.00,-999.00,-999.00,-999.00,-999.00,-999.00,-999.00,-999.00,-999.00,-999.00,-999.00,-999,-999.00,-999,-999.00,-999.00,-999.00,-999,-999.00,-999.00,-999.00,-999.00,89121.81,7.12,5.26,6.19,0.03,-5.13,-2.55,26,142.58,38.00,0.14,119.87,263.19,1393.42,1642.96
Rodentia,Muridae,Hylomyscus,carillus,hylomyscus carillus,-999.00,-999.00,-999.00,-999.00,-999.00,-999.00,-999.00,-999.00,-999.00,-999.00,-999.00,-999.00,-999.00,-999.00,-999.00,-999.00,-999.00,-999.00,-999.00,-999.00,-999.00,-999.00,-999.00,-999.00,-999,-999.00,-999,-999.00,-999.00,-999.00,-999,-999.00,-999.00,-999.00,-999.00,260098.81,-7.89,-13.02,-10.46,20.58,13.82,17.20,2,12.78,2.00,0.14,100.90,212.94,984.10,1398.26
Rodentia,Muridae,Hylomyscus,denniae,hylomyscus denniae,-999.00,35.99,-999.00,-999.00,-999.00,-999.00,-999.00,-999.00,-999.00,-999.00,-999.00,-999.00,-999.00,-999.00,-999.00,4.61,-999.00,-999.00,-999.00,-999.00,-999.00,-999.00,-999.00,-999.00,-999,-999.00,-999,-999.00,-999.00,-999.00,1297;2655,-999.00,-999.00,-999.00,-999.00,382114.24,0.94,-12.99,-6.02,38.56,24.12,31.34,3,62.86,4.00,0.15,88.52,207.46,985.90,1477.59
Rodentia,Muridae,Hylomyscus,grandis,hylomyscus grandis,-999.00,-999.00,-999.00,-999.00,-999.00,-999.00,-999.00,-999.00,-999.00,-999.00,-999.00,-999.00,-999.00,-999.00,-999.00,-999.00,-999.00,-999.00,-999.00,-999.00,-999.00,-999.00,-999.00,-999.00,-999,-999.00,-999,-999.00,-999.00,-999.00,-999,-999.00,-999.00,-999.00,-999.00,-999.00,-999.00,-999.00,-999.00,-999.00,-999.00,-999.00,-999,-999.00,-999.00,-999.00,-999.00,-999.00,-999.00,-999.00
Rodentia,Muridae,Hylomyscus,parvus,hylomyscus parvus,1.00,14.49,-999.00,-999.00,-999.00,-999.00,-999.00,-999.00,-999.00,-999.00,-999.00,2.00,-999.00,-999.00,-999.00,-999.00,-999.00,-999.00,-999.00,-999.00,-999.00,-999.00,-999.00,-999.00,-999,2.00,-999,-999.00,-999.00,-999.00,904,-999.00,-999.00,-999.00,-999.00,412234.93,5.42,-0.27,2.57,26.37,8.97,17.67,0,18.15,1.00,0.07,150.42,241.91,1339.72,1510.37
Rodentia,Muridae,Hylomyscus,stella,hylomyscus stella,1.00,18.99,-999.00,-999.00,-999.00,-999.00,-999.00,-999.00,-999.00,-999.00,29.49,2.00,-999.00,-999.00,-999.00,3.11,-999.00,-999.00,1.47,-999.00,-999.00,-999.00,43.08,-999.00,-999,2.00,-999,-999.00,-999.00,-999.00,904;1297;2655,-999.00,-999.00,-999.00,-999.00,2860285.48,7.71,-6.24,0.73,35.14,4.19,19.66,0,41.45,1.00,0.12,145.48,241.17,1368.61,1559.06
Chiroptera,Phyllostomidae,Hylonycteris,underwoodi,hylonycteris underwoodi,-999.00,7.50,34.00,59.84,-999.00,-999.00,-999.00,-999.00,-999.00,-999.00,-999.00,1.00,-999.00,-999.00,-999.00,0.99,-999.00,-999.00,1.19,26.28,-999.00,-999.00,-999.00,-999.00,-999,2.00,-999,-999.00,-999.00,-999.00,1297;1658;2151;2281;2622;2655,-999.00,-999.00,-999.00,-999.00,954887.07,21.62,8.02,14.82,-82.11,-105.67,-93.89,0,57.53,4.00,0.14,141.67,228.21,1200.26,1622.90
Rodentia,Sciuridae,Hylopetes,alboniger,hylopetes alboniger,-999.00,255.38,-999.00,-999.00,-999.00,-999.00,-999.00,-999.00,-999.00,-999.00,-999.00,1.00,-999.00,-999.00,-999.00,2.23,-999.00,-999.00,-999.00,-999.00,-999.00,-999.00,-999.00,-999.00,-999,2.00,-999,-999.00,-999.00,-999.00,32;1297;2655,-999.00,-999.00,-999.00,-999.00,1139108.65,29.28,11.20,20.24,111.03,85.62,98.32,1,84.69,3.00,0.09,147.39,169.10,1066.49,1337.25
Rodentia,Sciuridae,Hylopetes,bartelsi,hylopetes bartelsi,-999.00,-999.00,-999.00,-999.00,-999.00,-999.00,-999.00,-999.00,-999.00,-999.00,-999.00,-999.00,-999.00,-999.00,-999.00,-999.00,-999.00,-999.00,-999.00,-999.00,-999.00,-999.00,-999.00,-999.00,-999,-999.00,-999,-999.00,-999.00,-999.00,-999,-999.00,-999.00,-999.00,-999.00,20202.96,-6.35,-7.41,-6.88,108.64,106.27,107.46,270,1159.69,270.00,0.08,215.51,242.67,1588.52,1752.69
Rodentia,Sciuridae,Hylopetes,lepidus,hylopetes lepidus,1.00,63.28,-999.00,141.67,-999.00,-999.00,-999.00,-999.00,5.00,-999.00,40.00,1.00,-999.00,-999.00,517.08,2.00,-999.00,-999.00,-999.00,-999.00,-999.00,-999.00,-999.00,-999.00,-999,2.00,2,-999.00,-999.00,-999.00,1297;1849;1971;2098;2152;2655,-999.00,0.92,-999.00,-999.00,186400.68,6.27,-8.78,-1.25,117.73,105.20,111.46,2,571.71,3.00,0.11,230.63,236.31,1568.71,1728.34
Rodentia,Sciuridae,Hylopetes,nigripes,hylopetes nigripes,1.00,-999.00,-999.00,219.99,-999.00,-999.00,-999.00,-999.00,5.00,-999.00,-999.00,1.00,-999.00,-999.00,-999.00,-999.00,-999.00,-999.00,-999.00,-999.00,-999.00,-999.00,-999.00,-999.00,-999,2.00,2,-999.00,-999.00,-999.00,2152,302.25,-999.00,-999.00,-999.00,11578.53,11.42,8.21,9.81,119.71,117.07,118.39,22,42.93,22.00,0.21,224.00,249.78,-999.00,-999.00
Rodentia,Sciuridae,Hylopetes,phayrei,hylopetes phayrei,-999.00,226.99,-999.00,176.90,-999.00,-999.00,-999.00,-999.00,-999.00,-999.00,-999.00,-999.00,-999.00,-999.00,-999.00,-999.00,-999.00,-999.00,-999.00,-999.00,-999.00,-999.00,-999.00,-999.00,-999,-999.00,-999,-999.00,-999.00,-999.00,2655;2848,-999.00,-999.00,-999.00,-999.00,932073.02,27.93,9.85,18.89,111.03,93.31,102.17,5,76.98,10.00,0.08,143.87,219.28,1060.37,1463.89
Rodentia,Sciuridae,Hylopetes,platyurus,hylopetes platyurus,-999.00,56.98,-999.00,131.27,-999.00,-999.00,-999.00,-999.00,-999.00,-999.00,-999.00,-999.00,-999.00,-999.00,-999.00,-999.00,-999.00,-999.00,-999.00,-999.00,-999.00,-999.00,-999.00,-999.00,-999,-999.00,-999,-999.00,-999.00,-999.00,1849;2844,-999.00,-999.00,-999.00,-999.00,542348.19,6.13,-5.94,0.09,106.84,95.18,101.01,3,105.05,20.00,0.13,225.04,252.21,1695.50,1782.09
Rodentia,Sciuridae,Hylopetes,sipora,hylopetes sipora,-999.00,-999.00,-999.00,-999.00,-999.00,-999.00,-999.00,-999.00,-999.00,-999.00,-999.00,-999.00,-999.00,-999.00,-999.00,-999.00,-999.00,-999.00,-999.00,-999.00,-999.00,-999.00,-999.00,-999.00,-999,-999.00,-999,-999.00,-999.00,-999.00,-999,-999.00,-999.00,-999.00,-999.00,620.62,-2.02,-2.40,-2.21,99.85,99.51,99.68,114,114.00,114.00,8.84955752212389e-03,-999.00,-999.00,-999.00,-999.00
Rodentia,Sciuridae,Hylopetes,spadiceus,hylopetes spadiceus,1.00,118.10,-999.00,181.38,-999.00,-999.00,-999.00,-999.00,-999.00,-999.00,-999.00,1.00,-999.00,-999.00,-999.00,-999.00,-999.00,-999.00,-999.00,-999.00,-999.00,-999.00,-999.00,-999.00,-999,2.00,-999,-999.00,-999.00,-999.00,32;1971;2152;2655,-999.00,-999.00,-999.00,-999.00,906961.33,19.79,-5.94,6.92,109.28,95.18,102.23,3,119.72,10.00,0.11,208.18,251.49,1498.06,1755.05
Rodentia,Sciuridae,Hylopetes,winstoni,hylopetes winstoni,-999.00,-999.00,-999.00,-999.00,-999.00,-999.00,-999.00,-999.00,-999.00,-999.00,-999.00,-999.00,-999.00,-999.00,-999.00,-999.00,-999.00,-999.00,-999.00,-999.00,-999.00,-999.00,-999.00,-999.00,-999,-999.00,-999,-999.00,-999.00,-999.00,-999,-999.00,-999.00,-999.00,-999.00,123.43,4.79,4.68,4.73,96.78,96.67,96.72,99,99.00,99.00,0.11,141.00,224.00,1494.00,1732.00
Rodentia,Muridae,Hyomys,dammermani,hyomys dammermani,-999.00,932.50,-999.00,310.39,-999.00,-999.00,-999.00,-999.00,3.00,-999.00,-999.00,3.00,-999.00,-999.00,-999.00,1.07,-999.00,-999.00,-999.00,-999.00,-999.00,-999.00,-999.00,-999.00,4,2.00,1,-999.00,-999.00,25.00,977;2152;2655;2803,-999.00,-999.00,-999.00,0.94,24335.07,-1.13,-5.61,-3.37,142.18,133.89,138.04,1,4.16,2.00,0.15,200.75,202.55,1730.42,1778.22
Rodentia,Muridae,Hyomys,goliath,hyomys goliath,1.00,866.74,-999.00,339.26,-999.00,-999.00,-999.00,-999.00,2.00,-999.00,-999.00,3.00,-999.00,-999.00,-999.00,1.00,-999.00,-999.00,-999.00,-999.00,-999.00,-999.00,-999.00,-999.00,4,2.00,1,-999.00,-999.00,344.14,292;456;977;1297;2152;2655;2803,-999.00,-999.00,-999.00,753.81,99063.72,-5.30,-10.02,-7.66,149.56,143.71,146.63,2,14.16,5.00,0.10,287.00,187.20,1649.90,1675.66
Rodentia,Sciuridae,Hyosciurus,heinrichi,hyosciurus heinrichi,-999.00,-999.00,-999.00,-999.00,-999.00,-999.00,-999.00,-999.00,-999.00,-999.00,-999.00,-999.00,-999.00,-999.00,-999.00,-999.00,-999.00,-999.00,-999.00,-999.00,-999.00,-999.00,-999.00,-999.00,-999,-999.00,-999,-999.00,-999.00,-999.00,-999,-999.00,-999.00,-999.00,-999.00,17668.93,-1.75,-2.63,-2.19,121.43,119.42,120.42,17,32.35,17.00,0.15,218.92,185.54,1820.61,1852.45
Rodentia,Sciuridae,Hyosciurus,ileile,hyosciurus ileile,-999.00,-999.00,-999.00,-999.00,-999.00,-999.00,-999.00,-999.00,-999.00,-999.00,-999.00,-999.00,-999.00,-999.00,-999.00,-999.00,-999.00,-999.00,-999.00,-999.00,-999.00,-999.00,-999.00,-999.00,-999,-999.00,-999,-999.00,-999.00,-999.00,-999,-999.00,-999.00,-999.00,-999.00,10386.52,1.16,0.50,0.83,122.56,120.47,121.51,42,52.77,42.00,0.08,226.57,212.28,-999.00,-999.00
Rodentia,Cricetidae,Hyperacrius,fertilis,hyperacrius fertilis,-999.00,22.25,-999.00,-999.00,-999.00,-999.00,-999.00,-999.00,-999.00,-999.00,-999.00,-999.00,-999.00,-999.00,-999.00,2.50,2.50,-999.00,-999.00,-999.00,-999.00,-999.00,-999.00,-999.00,-999,-999.00,-999,-999.00,-999.00,-999.00,1297;2655,-999.00,-999.00,-999.00,-999.00,64975.52,36.07,32.40,34.24,75.02,72.29,73.66,16,265.13,18.00,0.12,57.30,104.53,691.42,1108.25
Rodentia,Cricetidae,Hyperacrius,wynnei,hyperacrius wynnei,-999.00,52.60,-999.00,-999.00,-999.00,-999.00,-999.00,-999.00,-999.00,-999.00,-999.00,-999.00,-999.00,-999.00,-999.00,2.50,-999.00,-999.00,-999.00,-999.00,-999.00,-999.00,-999.00,-999.00,-999,-999.00,-999,-999.00,-999.00,-999.00,1297;2655,-999.00,-999.00,-999.00,-999.00,64975.52,36.07,32.40,34.24,75.02,72.29,73.66,16,265.13,18.00,0.12,57.30,104.53,691.42,1108.25
Cetacea,Ziphiidae,Hyperoodon,ampullatus,hyperoodon ampullatus,-999.00,3393361.08,-999.00,8778.42,-999.00,-999.00,-999.00,-999.00,2.00,-999.00,365.00,1.00,-999.00,-999.00,-999.00,1.00,0.70,444.00,-999.00,-999.00,-999.00,-999.00,3580.06,7.00,-999,-999.00,3,365.00,-999.00,-999.00,511;543;1004;1297;2151;2655,-999.00,-999.00,-999.00,-999.00,-999.00,-999.00,-999.00,-999.00,-999.00,-999.00,-999.00,-999,-999.00,-999.00,-999.00,-999.00,-999.00,-999.00,-999.00
Cetacea,Ziphiidae,Hyperoodon,planifrons,hyperoodon planifrons,-999.00,3000000.01,-999.00,6699.99,-999.00,-999.00,-999.00,-999.00,1.00,-999.00,-999.00,1.00,-999.00,-999.00,-999.00,-999.00,-999.00,-999.00,-999.00,-999.00,-999.00,10.00,-999.00,-999.00,-999,-999.00,3,-999.00,-999.00,-999.00,56;890;2151;2655,-999.00,-999.00,-999.00,-999.00,-999.00,-999.00,-999.00,-999.00,-999.00,-999.00,-999.00,-999,-999.00,-999.00,-999.00,-999.00,-999.00,-999.00,-999.00
Rodentia,Nesomyidae,Hypogeomys,antimena,hypogeomys antimena,1.00,1175.93,-999.00,306.34,-999.00,-999.00,-999.00,-999.00,5.00,-999.00,-999.00,2.00,0.02,0.02,-999.00,1.26,-999.00,-999.00,-999.00,-999.00,63.33,2.00,729.99,2.00,-999,1.00,1,-999.00,-999.00,-999.00,675;899;1045;1048;1297;1573;2152;2333;2655;2672,-999.00,-999.00,-999.00,-999.00,4191.40,-19.68,-20.44,-20.06,45.17,44.45,44.81,4,14.15,4.00,0.20,78.01,247.60,933.42,1567.19
Chiroptera,Pteropodidae,Hypsignathus,monstrosus,hypsignathus monstrosus,1.00,336.97,127.50,226.48,-999.00,-999.00,-999.00,-999.00,1.00,-999.00,125.14,1.00,-999.00,-999.00,-999.00,1.40,2.00,-999.00,39.30,150.17,-999.00,4.40,227.99,-999.00,-999,2.00,1,-999.00,163.92,-999.00,185;196;258;266;360;427;904;1297;1601;1658;1735;2017;2143;2150;2151;2295;2655;2719;3023;3071,-999.00,-999.00,-999.00,-999.00,6029962.02,13.93,-11.35,1.28,36.29,-16.82,9.73,0,42.63,1.00,0.12,134.45,246.55,1210.09,1561.38
Diprotodontia,Hypsiprymnodontidae,Hypsiprymnodon,moschatus,hypsiprymnodon moschatus,2.00,534.25,-999.00,-999.00,-999.00,365.00,-999.00,-999.00,4.00,-999.00,-999.00,-999.00,-999.00,-999.00,365.00,2.04,-999.00,72.00,-999.00,-999.00,239.99,-999.00,413.84,-999.00,-999,-999.00,2,268.47,190.39,-999.00,955;1297;1760;1848;2655,-999.00,1.10,-999.00,-999.00,26547.14,-16.11,-18.97,-17.54,146.34,144.96,145.65,0,9.08,0.00,0.08,135.64,209.93,1181.28,1675.89
Chiroptera,Vespertilionidae,Hypsugo,alaschanicus,hypsugo alaschanicus,-999.00,-999.00,-999.00,-999.00,-999.00,-999.00,-999.00,-999.00,-999.00,-999.00,-999.00,-999.00,-999.00,-999.00,-999.00,-999.00,-999.00,-999.00,-999.00,-999.00,-999.00,-999.00,-999.00,-999.00,-999,-999.00,-999,-999.00,-999.00,-999.00,-999,-999.00,-999.00,-999.00,-999.00,87983.24,38.13,34.07,36.10,129.58,126.11,127.85,78,469.83,78.00,-0.01,97.04,96.83,773.01,908.23
Chiroptera,Vespertilionidae,Hypsugo,anchietae,hypsugo anchietae,-999.00,-999.00,-999.00,-999.00,-999.00,-999.00,-999.00,-999.00,-999.00,-999.00,-999.00,1.00,-999.00,-999.00,-999.00,-999.00,-999.00,-999.00,-999.00,-999.00,-999.00,-999.00,-999.00,-999.00,-999,2.00,-999,-999.00,-999.00,-999.00,2151,-999.00,-999.00,-999.00,-999.00,2206641.46,-6.05,-30.34,-18.19,32.53,14.38,23.46,1,20.29,2.00,0.18,90.36,211.85,882.12,1397.25
Chiroptera,Vespertilionidae,Hypsugo,anthonyi,hypsugo anthonyi,-999.00,-999.00,38.00,-999.00,-999.00,-999.00,-999.00,-999.00,-999.00,-999.00,-999.00,1.00,-999.00,-999.00,-999.00,-999.00,-999.00,-999.00,-999.00,-999.00,-999.00,-999.00,-999.00,-999.00,-999,2.00,-999,-999.00,-999.00,-999.00,1658;2151,8.41,-999.00,-999.00,-999.00,447.91,26.58,26.35,26.46,96.46,96.23,96.34,2,2.00,2.00,0.00,210.47,190.52,1236.00,1291.00
Chiroptera,Vespertilionidae,Hypsugo,arabicus,hypsugo arabicus,-999.00,3.17,30.50,-999.00,-999.00,-999.00,-999.00,-999.00,-999.00,-999.00,-999.00,1.00,-999.00,-999.00,-999.00,-999.00,-999.00,-999.00,-999.00,-999.00,-999.00,-999.00,-999.00,-999.00,-999,2.00,-999,-999.00,-999.00,-999.00,1658;2151;2622;2655,-999.00,-999.00,-999.00,-999.00,4494.53,23.63,23.06,23.34,57.53,56.41,56.97,4,15.13,4.00,0.21,5.85,212.69,136.15,1304.14
Chiroptera,Vespertilionidae,Hypsugo,ariel,hypsugo ariel,-999.00,-999.00,29.49,-999.00,-999.00,-999.00,-999.00,-999.00,-999.00,-999.00,-999.00,1.00,-999.00,-999.00,-999.00,-999.00,-999.00,-999.00,-999.00,-999.00,-999.00,-999.00,-999.00,-999.00,-999,2.00,-999,-999.00,-999.00,-999.00,1658;2151,4.07,-999.00,-999.00,-999.00,201108.27,31.57,12.52,22.04,35.85,30.88,33.37,1,33.00,1.00,0.07,12.18,258.71,173.55,1435.70
Chiroptera,Vespertilionidae,Hypsugo,bodenheimeri,hypsugo bodenheimeri,-999.00,2.73,30.00,-999.00,-999.00,-999.00,-999.00,-999.00,-999.00,-999.00,-999.00,1.00,-999.00,-999.00,-999.00,-999.00,-999.00,-999.00,-999.00,-999.00,-999.00,-999.00,-999.00,-999.00,-999,2.00,-999,-999.00,-999.00,-999.00,1658;2151;2622;2655;3110,-999.00,-999.00,-999.00,-999.00,43430.39,31.65,12.80,22.22,45.28,33.65,39.46,2,74.68,2.00,0.40,7.86,179.49,192.77,1484.87
Chiroptera,Vespertilionidae,Hypsugo,cadornae,hypsugo cadornae,-999.00,6.69,34.99,-999.00,-999.00,-999.00,-999.00,-999.00,-999.00,-999.00,-999.00,1.00,-999.00,-999.00,-999.00,-999.00,-999.00,-999.00,-999.00,-999.00,-999.00,-999.00,-999.00,-999.00,-999,2.00,-999,-999.00,-999.00,-999.00,1658;2151;2622;2655,-999.00,-999.00,-999.00,-999.00,986078.54,31.12,14.06,22.59,108.62,79.43,94.02,0,215.33,4.00,0.08,143.36,192.43,1024.20,1322.23
Chiroptera,Vespertilionidae,Hypsugo,crassulus,hypsugo crassulus,-999.00,6.09,28.49,-999.00,-999.00,-999.00,-999.00,-999.00,-999.00,-999.00,-999.00,1.00,-999.00,-999.00,-999.00,-999.00,-999.00,-999.00,-999.00,-999.00,-999.00,-999.00,-999.00,-999.00,-999,2.00,-999,-999.00,-999.00,-999.00,196;1658;2151;2655,-999.00,-999.00,-999.00,-999.00,1804053.89,5.46,-8.21,-1.37,29.06,-4.22,12.42,0,14.83,1.00,0.12,148.81,242.53,1415.19,1561.33
Chiroptera,Vespertilionidae,Hypsugo,eisentrauti,hypsugo eisentrauti,-999.00,6.11,32.99,-999.00,-999.00,-999.00,-999.00,-999.00,-999.00,-999.00,-999.00,1.00,-999.00,-999.00,-999.00,-999.00,-999.00,-999.00,-999.00,-999.00,-999.00,-999.00,-999.00,-999.00,-999,2.00,-999,-999.00,-999.00,-999.00,1658;2151;2622;2655,-999.00,-999.00,-999.00,-999.00,415632.14,6.50,-3.25,1.62,43.09,8.85,25.97,0,102.75,1.00,0.10,82.67,225.54,956.40,1599.46
Chiroptera,Vespertilionidae,Hypsugo,imbricatus,hypsugo imbricatus,-999.00,6.29,34.33,-999.00,-999.00,-999.00,-999.00,-999.00,1.00,-999.00,-999.00,1.00,-999.00,-999.00,-999.00,-999.00,-999.00,-999.00,-999.00,-999.00,-999.00,-999.00,-999.00,-999.00,-999,2.00,3,-999.00,-999.00,-999.00,196;1621;1658;2151;2655;2719,-999.00,-999.00,-999.00,-999.00,268035.03,5.03,-8.96,-1.96,122.90,105.20,114.05,2,437.19,4.00,0.09,235.68,230.94,1592.70,1733.71
Chiroptera,Vespertilionidae,Hypsugo,joffrei,hypsugo joffrei,-999.00,-999.00,38.99,-999.00,-999.00,-999.00,-999.00,-999.00,-999.00,-999.00,-999.00,1.00,-999.00,-999.00,-999.00,-999.00,-999.00,-999.00,-999.00,-999.00,-999.00,-999.00,-999.00,-999.00,-999,2.00,-999,-999.00,-999.00,-999.00,1658;2151,9.05,-999.00,-999.00,-999.00,452.69,26.12,25.89,26.00,97.61,97.38,97.50,1,10.01,1.00,0.05,186.49,182.50,1185.41,1315.00
Chiroptera,Vespertilionidae,Hypsugo,kitcheneri,hypsugo kitcheneri,-999.00,-999.00,35.99,-999.00,-999.00,-999.00,-999.00,-999.00,-999.00,-999.00,-999.00,1.00,-999.00,-999.00,-999.00,-999.00,-999.00,-999.00,-999.00,-999.00,-999.00,-999.00,-999.00,-999.00,-999,2.00,-999,-999.00,-999.00,-999.00,1658;2151,7.20,-999.00,-999.00,-999.00,27759.22,0.16,-2.02,-0.93,116.99,114.49,115.74,9,17.26,9.00,0.22,209.66,254.83,1707.66,1716.94
Chiroptera,Vespertilionidae,Hypsugo,lophurus,hypsugo lophurus,-999.00,-999.00,34.99,-999.00,-999.00,-999.00,-999.00,-999.00,-999.00,-999.00,-999.00,1.00,-999.00,-999.00,-999.00,-999.00,-999.00,-999.00,-999.00,-999.00,-999.00,-999.00,-999.00,-999.00,-999,2.00,-999,-999.00,-999.00,-999.00,1658;2151,6.64,-999.00,-999.00,-999.00,2.70,10.24,10.22,10.23,98.63,98.62,98.63,40,40.00,40.00,0.11,290.00,246.00,-999.00,-999.00
Chiroptera,Vespertilionidae,Hypsugo,macrotis,hypsugo macrotis,-999.00,-999.00,32.00,-999.00,-999.00,-999.00,-999.00,-999.00,-999.00,-999.00,-999.00,1.00,-999.00,-999.00,-999.00,-999.00,-999.00,-999.00,-999.00,-999.00,-999.00,-999.00,-999.00,-999.00,-999,2.00,-999,-999.00,-999.00,-999.00,1658;2151,5.14,-999.00,-999.00,-999.00,98079.15,5.57,-8.84,-1.63,115.71,100.20,107.96,3,105.80,8.00,0.13,235.27,245.60,1695.14,1740.84
Chiroptera,Vespertilionidae,Hypsugo,musciculus,hypsugo musciculus,-999.00,-999.00,23.00,-999.00,-999.00,-999.00,-999.00,-999.00,-999.00,-999.00,-999.00,1.00,-999.00,-999.00,-999.00,-999.00,-999.00,-999.00,-999.00,-999.00,-999.00,-999.00,-999.00,-999.00,-999,2.00,-999,-999.00,-999.00,-999.00,1658;2151,1.99,-999.00,-999.00,-999.00,1248407.58,3.51,-6.51,-1.50,28.14,11.51,19.83,0,12.67,1.00,0.13,150.99,246.60,1437.50,1554.46
Chiroptera,Vespertilionidae,Hypsugo,pulveratus,hypsugo pulveratus,-999.00,5.53,34.00,-999.00,-999.00,-999.00,-999.00,-999.00,-999.00,-999.00,-999.00,1.00,-999.00,-999.00,-999.00,-999.00,-999.00,-999.00,-999.00,-999.00,-999.00,-999.00,-999.00,-999.00,-999,2.00,-999,-999.00,-999.00,-999.00,196;1658;2151;2622;2655,-999.00,-999.00,-999.00,-999.00,1451043.87,34.88,17.11,25.99,118.89,99.68,109.28,2,234.57,5.00,0.06,108.22,129.27,924.72,1026.84
Chiroptera,Vespertilionidae,Hypsugo,savii,hypsugo savii,-999.00,6.30,34.50,-999.00,3.00,-999.00,-999.00,-999.00,1.00,-999.00,-999.00,1.00,-999.00,-999.00,-999.00,2.00,1.00,-999.00,-999.00,-999.00,-999.00,-999.00,78.66,-999.00,-999,2.00,3,52.10,4.34,-999.00,822;1297;1658;1704;2151;2622;2655;2920,-999.00,-999.00,-999.00,-999.00,4646012.88,52.74,22.90,37.82,145.82,-5.78,70.01,0,91.16,1.00,0.06,57.72,86.44,475.46,888.90
Chiroptera,Vespertilionidae,Hypsugo,vordermanni,hypsugo vordermanni,-999.00,-999.00,-999.00,-999.00,-999.00,-999.00,-999.00,-999.00,-999.00,-999.00,-999.00,-999.00,-999.00,-999.00,-999.00,-999.00,-999.00,-999.00,-999.00,-999.00,-999.00,-999.00,-999.00,-999.00,-999,-999.00,-999,-999.00,-999.00,-999.00,-999,-999.00,-999.00,-999.00,-999.00,19828.26,1.80,-3.26,-0.73,111.26,107.52,109.39,14,54.66,14.00,0.09,276.72,256.72,1626.50,1626.50
Rodentia,Hystricidae,Hystrix,africaeaustralis,hystrix africaeaustralis,1.00,14936.02,-999.00,-999.00,-999.00,-999.00,2361.70,11300.00,3.00,-999.00,93.49,1.00,1.31,1.23,375.00,1.51,1.50,240.00,305.59,-999.00,-999.00,-999.00,438.45,1.50,-999,1.00,1,70.34,-999.00,-999.00,785;1297;1573;1822;2151;2494;2629;2655;2913,-999.00,-999.00,-999.00,-999.00,8461036.56,0.81,-34.83,-17.01,40.84,8.93,24.88,0,26.86,0.00,0.15,76.85,211.20,820.68,1422.06
Rodentia,Hystricidae,Hystrix,brachyura,hystrix brachyura,1.00,8000.00,-999.00,528.81,-999.00,-999.00,-999.00,-999.00,6.00,-999.00,112.00,2.00,-999.00,-999.00,-999.00,1.41,-999.00,327.60,340.74,-999.00,-999.00,1.00,-999.00,-999.00,6,1.00,2,-999.00,-999.00,-999.00,543;899;1154;1297;2151;2152;2655,-999.00,-999.00,-999.00,-999.00,5702383.40,34.44,-4.18,15.12,122.13,82.42,102.27,1,211.51,5.00,0.09,154.96,193.21,1140.36,1334.17
Rodentia,Hystricidae,Hystrix,crassispinis,hystrix crassispinis,-999.00,4584.60,-999.00,542.49,-999.00,-999.00,-999.00,-999.00,6.00,-999.00,112.00,2.00,-999.00,-999.00,-999.00,-999.00,-999.00,-999.00,-999.00,-999.00,-999.00,-999.00,-999.00,-999.00,-999,1.00,2,-999.00,-999.00,-999.00,2151;2152,-999.00,-999.00,-999.00,-999.00,107350.34,4.66,-4.00,0.33,117.59,109.17,113.38,1,35.41,2.00,0.18,262.97,247.93,1679.11,1717.64
Rodentia,Hystricidae,Hystrix,cristata,hystrix cristata,1.00,13406.27,-999.00,-999.00,-999.00,-999.00,-999.00,-999.00,6.00,-999.00,79.19,2.00,0.74,0.58,-999.00,1.73,2.00,-999.00,-999.00,-999.00,-999.00,-999.00,-999.00,-999.00,5,1.00,2,-999.00,-999.00,-999.00,1154;1297;2151;2655;2674,-999.00,-999.00,-999.00,-999.00,16282509.88,44.69,-11.75,16.46,51.41,-17.53,16.93,0,41.55,0.00,0.10,64.61,244.21,671.75,1512.56
Rodentia,Hystricidae,Hystrix,indica,hystrix indica,1.00,14298.60,-999.00,747.76,-999.00,-999.00,-999.00,-999.00,6.00,-999.00,112.00,2.00,1.05,1.50,109.00,1.73,-999.00,-999.00,-999.00,-999.00,5.11,-999.00,-999.00,-999.00,-999,1.00,2,-999.00,-999.00,-999.00,50;679;1297;1573;2151;2534;2585;2655,-999.00,2.03,-999.00,-999.00,9590116.31,43.49,5.91,24.70,86.71,26.06,56.38,0,131.27,3.00,0.12,39.72,185.12,386.40,1241.99
Rodentia,Hystricidae,Hystrix,javanica,hystrix javanica,-999.00,-999.00,-999.00,-999.00,-999.00,-999.00,-999.00,-999.00,6.00,-999.00,112.00,2.00,-999.00,-999.00,-999.00,-999.00,-999.00,-999.00,-999.00,-999.00,-999.00,-999.00,-999.00,-999.00,-999,1.00,2,-999.00,-999.00,-999.00,2151,-999.00,-999.00,-999.00,-999.00,170023.72,-5.87,-9.11,-7.49,123.01,105.20,114.10,41,597.80,52.00,0.05,211.08,243.28,1362.99,1635.63
Rodentia,Hystricidae,Hystrix,pumila,hystrix pumila,-999.00,3544.26,-999.00,542.49,-999.00,-999.00,-999.00,-999.00,6.00,-999.00,112.00,2.00,-999.00,-999.00,-999.00,-999.00,-999.00,114.00,-999.00,-999.00,-999.00,-999.00,-999.00,-999.00,-999,1.00,2,-999.00,-999.00,-999.00,543;2151;2152;2655,-999.00,-999.00,-999.00,-999.00,12831.87,12.33,7.80,10.06,120.34,116.93,118.63,22,43.33,25.00,0.21,224.00,249.78,-999.00,-999.00
Rodentia,Hystricidae,Hystrix,sumatrae,hystrix sumatrae,-999.00,-999.00,-999.00,-999.00,-999.00,-999.00,-999.00,-999.00,6.00,-999.00,112.00,2.00,-999.00,-999.00,-999.00,-999.00,-999.00,-999.00,-999.00,-999.00,-999.00,-999.00,-999.00,-999.00,-999,1.00,2,-999.00,-999.00,-999.00,2151,-999.00,-999.00,-999.00,-999.00,63160.20,5.12,-2.28,1.42,104.17,97.04,100.61,27,103.65,32.00,0.12,205.24,249.42,1604.29,1694.25
Chiroptera,Vespertilionidae,Ia,io,ia io,-999.00,49.30,75.49,-999.00,-999.00,-999.00,-999.00,-999.00,-999.00,-999.00,-999.00,1.00,-999.00,-999.00,-999.00,-999.00,-999.00,-999.00,-999.00,-999.00,-999.00,-999.00,-999.00,-999.00,-999,2.00,-999,-999.00,-999.00,-999.00,196;1658;2151;2622;2655,-999.00,-999.00,-999.00,-999.00,1379038.44,30.92,18.45,24.68,113.83,83.67,98.75,4,159.16,12.00,0.08,127.08,177.14,1012.15,1225.46
Carnivora,Herpestidae,Ichneumia,albicauda,ichneumia albicauda,1.00,3628.40,-999.00,571.69,-999.00,-999.00,-999.00,-999.00,1.00,270.00,-999.00,1.00,0.50,0.64,-999.00,2.35,-999.00,144.00,-999.00,-999.00,3.70,-999.00,754.74,-999.00,-999,1.00,3,-999.00,-999.00,-999.00,542;543;730;966;1113;1297;1573;2655,-999.00,-999.00,-999.00,-999.00,14326821.09,26.38,-33.77,-3.69,59.83,-17.53,21.15,0,35.94,1.00,0.13,73.59,237.16,784.29,1541.61
Rodentia,Cricetidae,Ichthyomys,hydrobates,ichthyomys hydrobates,-999.00,66.39,-999.00,-999.00,-999.00,-999.00,-999.00,-999.00,1.00,-999.00,-999.00,2.00,-999.00,-999.00,-999.00,-999.00,-999.00,-999.00,-999.00,-999.00,-999.00,-999.00,-999.00,-999.00,-999,1.00,3,-999.00,-999.00,-999.00,2151;2655,-999.00,-999.00,-999.00,-999.00,86926.23,9.97,-1.16,4.40,-69.16,-78.54,-73.85,3,83.80,5.00,0.09,112.61,185.32,1362.76,1531.47
Rodentia,Cricetidae,Ichthyomys,pittieri,ichthyomys pittieri,1.00,69.10,-999.00,-999.00,-999.00,-999.00,-999.00,-999.00,1.00,-999.00,-999.00,2.00,-999.00,-999.00,-999.00,-999.00,-999.00,-999.00,-999.00,-999.00,-999.00,-999.00,-999.00,-999.00,-999,1.00,3,-999.00,-999.00,-999.00,905;2151;2655,-999.00,-999.00,-999.00,-999.00,10167.28,10.62,9.74,10.18,-66.17,-68.79,-67.48,45,417.37,45.00,0.12,105.63,243.62,1284.36,1715.13
Rodentia,Cricetidae,Ichthyomys,stolzmanni,ichthyomys stolzmanni,1.00,84.70,-999.00,-999.00,-999.00,-999.00,-999.00,-999.00,2.00,-999.00,-999.00,2.00,-999.00,-999.00,-999.00,-999.00,-999.00,-999.00,-999.00,-999.00,-999.00,-999.00,-999.00,-999.00,-999,1.00,3,-999.00,-999.00,-999.00,905;2151;2655,-999.00,-999.00,-999.00,-999.00,41721.31,-4.10,-9.81,-6.96,-76.62,-80.14,-78.38,14,43.60,18.00,0.07,43.57,161.32,516.72,1313.16
Rodentia,Cricetidae,Ichthyomys,tweedii,ichthyomys tweedii,1.00,118.50,-999.00,-999.00,-999.00,-999.00,-999.00,-999.00,2.00,-999.00,-999.00,2.00,-999.00,-999.00,-999.00,1.94,-999.00,-999.00,-999.00,-999.00,-999.00,-999.00,-999.00,-999.00,-999,1.00,3,-999.00,-999.00,-999.00,905;1297;2151;2655,-999.00,-999.00,-999.00,-999.00,18775.04,8.92,-0.52,4.19,-78.26,-80.21,-79.23,9,59.47,9.00,0.12,150.14,256.00,1356.07,1521.66
Carnivora,Mustelidae,Ictonyx,libyca,ictonyx libyca,1.00,225.18,-999.00,241.77,-999.00,-999.00,-999.00,-999.00,6.00,-999.00,37.78,1.00,-999.00,-999.00,-999.00,2.00,-999.00,60.00,-999.00,-999.00,-999.00,-999.00,-999.00,-999.00,4,1.00,2,-999.00,-999.00,-999.00,543;1113;1297;2655,-999.00,-999.00,-999.00,-999.00,12285728.60,37.34,8.84,23.09,37.48,-17.10,10.19,0,20.30,0.00,0.09,15.87,244.56,208.75,1345.16
Carnivora,Mustelidae,Ictonyx,striatus,ictonyx striatus,1.00,811.02,-999.00,334.00,35.16,304.16,-999.00,-999.00,6.00,-999.00,36.76,1.00,-999.00,-999.00,365.00,2.30,1.00,160.00,13.69,-999.00,-999.00,-999.00,447.70,-999.00,4,1.00,2,59.09,-999.00,-999.00,543;1113;1297;2655;2986,-999.00,-999.00,-999.00,-999.00,16688705.64,22.63,-34.83,-6.10,48.37,-17.53,15.42,0,28.73,0.00,0.12,63.09,235.22,696.38,1508.78
Chiroptera,Vespertilionidae,Idionycteris,phyllotis,idionycteris phyllotis,-999.00,12.13,44.49,59.00,-999.00,-999.00,-999.00,-999.00,-999.00,-999.00,-999.00,1.00,-999.00,-999.00,-999.00,0.99,1.00,38.00,0.73,25.02,-999.00,-999.00,-999.00,-999.00,-999,2.00,-999,-999.00,-999.00,-999.00,371;656;657;951;1297;1298;1658;2143;2151;2655,-999.00,-999.00,-999.00,-999.00,1388848.49,37.04,16.55,26.79,-96.30,-113.66,-104.98,0,45.03,0.00,0.11,42.28,161.78,581.06,1243.03
Rodentia,Anomaluridae,Idiurus,macrotis,idiurus macrotis,1.00,27.23,-999.00,87.23,-999.00,-999.00,-999.00,-999.00,1.00,-999.00,-999.00,-999.00,-999.00,-999.00,-999.00,0.97,-999.00,-999.00,-999.00,-999.00,374.23,-999.00,-999.00,1.00,-999,-999.00,1,-999.00,-999.00,-999.00,1297;1535;2655,-999.00,-999.00,-999.00,-999.00,1914031.99,9.37,-4.83,2.26,29.89,-12.03,8.92,0,27.20,1.00,0.10,153.70,244.90,1375.43,1563.93
Rodentia,Anomaluridae,Idiurus,zenkeri,idiurus zenkeri,-999.00,100.00,-999.00,-999.00,-999.00,-999.00,-999.00,-999.00,-999.00,-999.00,-999.00,1.00,-999.00,-999.00,-999.00,1.00,-999.00,-999.00,-999.00,-999.00,-999.00,-999.00,-999.00,-999.00,-999,2.00,-999,-999.00,-999.00,-999.00,511;1297;2655,-999.00,-999.00,-999.00,-999.00,1610073.88,5.65,-5.59,0.02,30.91,8.69,19.80,0,18.42,1.00,0.11,147.89,240.89,1381.03,1557.31
Cetacea,Ziphiidae,Indopacetus,pacificus,indopacetus pacificus,-999.00,2200000.00,-999.00,-999.00,-999.00,-999.00,-999.00,-999.00,-999.00,-999.00,-999.00,1.00,-999.00,-999.00,-999.00,-999.00,-999.00,-999.00,-999.00,-999.00,-999.00,-999.00,-999.00,-999.00,-999,-999.00,-999,-999.00,-999.00,-999.00,2151;2655,-999.00,-999.00,-999.00,-999.00,-999.00,-999.00,-999.00,-999.00,-999.00,-999.00,-999.00,-999,-999.00,-999.00,-999.00,-999.00,-999.00,-999.00,-999.00
Primates,Indriidae,Indri,indri,indri indri,3.00,8565.48,-999.00,734.99,-999.00,-999.00,-999.00,-999.00,4.00,-999.00,136.50,1.00,0.12,0.17,912.50,1.01,0.42,-999.00,-999.00,-999.00,10.62,3.50,1605.69,3.10,2,2.00,1,331.34,-999.00,-999.00,208;511;730;899;1046;1048;1167;1261;1297;1544;1547;1848;2151;2344;2428;2493;2655;2660;2973;2986,-999.00,-999.00,-999.00,-999.00,39504.84,-14.65,-19.81,-17.23,49.93,47.78,48.86,8,44.05,11.00,0.18,187.11,199.75,1342.61,1594.77
Cetacea,Iniidae,Inia,geoffrensis,inia geoffrensis,3.00,121430.76,-999.00,2113.09,-999.00,-999.00,-999.00,-999.00,2.00,-999.00,314.25,1.00,-999.00,-999.00,-999.00,1.00,-999.00,360.00,6799.99,-999.00,-999.00,1.00,-999.00,1.00,-999,-999.00,3,-999.00,-999.00,989.99,49;397;543;905;1297;1577;2151;2475;2655,-999.00,-999.00,-999.00,11119.20,-999.00,-999.00,-999.00,-999.00,-999.00,-999.00,-999.00,-999,-999.00,-999.00,-999.00,-999.00,-999.00,-999.00,-999.00
Rodentia,Sciuridae,Iomys,horsfieldii,iomys horsfieldii,-999.00,155.50,-999.00,184.94,-999.00,-999.00,-999.00,-999.00,-999.00,-999.00,-999.00,-999.00,-999.00,-999.00,-999.00,2.64,-999.00,-999.00,-999.00,-999.00,-999.00,-999.00,-999.00,-999.00,-999,-999.00,-999,-999.00,-999.00,-999.00,1297;1971;2152;2655;2844,-999.00,-999.00,-999.00,-999.00,811008.54,6.34,-8.06,-0.85,117.16,95.18,106.17,1,197.59,4.00,0.12,235.92,247.49,1666.46,1750.87
Rodentia,Sciuridae,Iomys,sipora,iomys sipora,-999.00,-999.00,-999.00,-999.00,-999.00,-999.00,-999.00,-999.00,-999.00,-999.00,-999.00,-999.00,-999.00,-999.00,-999.00,-999.00,-999.00,-999.00,-999.00,-999.00,-999.00,-999.00,-999.00,-999.00,-999,-999.00,-999,-999.00,-999.00,-999.00,-999,-999.00,-999.00,-999.00,-999.00,1251.23,-2.02,-2.85,-2.44,100.22,99.51,99.86,43,66.67,43.00,0.23,-999.00,-999.00,-999.00,-999.00
Rodentia,Cricetidae,Irenomys,tarsalis,irenomys tarsalis,1.00,43.15,-999.00,114.65,-999.00,-999.00,-999.00,-999.00,7.00,-999.00,-999.00,2.00,-999.00,-999.00,-999.00,3.85,-999.00,-999.00,-999.00,-999.00,287.87,-999.00,-999.00,-999.00,-999,2.00,2,-999.00,-999.00,-999.00,730;890;1297;1572;2008;2242;2655,-999.00,-999.00,-999.00,-999.00,148428.47,-36.83,-46.43,-41.63,-70.78,-74.67,-72.73,0,11.47,0.00,0.05,134.88,68.70,596.11,794.84
Rodentia,Capromyidae,Isolobodon,montanus,isolobodon montanus,-999.00,-999.00,-999.00,-999.00,-999.00,-999.00,-999.00,-999.00,-999.00,-999.00,-999.00,-999.00,-999.00,-999.00,-999.00,-999.00,-999.00,-999.00,-999.00,-999.00,-999.00,-999.00,-999.00,-999.00,-999,-999.00,-999,-999.00,-999.00,-999.00,-999,-999.00,-999.00,-999.00,-999.00,-999.00,-999.00,-999.00,-999.00,-999.00,-999.00,-999.00,-999,-999.00,-999.00,-999.00,-999.00,-999.00,-999.00,-999.00
Rodentia,Capromyidae,Isolobodon,portoricensis,isolobodon portoricensis,-999.00,-999.00,-999.00,-999.00,-999.00,-999.00,-999.00,-999.00,-999.00,-999.00,-999.00,-999.00,-999.00,-999.00,-999.00,-999.00,-999.00,-999.00,-999.00,-999.00,-999.00,-999.00,-999.00,-999.00,-999,-999.00,-999,-999.00,-999.00,-999.00,-999,-999.00,-999.00,-999.00,-999.00,-999.00,-999.00,-999.00,-999.00,-999.00,-999.00,-999.00,-999,-999.00,-999.00,-999.00,-999.00,-999.00,-999.00,-999.00
Peramelemorphia,Peramelidae,Isoodon,auratus,isoodon auratus,2.00,425.00,-999.00,354.99,-999.00,-999.00,148.08,428.00,2.00,-999.00,12.00,2.00,0.12,0.14,-999.00,2.60,-999.00,-999.00,-999.00,-999.00,173.20,1.00,-999.00,-999.00,-999,1.00,2,-999.00,-999.00,-999.00,899;955;1072;1412;1573;1760;2655;2681,-999.00,-999.00,-999.00,-999.00,61802.53,-14.22,-20.94,-17.58,126.76,115.30,121.03,0,0.04,0.00,0.00,79.91,279.10,787.77,1766.04
Peramelemorphia,Peramelidae,Isoodon,macrourus,isoodon macrourus,2.00,1505.77,-999.00,354.18,46.25,148.00,573.87,1550.00,4.00,-999.00,12.51,2.00,0.02,0.02,60.50,3.13,2.66,36.00,0.17,13.30,70.00,-999.00,184.92,1.00,8,1.00,2,62.99,150.00,-999.00,543;955;977;1070;1071;1072;1073;1074;1151;1218;1219;1297;1412;1760;1822;1842;1848;1926;1946;1991;1993;2152;2484;2655;2682;2822,-999.00,-999.00,-999.00,-999.00,1181088.16,-8.49,-33.76,-21.13,153.63,123.42,138.53,0,8.15,0.00,0.07,80.16,232.49,847.90,1592.97
Peramelemorphia,Peramelidae,Isoodon,obesulus,isoodon obesulus,2.00,824.76,-999.00,-999.00,-999.00,-999.00,-999.00,-999.00,2.00,-999.00,15.00,2.00,0.01,0.01,114.75,2.33,2.20,45.00,0.34,-999.00,40.00,-999.00,171.10,-999.00,-999,1.00,2,59.99,180.89,-999.00,129;730;955;966;1070;1297;1412;1573;1760;1802;1803;1926;2107;2484;2655;2681;2838,-999.00,-999.00,-999.00,-999.00,354752.76,-10.69,-43.64,-27.16,150.16,114.97,132.56,0,16.35,0.00,0.04,64.32,142.18,547.84,1017.83
Rodentia,Echimyidae,Isothrix,bistriata,isothrix bistriata,1.00,444.99,-999.00,-999.00,-999.00,-999.00,-999.00,-999.00,-999.00,-999.00,-999.00,1.00,-999.00,-999.00,-999.00,0.97,-999.00,-999.00,-999.00,-999.00,-999.00,-999.00,-999.00,-999.00,-999,2.00,-999,-999.00,-999.00,-999.00,1297;2151;2655,-999.00,-999.00,-999.00,-999.00,2821324.26,3.98,-14.86,-5.43,-57.99,-77.13,-67.56,0,1.94,0.00,0.16,195.09,253.74,1476.22,1570.25
Rodentia,Echimyidae,Isothrix,negrensis,isothrix negrensis,-999.00,-999.00,-999.00,-999.00,-999.00,-999.00,-999.00,-999.00,-999.00,-999.00,-999.00,-999.00,-999.00,-999.00,-999.00,-999.00,-999.00,-999.00,-999.00,-999.00,-999.00,-999.00,-999.00,-999.00,-999,-999.00,-999,-999.00,-999.00,-999.00,-999,-999.00,-999.00,-999.00,-999.00,-999.00,-999.00,-999.00,-999.00,-999.00,-999.00,-999.00,-999,-999.00,-999.00,-999.00,-999.00,-999.00,-999.00,-999.00
Rodentia,Echimyidae,Isothrix,pagurus,isothrix pagurus,1.00,210.00,-999.00,-999.00,-999.00,-999.00,-999.00,-999.00,-999.00,-999.00,-999.00,1.00,-999.00,-999.00,-999.00,-999.00,-999.00,-999.00,-999.00,-999.00,-999.00,-999.00,-999.00,-999.00,-999,2.00,-999,-999.00,-999.00,-999.00,905;2655,-999.00,-999.00,-999.00,-999.00,272146.79,-7.902914e-03,-4.97,-2.49,-54.01,-61.00,-57.50,0,5.51,0.00,0.13,139.20,260.06,1431.72,1643.36
Rodentia,Echimyidae,Isothrix,sinnamariensis,isothrix sinnamariensis,-999.00,291.73,-999.00,216.56,-999.00,-999.00,-999.00,-999.00,-999.00,-999.00,-999.00,-999.00,-999.00,-999.00,-999.00,-999.00,-999.00,-999.00,-999.00,-999.00,-999.00,-999.00,-999.00,-999.00,-999,-999.00,-999,-999.00,-999.00,-999.00,2431,-999.00,-999.00,-999.00,-999.00,-999.00,-999.00,-999.00,-999.00,-999.00,-999.00,-999.00,-999,-999.00,-999.00,-999.00,-999.00,-999.00,-999.00,-999.00
Chiroptera,Vespertilionidae,Kerivoula,eriophora,kerivoula eriophora,-999.00,-999.00,28.00,-999.00,-999.00,-999.00,-999.00,-999.00,-999.00,-999.00,-999.00,1.00,-999.00,-999.00,-999.00,-999.00,-999.00,-999.00,-999.00,-999.00,-999.00,-999.00,-999.00,-999.00,-999,2.00,-999,-999.00,-999.00,-999.00,1658;2151,3.50,-999.00,-999.00,-999.00,4125.14,13.15,12.49,12.82,38.61,37.95,38.28,28,53.84,28.00,0.15,94.84,180.32,828.42,1532.14
Chiroptera,Vespertilionidae,Kerivoula,flora,kerivoula flora,-999.00,6.01,38.24,-999.00,-999.00,-999.00,-999.00,-999.00,-999.00,-999.00,-999.00,1.00,-999.00,-999.00,-999.00,1.00,-999.00,-999.00,-999.00,-999.00,-999.00,-999.00,-999.00,-999.00,-999,2.00,-999,-999.00,-999.00,-999.00,1621;2151;2655,-999.00,-999.00,-999.00,-999.00,55582.84,5.35,-9.11,-1.87,123.01,114.43,118.72,3,139.11,4.00,0.11,271.76,229.21,1759.28,1810.81
Chiroptera,Vespertilionidae,Kerivoula,hardwickii,kerivoula hardwickii,-999.00,4.55,34.99,-999.00,-999.00,-999.00,-999.00,-999.00,-999.00,-999.00,-999.00,1.00,-999.00,-999.00,-999.00,1.00,-999.00,-999.00,-999.00,-999.00,-999.00,-999.00,-999.00,-999.00,-999,2.00,-999,-999.00,-999.00,-999.00,1439;1621;1658;2151;2622;2655,-999.00,-999.00,-999.00,-999.00,4798120.88,33.12,-10.32,11.40,126.92,74.78,100.85,1,196.43,6.00,0.10,176.37,219.75,1240.85,1501.19
Chiroptera,Vespertilionidae,Kerivoula,intermedia,kerivoula intermedia,-999.00,-999.00,28.49,-999.00,-999.00,-999.00,-999.00,-999.00,-999.00,-999.00,-999.00,1.00,-999.00,-999.00,-999.00,-999.00,-999.00,-999.00,-999.00,-999.00,-999.00,-999.00,-999.00,-999.00,-999,2.00,-999,-999.00,-999.00,-999.00,1658;2151,3.68,-999.00,-999.00,-999.00,39838.82,5.86,3.26,4.56,117.65,101.91,109.78,3,35.99,3.00,0.20,244.12,240.47,1747.33,1840.31
Chiroptera,Vespertilionidae,Kerivoula,lanosa,kerivoula lanosa,-999.00,6.66,30.00,-999.00,-999.00,-999.00,-999.00,-999.00,-999.00,-999.00,-999.00,1.00,-999.00,-999.00,-999.00,0.98,-999.00,-999.00,-999.00,-999.00,-999.00,-999.00,-999.00,-999.00,-999,2.00,-999,-999.00,-999.00,-999.00,1297;1658;2151;2622;2655,-999.00,-999.00,-999.00,-999.00,12127805.94,9.09,-34.83,-12.87,42.30,-9.87,16.21,0,32.58,1.00,0.14,92.73,221.59,951.41,1469.17
Chiroptera,Vespertilionidae,Kerivoula,lenis,kerivoula lenis,-999.00,-999.00,-999.00,-999.00,-999.00,-999.00,-999.00,-999.00,-999.00,-999.00,-999.00,-999.00,-999.00,-999.00,-999.00,-999.00,-999.00,-999.00,-999.00,-999.00,-999.00,-999.00,-999.00,-999.00,-999,-999.00,-999,-999.00,-999.00,-999.00,-999,-999.00,-999.00,-999.00,-999.00,-999.00,-999.00,-999.00,-999.00,-999.00,-999.00,-999.00,-999,-999.00,-999.00,-999.00,-999.00,-999.00,-999.00,-999.00
Chiroptera,Vespertilionidae,Kerivoula,minuta,kerivoula minuta,-999.00,2.03,27.00,-999.00,-999.00,-999.00,-999.00,-999.00,-999.00,-999.00,-999.00,1.00,-999.00,-999.00,-999.00,-999.00,-999.00,-999.00,-999.00,-999.00,-999.00,-999.00,-999.00,-999.00,-999,2.00,-999,-999.00,-999.00,-999.00,1658;2151;2622;2655,-999.00,-999.00,-999.00,-999.00,98737.55,9.75,2.46,6.10,117.33,98.57,107.95,5,96.37,8.00,0.14,207.47,250.35,1685.68,1838.53
Chiroptera,Vespertilionidae,Kerivoula,muscina,kerivoula muscina,-999.00,5.29,32.49,-999.00,-999.00,-999.00,-999.00,-999.00,-999.00,-999.00,-999.00,1.00,-999.00,-999.00,-999.00,-999.00,-999.00,-999.00,-999.00,-999.00,-999.00,-999.00,-999.00,-999.00,-999,2.00,-999,-999.00,-999.00,-999.00,1658;2151;2622;2655,-999.00,-999.00,-999.00,-999.00,260157.07,-3.02,-10.32,-6.67,150.05,140.97,145.51,1,9.41,1.00,0.09,300.77,220.18,1663.04,1673.85
Chiroptera,Vespertilionidae,Kerivoula,myrella,kerivoula myrella,-999.00,-999.00,35.99,-999.00,-999.00,-999.00,-999.00,-999.00,-999.00,-999.00,-999.00,1.00,-999.00,-999.00,-999.00,-999.00,-999.00,-999.00,-999.00,-999.00,-999.00,-999.00,-999.00,-999.00,-999,2.00,-999,-999.00,-999.00,-999.00,1658;2151,7.20,-999.00,-999.00,-999.00,11762.42,-1.95,-6.00,-3.98,152.49,146.50,149.49,8,12.89,8.00,0.16,212.31,251.41,-999.00,-999.00
Chiroptera,Vespertilionidae,Kerivoula,papillosa,kerivoula papillosa,-999.00,10.21,41.00,-999.00,-999.00,-999.00,-999.00,-999.00,1.00,-999.00,-999.00,1.00,-999.00,-999.00,-999.00,0.98,-999.00,-999.00,-999.00,-999.00,-999.00,-999.00,-999.00,-999.00,-999,2.00,3,-999.00,-999.00,-999.00,196;1297;1658;2151;2655;2719,-999.00,-999.00,-999.00,-999.00,743080.60,21.05,-8.43,6.30,123.36,96.90,110.13,1,145.39,4.00,0.14,224.78,243.56,1607.23,1710.77
Chiroptera,Vespertilionidae,Kerivoula,pellucida,kerivoula pellucida,-999.00,4.14,31.50,-999.00,-999.00,-999.00,-999.00,-999.00,-999.00,-999.00,-999.00,1.00,-999.00,-999.00,-999.00,-999.00,-999.00,-999.00,-999.00,-999.00,-999.00,-999.00,-999.00,-999.00,-999,2.00,-999,-999.00,-999.00,-999.00,196;1658;2151;2655,-999.00,-999.00,-999.00,-999.00,1341930.02,13.53,-8.78,2.37,126.60,95.18,110.89,0,164.29,4.00,0.14,236.40,247.60,1657.48,1736.01
Chiroptera,Vespertilionidae,Kerivoula,phalaena,kerivoula phalaena,-999.00,3.03,28.00,-999.00,-999.00,-999.00,-999.00,-999.00,-999.00,-999.00,-999.00,1.00,-999.00,-999.00,-999.00,-999.00,-999.00,-999.00,-999.00,-999.00,-999.00,-999.00,-999.00,-999.00,-999,2.00,-999,-999.00,-999.00,-999.00,196;1658;2151;2655,-999.00,-999.00,-999.00,-999.00,584946.43,7.90,-0.81,3.54,19.18,-10.73,4.22,0,49.62,1.00,0.07,156.20,249.92,1371.30,1550.33
Chiroptera,Vespertilionidae,Kerivoula,picta,kerivoula picta,-999.00,4.50,35.09,-999.00,-999.00,-999.00,-999.00,-999.00,-999.00,-999.00,-999.00,1.00,-999.00,-999.00,-999.00,1.00,-999.00,-999.00,-999.00,-999.00,-999.00,-999.00,-999.00,-999.00,-999,2.00,-999,-999.00,-999.00,-999.00,1297;1621;1658;2151;2622;2655,-999.00,-999.00,-999.00,-999.00,5721855.45,27.86,-8.96,9.45,128.90,72.74,100.82,1,227.46,8.00,0.10,160.11,244.50,1136.93,1545.51
Chiroptera,Vespertilionidae,Kerivoula,smithii,kerivoula smithii,-999.00,-999.00,33.50,-999.00,-999.00,-999.00,-999.00,-999.00,-999.00,-999.00,-999.00,1.00,-999.00,-999.00,-999.00,0.98,-999.00,-999.00,-999.00,-999.00,-999.00,-999.00,-999.00,-999.00,-999,2.00,-999,-999.00,-999.00,-999.00,1297;1658;2151,5.86,-999.00,-999.00,-999.00,358126.23,7.69,-2.38,2.65,40.61,-10.73,14.94,1,55.00,3.00,0.10,166.94,239.29,1309.00,1572.81
Chiroptera,Vespertilionidae,Kerivoula,whiteheadi,kerivoula whiteheadi,-999.00,3.29,30.00,-999.00,-999.00,-999.00,-999.00,-999.00,-999.00,-999.00,-999.00,1.00,-999.00,-999.00,-999.00,-999.00,-999.00,-999.00,-999.00,-999.00,-999.00,-999.00,-999.00,-999.00,-999,2.00,-999,-999.00,-999.00,-999.00,1658;2151;2622;2655,-999.00,-999.00,-999.00,-999.00,393863.37,18.65,2.26,10.45,126.60,99.28,112.94,1,163.55,3.00,0.12,228.44,239.16,1604.83,1752.51
Rodentia,Caviidae,Kerodon,acrobata,kerodon acrobata,-999.00,-999.00,-999.00,-999.00,-999.00,-999.00,-999.00,-999.00,-999.00,-999.00,-999.00,-999.00,-999.00,-999.00,-999.00,-999.00,-999.00,-999.00,-999.00,-999.00,-999.00,-999.00,-999.00,-999.00,-999,-999.00,-999,-999.00,-999.00,-999.00,-999,-999.00,-999.00,-999.00,-999.00,-999.00,-999.00,-999.00,-999.00,-999.00,-999.00,-999.00,-999,-999.00,-999.00,-999.00,-999.00,-999.00,-999.00,-999.00
Rodentia,Caviidae,Kerodon,rupestris,kerodon rupestris,-999.00,799.15,-999.00,-999.00,-999.00,156.00,360.45,801.00,1.00,-999.00,75.89,2.00,-999.00,-999.00,86.15,1.52,5.00,132.00,82.44,-999.00,-999.00,-999.00,92.97,-999.00,-999,2.00,1,34.90,-999.00,-999.00,543;890;1297;1627;1718;1822;2151;2456;2655,-999.00,-999.00,-999.00,-999.00,1805180.18,-2.55,-17.00,-9.78,-34.79,-49.85,-42.32,1,37.73,1.00,0.07,107.26,239.71,1010.29,1494.93
Artiodactyla,Bovidae,Kobus,ellipsiprymnus,kobus ellipsiprymnus,2.00,204393.48,-999.00,-999.00,-999.00,-999.00,26700.00,100000.00,2.00,-999.00,270.00,1.00,1.28,-999.00,365.00,1.00,-999.00,239.04,12000.00,-999.00,2.46,-999.00,1426.44,12.00,4,1.00,1,212.91,-999.00,-999.00,543;730;854;869;917;1052;1297;1525;1822;1848;1981;2338;2620;2629;2655;2693;2986;3057,-999.00,1.10,-999.00,-999.00,10067123.88,16.11,-29.06,-6.47,45.62,-16.79,14.41,0,34.77,1.00,0.13,92.00,237.74,934.80,1546.75
Artiodactyla,Bovidae,Kobus,kob,kobus kob,-999.00,80035.21,-999.00,1700.00,-999.00,395.41,-999.00,-999.00,1.00,-999.00,254.76,1.00,99.57,-999.00,-999.00,1.00,-999.00,263.04,5376.23,-999.00,2.60,185.00,465.57,40.00,4,1.00,1,188.64,-999.00,-999.00,173;543;730;869;917;1297;1525;1848;2620;2655;2693;2986,-999.00,-999.00,-999.00,-999.00,3179796.65,14.70,-2.34,6.17,35.80,-16.79,9.50,0,39.37,1.00,0.10,106.52,258.11,1026.71,1611.87
Artiodactyla,Bovidae,Kobus,leche,kobus leche,2.00,88645.04,-999.00,-999.00,-999.00,638.75,-999.00,-999.00,2.00,-999.00,229.80,2.00,-999.00,-999.00,-999.00,1.00,-999.00,222.96,5100.00,-999.00,31.00,-999.00,925.38,20.00,4,1.00,1,133.45,-999.00,-999.00,543;730;869;1297;1525;1848;2629;2655;2693;2986,-999.00,-999.00,-999.00,-999.00,229752.09,-8.41,-20.04,-14.22,32.05,17.16,24.61,1,8.87,1.00,0.22,84.65,215.94,780.79,1439.21
Artiodactyla,Bovidae,Kobus,megaceros,kobus megaceros,-999.00,85805.93,-999.00,-999.00,-999.00,-999.00,-999.00,-999.00,-999.00,-999.00,-999.00,-999.00,-999.00,-999.00,-999.00,-999.00,-999.00,224.04,-999.00,-999.00,0.34,50.00,-999.00,-999.00,4,-999.00,-999,-999.00,-999.00,-999.00,543;869;1525;1848;2655;2693,-999.00,-999.00,-999.00,-999.00,82555.03,9.98,6.05,8.02,34.12,29.67,31.90,2,11.77,5.00,0.15,71.90,269.48,878.23,1622.11
Artiodactyla,Bovidae,Kobus,vardonii,kobus vardonii,2.00,71462.72,-999.00,1340.00,-999.00,-999.00,-999.00,-999.00,2.00,-999.00,258.09,1.00,-999.00,-999.00,365.00,1.00,-999.00,-999.00,5798.07,-999.00,4.78,-999.00,-999.00,5.50,4,1.00,1,212.91,-999.00,-999.00,730;869;1297;1763;1848;2629;2655;2693;2986,-999.00,1.10,-999.00,-999.00,1026509.33,-2.73,-18.63,-10.68,37.46,17.41,27.43,1,15.22,2.00,0.15,100.21,222.04,939.18,1482.09
Cetacea,Physeteridae,Kogia,breviceps,kogia breviceps,-999.00,431500.00,-999.00,-999.00,-999.00,-999.00,-999.00,-999.00,2.00,-999.00,-999.00,1.00,-999.00,-999.00,-999.00,0.97,-999.00,204.00,82000.00,-999.00,-999.00,-999.00,-999.00,-999.00,-999,-999.00,3,-999.00,62600.00,-999.00,543;890;1297;2151;2655,-999.00,-999.00,-999.00,-999.00,-999.00,-999.00,-999.00,-999.00,-999.00,-999.00,-999.00,-999,-999.00,-999.00,-999.00,-999.00,-999.00,-999.00,-999.00
Cetacea,Physeteridae,Kogia,sima,kogia sima,-999.00,183066.66,-999.00,2158.04,-999.00,-999.00,-999.00,-999.00,1.00,-999.00,273.75,1.00,-999.00,-999.00,-999.00,1.00,-999.00,-999.00,-999.00,-999.00,-999.00,2.00,-999.00,-999.00,-999,-999.00,3,-999.00,-999.00,-999.00,161;172;1217;1297;2151;2655,-999.00,-999.00,-999.00,-999.00,-999.00,-999.00,-999.00,-999.00,-999.00,-999.00,-999.00,-999,-999.00,-999.00,-999.00,-999.00,-999.00,-999.00,-999.00
Rodentia,Muridae,Komodomys,rintjanus,komodomys rintjanus,-999.00,-999.00,-999.00,169.40,-999.00,-999.00,-999.00,-999.00,-999.00,-999.00,-999.00,-999.00,-999.00,-999.00,-999.00,-999.00,-999.00,-999.00,-999.00,-999.00,-999.00,-999.00,-999.00,-999.00,-999,-999.00,-999,-999.00,-999.00,-999.00,2088,142.14,-999.00,-999.00,-999.00,210.95,-8.60,-8.80,-8.70,119.80,119.54,119.67,84,84.00,84.00,0.07,-999.00,-999.00,-999.00,-999.00
Rodentia,Cricetidae,Kunsia,fronto,kunsia fronto,-999.00,167.99,-999.00,-999.00,-999.00,-999.00,-999.00,-999.00,2.00,-999.00,-999.00,-999.00,-999.00,-999.00,-999.00,-999.00,-999.00,-999.00,-999.00,-999.00,-999.00,-999.00,-999.00,-999.00,-999,-999.00,1,-999.00,-999.00,-999.00,890;2655,-999.00,-999.00,-999.00,-999.00,59646.88,-19.48,-27.07,-23.28,-44.19,-59.02,-51.60,7,44.58,7.00,0.05,124.77,203.04,1154.45,1313.68
Rodentia,Cricetidae,Kunsia,tomentosus,kunsia tomentosus,-999.00,115.60,-999.00,-999.00,-999.00,-999.00,-999.00,-999.00,-999.00,-999.00,-999.00,2.00,-999.00,-999.00,-999.00,-999.00,-999.00,-999.00,-999.00,-999.00,-999.00,-999.00,-999.00,-999.00,-999,1.00,-999,-999.00,-999.00,-999.00,890;2655,-999.00,-999.00,-999.00,-999.00,231160.88,-11.71,-16.58,-14.14,-58.77,-65.28,-62.02,0,2.27,0.00,0.27,127.07,241.93,1174.96,1475.65
Chiroptera,Vespertilionidae,Laephotis,angolensis,laephotis angolensis,-999.00,-999.00,34.00,-999.00,-999.00,-999.00,-999.00,-999.00,-999.00,-999.00,-999.00,1.00,-999.00,-999.00,-999.00,-999.00,-999.00,-999.00,-999.00,-999.00,-999.00,-999.00,-999.00,-999.00,-999,2.00,-999,-999.00,-999.00,-999.00,1658;2151,6.11,-999.00,-999.00,-999.00,200961.44,-10.31,-13.23,-11.77,29.15,19.28,24.21,2,15.42,2.00,0.23,105.97,213.79,876.84,1407.39
Chiroptera,Vespertilionidae,Laephotis,botswanae,laephotis botswanae,-999.00,7.28,35.99,-999.00,-999.00,-999.00,-999.00,-999.00,-999.00,-999.00,-999.00,1.00,-999.00,-999.00,-999.00,-999.00,-999.00,-999.00,-999.00,-999.00,-999.00,-999.00,-999.00,-999.00,-999,2.00,-999,-999.00,-999.00,-999.00,1257;1658;2151;2655,-999.00,-999.00,-999.00,-999.00,1429843.00,-11.63,-24.77,-18.20,35.44,21.68,28.56,0,19.37,1.00,0.14,66.03,214.31,741.96,1437.27
Chiroptera,Vespertilionidae,Laephotis,namibensis,laephotis namibensis,-999.00,-999.00,38.49,-999.00,-999.00,-999.00,-999.00,-999.00,-999.00,-999.00,-999.00,1.00,-999.00,-999.00,-999.00,-999.00,-999.00,-999.00,-999.00,-999.00,-999.00,-999.00,-999.00,-999.00,-999,2.00,-999,-999.00,-999.00,-999.00,1658;2151,8.72,-999.00,-999.00,-999.00,49895.04,-23.09,-26.95,-25.02,16.81,15.34,16.07,0,0.60,0.00,0.07,4.11,123.46,171.53,957.74
Chiroptera,Vespertilionidae,Laephotis,wintoni,laephotis wintoni,-999.00,6.10,38.49,-999.00,-999.00,-999.00,-999.00,-999.00,-999.00,-999.00,-999.00,1.00,-999.00,-999.00,-999.00,-999.00,-999.00,-999.00,-999.00,-999.00,-999.00,-999.00,-999.00,-999.00,-999,2.00,-999,-999.00,-999.00,-999.00,1658;2151;2622;2655,-999.00,-999.00,-999.00,-999.00,5052431.85,2.37,-32.69,-15.15,41.00,14.18,27.59,0,27.79,1.00,0.17,81.90,220.15,866.28,1476.36
Cetacea,Delphinidae,Lagenodelphis,hosei,lagenodelphis hosei,-999.00,164000.00,-999.00,-999.00,-999.00,-999.00,-999.00,-999.00,-999.00,-999.00,-999.00,1.00,-999.00,-999.00,-999.00,1.00,-999.00,-999.00,-999.00,-999.00,-999.00,40.00,2598.64,-999.00,-999,-999.00,-999,-999.00,-999.00,-999.00,172;511;1297;2151;2655,-999.00,-999.00,-999.00,-999.00,-999.00,-999.00,-999.00,-999.00,-999.00,-999.00,-999.00,-999,-999.00,-999.00,-999.00,-999.00,-999.00,-999.00,-999.00
Cetacea,Delphinidae,Lagenorhynchus,acutus,lagenorhynchus acutus,-999.00,186517.55,-999.00,2285.99,-999.00,-999.00,-999.00,-999.00,2.00,-999.00,319.37,1.00,-999.00,-999.00,-999.00,1.22,0.41,324.00,24000.00,-999.00,-999.00,-999.00,2614.50,-999.00,-999,-999.00,3,547.50,-999.00,-999.00,16;543;1004;1297;2151;2655,-999.00,-999.00,-999.00,-999.00,-999.00,-999.00,-999.00,-999.00,-999.00,-999.00,-999.00,-999,-999.00,-999.00,-999.00,-999.00,-999.00,-999.00,-999.00
Cetacea,Delphinidae,Lagenorhynchus,albirostris,lagenorhynchus albirostris,-999.00,186634.86,-999.00,3048.99,-999.00,-999.00,-999.00,-999.00,2.00,-999.00,365.00,1.00,-999.00,-999.00,-999.00,1.00,-999.00,-999.00,-999.00,-999.00,-999.00,300.00,-999.00,-999.00,-999,-999.00,3,-999.00,-999.00,-999.00,1004;1217;1297;2151;2655,-999.00,-999.00,-999.00,-999.00,-999.00,-999.00,-999.00,-999.00,-999.00,-999.00,-999.00,-999,-999.00,-999.00,-999.00,-999.00,-999.00,-999.00,-999.00
Cetacea,Delphinidae,Lagenorhynchus,australis,lagenorhynchus australis,-999.00,119999.99,-999.00,-999.00,-999.00,-999.00,-999.00,-999.00,-999.00,-999.00,-999.00,1.00,-999.00,-999.00,-999.00,-999.00,-999.00,-999.00,-999.00,-999.00,-999.00,-999.00,-999.00,-999.00,-999,-999.00,-999,-999.00,-999.00,-999.00,2151;2655,-999.00,-999.00,-999.00,-999.00,-999.00,-999.00,-999.00,-999.00,-999.00,-999.00,-999.00,-999,-999.00,-999.00,-999.00,-999.00,-999.00,-999.00,-999.00
Cetacea,Delphinidae,Lagenorhynchus,cruciger,lagenorhynchus cruciger,-999.00,109999.99,-999.00,-999.00,-999.00,-999.00,-999.00,-999.00,-999.00,-999.00,-999.00,1.00,-999.00,-999.00,-999.00,-999.00,-999.00,-999.00,-999.00,-999.00,-999.00,-999.00,-999.00,-999.00,-999,-999.00,-999,-999.00,-999.00,-999.00,2151;2655,-999.00,-999.00,-999.00,-999.00,-999.00,-999.00,-999.00,-999.00,-999.00,-999.00,-999.00,-999,-999.00,-999.00,-999.00,-999.00,-999.00,-999.00,-999.00
Cetacea,Delphinidae,Lagenorhynchus,obliquidens,lagenorhynchus obliquidens,-999.00,109694.46,-999.00,2206.62,-999.00,-999.00,-999.00,-999.00,2.00,-999.00,319.01,1.00,-999.00,-999.00,-999.00,1.00,-999.00,300.00,-999.00,-999.00,-999.00,-999.00,-999.00,-999.00,-999,-999.00,3,-999.00,-999.00,-999.00,543;1004;1217;1297;2151;2655,-999.00,-999.00,-999.00,-999.00,-999.00,-999.00,-999.00,-999.00,-999.00,-999.00,-999.00,-999,-999.00,-999.00,-999.00,-999.00,-999.00,-999.00,-999.00
Cetacea,Delphinidae,Lagenorhynchus,obscurus,lagenorhynchus obscurus,-999.00,127499.99,-999.00,-999.00,-999.00,-999.00,-999.00,-999.00,2.00,-999.00,-999.00,1.00,-999.00,-999.00,-999.00,-999.00,-999.00,-999.00,-999.00,-999.00,-999.00,-999.00,-999.00,-999.00,-999,-999.00,3,-999.00,-999.00,-999.00,5;58;890;2151;2655,-999.00,-999.00,-999.00,-999.00,-999.00,-999.00,-999.00,-999.00,-999.00,-999.00,-999.00,-999,-999.00,-999.00,-999.00,-999.00,-999.00,-999.00,-999.00
Rodentia,Chinchillidae,Lagidium,peruanum,lagidium peruanum,3.00,1220.00,-999.00,342.37,-999.00,-999.00,-999.00,-999.00,2.00,-999.00,140.00,-999.00,-999.00,-999.00,-999.00,1.00,-999.00,234.00,180.69,-999.00,1.60,-999.00,202.08,-999.00,2,-999.00,1,40.71,-999.00,-999.00,511;543;890;1297;2151;2238;2239;2498;2655,-999.00,-999.00,-999.00,-999.00,410167.50,-5.74,-18.66,-12.20,-69.04,-78.75,-73.89,0,34.74,4.00,0.07,95.65,94.47,852.76,1359.25
Rodentia,Chinchillidae,Lagidium,viscacia,lagidium viscacia,3.00,1539.99,-999.00,-999.00,0.00,-999.00,-999.00,-999.00,-999.00,-999.00,129.99,-999.00,-999.00,-999.00,-999.00,1.00,-999.00,-999.00,258.61,-999.00,-999.00,-999.00,-999.00,-999.00,2,-999.00,-999,1.94,-999.00,-999.00,890;1297;2151;2655,-999.00,-999.00,-999.00,-999.00,736737.68,-14.18,-43.30,-28.74,-63.59,-71.75,-67.67,0,11.82,0.00,0.06,43.07,33.35,491.81,1206.41
Rodentia,Chinchillidae,Lagidium,wolffsohni,lagidium wolffsohni,3.00,2682.00,-999.00,-999.00,-999.00,-999.00,-999.00,-999.00,-999.00,-999.00,-999.00,-999.00,-999.00,-999.00,-999.00,-999.00,-999.00,-999.00,-999.00,-999.00,-999.00,-999.00,-999.00,-999.00,2,-999.00,-999,-999.00,-999.00,-999.00,511;2151;2655,-999.00,-999.00,-999.00,-999.00,11203.88,-48.44,-51.45,-49.94,-69.86,-73.20,-71.53,0,0.19,0.00,0.00,34.20,43.10,368.44,445.47
Diprotodontia,Macropodidae,Lagorchestes,asomatus,lagorchestes asomatus,-999.00,1500.00,-999.00,-999.00,-999.00,-999.00,-999.00,-999.00,-999.00,-999.00,-999.00,1.00,-999.00,-999.00,-999.00,1.00,-999.00,-999.00,-999.00,-999.00,-999.00,-999.00,-999.00,-999.00,-999,1.00,-999,-999.00,-999.00,-999.00,1760;1848;2655,-999.00,-999.00,-999.00,-999.00,-999.00,-999.00,-999.00,-999.00,-999.00,-999.00,-999.00,-999,-999.00,-999.00,-999.00,-999.00,-999.00,-999.00,-999.00
Diprotodontia,Macropodidae,Lagorchestes,conspicillatus,lagorchestes conspicillatus,-999.00,2821.01,-999.00,-999.00,-999.00,-999.00,723.20,2260.00,-999.00,-999.00,31.09,1.00,-999.00,-999.00,152.54,1.00,-999.00,72.00,-999.00,-999.00,41.99,-999.00,390.88,-999.00,-999,1.00,-999,204.00,950.00,-999.00,955;1297;1412;1760;1822;1848;2655,-999.00,1.71,-999.00,-999.00,1933721.50,-13.64,-24.85,-19.24,150.87,115.30,133.08,0,0.54,0.00,0.03,47.21,242.56,582.42,1596.71
Diprotodontia,Macropodidae,Lagorchestes,hirsutus,lagorchestes hirsutus,1.00,1407.14,-999.00,-999.00,-999.00,-999.00,-999.00,-999.00,3.00,-999.00,-999.00,1.00,-999.00,-999.00,125.00,1.00,-999.00,96.00,-999.00,-999.00,18.13,-999.00,373.77,8.00,-999,1.00,1,150.00,499.99,-999.00,511;899;955;1412;1760;1848;2655;2986,-999.00,1.89,-999.00,-999.00,89.50,-24.76,-25.27,-25.01,113.16,113.05,113.11,0,0.00,0.00,-999.00,-999.00,-999.00,-999.00,-999.00
Diprotodontia,Macropodidae,Lagorchestes,leporides,lagorchestes leporides,-999.00,3000.00,-999.00,-999.00,-999.00,-999.00,-999.00,-999.00,-999.00,-999.00,-999.00,1.00,-999.00,-999.00,-999.00,1.00,-999.00,-999.00,-999.00,-999.00,-999.00,-999.00,-999.00,-999.00,-999,1.00,-999,-999.00,-999.00,-999.00,1760;1848;2655,-999.00,-999.00,-999.00,-999.00,-999.00,-999.00,-999.00,-999.00,-999.00,-999.00,-999.00,-999,-999.00,-999.00,-999.00,-999.00,-999.00,-999.00,-999.00
Pholidota,Manidae,Manis,gigantea,manis gigantea,-999.00,32999.70,-999.00,-999.00,-999.00,-999.00,-999.00,-999.00,-999.00,-999.00,-999.00,-999.00,-999.00,-999.00,365.00,-999.00,1.00,-999.00,499.99,-999.00,-999.00,-999.00,755.15,-999.00,-999,-999.00,-999,-999.00,5999.99,-999.00,1297;1848;2655,-999.00,-999.00,-999.00,-999.00,3277538.77,12.50,-6.47,3.01,34.66,-16.15,9.25,0,35.95,1.00,0.11,149.63,243.44,1350.19,1564.54
Pholidota,Manidae,Manis,javanica,manis javanica,-999.00,4861.71,-999.00,590.00,-999.00,-999.00,1105.64,4220.00,1.00,-999.00,-999.00,-999.00,-999.00,-999.00,365.00,1.00,1.00,-999.00,-999.00,-999.00,-999.00,-999.00,755.15,-999.00,2,-999.00,3,-999.00,-999.00,-999.00,1297;1300;1822;1848;1947;2152;2655,-999.00,-999.00,-999.00,-999.00,2642894.09,21.59,-8.96,6.31,119.21,94.19,106.70,1,142.42,4.00,0.12,206.16,247.19,1422.94,1663.51
Pholidota,Manidae,Manis,pentadactyla,manis pentadactyla,1.00,4675.00,-999.00,378.96,-999.00,-999.00,-999.00,-999.00,1.00,-999.00,-999.00,3.00,-999.00,-999.00,365.00,1.00,1.00,-999.00,88.67,133.47,-999.00,-999.00,755.15,1.00,2,2.00,3,85.51,-999.00,-999.00,583;1297;1300;1301;1302;1848;2655,-999.00,-999.00,-999.00,-999.00,2909570.32,32.12,17.03,24.57,122.13,86.51,104.32,1,241.30,12.00,0.07,137.03,175.26,1049.54,1228.28
Pholidota,Manidae,Manis,temminckii,manis temminckii,2.00,11943.74,-999.00,488.71,-999.00,-999.00,-999.00,-999.00,1.00,-999.00,139.00,3.00,10.22,9.59,365.00,1.00,1.00,-999.00,344.96,-999.00,-999.00,-999.00,755.15,1.00,2,2.00,3,59.27,-999.00,-999.00,583;692;1297;1303;1470;1573;1848;2151;2629;2655;2780,-999.00,-999.00,-999.00,-999.00,7184102.64,18.50,-31.00,-6.24,40.84,11.73,26.28,0,25.72,0.00,0.13,59.84,222.67,718.78,1479.99
Pholidota,Manidae,Manis,tetradactyla,manis tetradactyla,-999.00,2749.98,-999.00,-999.00,-999.00,-999.00,-999.00,-999.00,-999.00,-999.00,-999.00,-999.00,-999.00,-999.00,365.00,1.05,1.00,-999.00,-999.00,-999.00,-999.00,-999.00,755.15,-999.00,-999,-999.00,-999,-999.00,400.00,-999.00,1297;1848;2655,-999.00,-999.00,-999.00,-999.00,2565481.10,8.90,-6.05,1.42,29.41,-13.29,8.06,0,33.86,1.00,0.12,157.99,245.69,1384.70,1554.84
Pholidota,Manidae,Manis,tricuspis,manis tricuspis,-999.00,1539.31,-999.00,-999.00,-999.00,-999.00,864.04,2730.00,-999.00,-999.00,126.85,-999.00,-999.00,-999.00,273.75,1.00,1.00,-999.00,109.54,-999.00,44.28,-999.00,755.15,-999.00,-999,-999.00,-999,177.82,670.82,-999.00,730;1297;1822;1848;1947;2655,-999.00,-999.00,-999.00,-999.00,5968402.76,12.26,-12.72,-0.23,35.44,-16.35,9.54,0,41.50,1.00,0.13,136.70,243.22,1230.78,1548.57
Rodentia,Muridae,Margaretamys,beccarii,margaretamys beccarii,-999.00,-999.00,-999.00,-999.00,-999.00,-999.00,-999.00,-999.00,-999.00,-999.00,-999.00,-999.00,-999.00,-999.00,-999.00,-999.00,-999.00,-999.00,-999.00,-999.00,-999.00,-999.00,-999.00,-999.00,-999,-999.00,-999,-999.00,-999.00,-999.00,-999,-999.00,-999.00,-999.00,-999.00,72428.12,1.35,-3.26,-0.95,123.47,119.11,121.29,17,49.76,17.00,0.11,220.09,202.10,1814.78,1903.75
Rodentia,Muridae,Meriones,meridianus,meriones meridianus,-999.00,-999.00,-999.00,-999.00,-999.00,-999.00,-999.00,-999.00,-999.00,-999.00,23.95,-999.00,-999.00,-999.00,-999.00,5.64,3.00,-999.00,-999.00,-999.00,-999.00,-999.00,-999.00,-999.00,-999,-999.00,-999,20.84,-999.00,-999.00,1297,-999.00,-999.00,-999.00,-999.00,5445355.02,51.59,27.74,39.67,116.66,45.72,81.19,0,15.86,0.00,0.06,17.23,74.16,207.58,727.93
Rodentia,Muridae,Meriones,persicus,meriones persicus,-999.00,107.52,-999.00,-999.00,-999.00,-999.00,-999.00,-999.00,-999.00,-999.00,28.00,-999.00,-999.00,-999.00,-999.00,5.83,-999.00,-999.00,4.99,-999.00,132.86,-999.00,-999.00,-999.00,-999,-999.00,-999,19.00,-999.00,-999.00,730;1297;2655,-999.00,-999.00,-999.00,-999.00,2280776.33,40.85,25.69,33.27,71.40,40.59,56.00,1,33.92,4.00,0.15,23.27,142.52,263.87,1161.82
Rodentia,Muridae,Meriones,rex,meriones rex,-999.00,-999.00,-999.00,-999.00,-999.00,-999.00,-999.00,-999.00,-999.00,-999.00,-999.00,-999.00,-999.00,-999.00,-999.00,-999.00,-999.00,-999.00,-999.00,-999.00,-999.00,-999.00,-999.00,-999.00,-999,-999.00,-999,-999.00,-999.00,-999.00,-999,-999.00,-999.00,-999.00,-999.00,511676.34,23.86,12.59,18.22,52.33,38.39,45.36,0,45.42,1.00,0.21,10.68,221.52,198.10,1492.29
Rodentia,Muridae,Meriones,sacramenti,meriones sacramenti,-999.00,-999.00,-999.00,-999.00,-999.00,-999.00,-999.00,-999.00,-999.00,-999.00,-999.00,-999.00,-999.00,-999.00,-999.00,5.99,-999.00,-999.00,-999.00,-999.00,-999.00,-999.00,-999.00,-999.00,-999,-999.00,-999,-999.00,-999.00,-999.00,1297,-999.00,-999.00,-999.00,-999.00,4930.65,32.08,30.84,31.46,34.98,34.26,34.62,15,832.05,15.00,0.22,24.09,192.13,258.38,1448.76
Rodentia,Muridae,Meriones,shawi,meriones shawi,-999.00,90.60,-999.00,-999.00,-999.00,129.27,-999.00,-999.00,-999.00,-999.00,24.80,-999.00,-999.00,-999.00,31.25,5.84,-999.00,-999.00,4.35,-999.00,-999.00,-999.00,92.22,-999.00,-999,-999.00,-999,29.31,25.00,-999.00,1297;2655,-999.00,3.82,-999.00,-999.00,1406829.61,37.34,28.56,32.95,32.75,-11.25,10.75,0,87.48,1.00,0.15,18.32,182.13,251.97,1169.15
Rodentia,Muridae,Meriones,tamariscinus,meriones tamariscinus,-999.00,-999.00,-999.00,-999.00,-999.00,-999.00,-999.00,-999.00,-999.00,-999.00,-999.00,-999.00,-999.00,-999.00,27.00,4.04,2.00,-999.00,2.97,-999.00,-999.00,-999.00,-999.00,-999.00,-999,-999.00,-999,17.44,15.16,-999.00,1297,-999.00,-999.00,-999.00,-999.00,2233932.41,50.84,36.71,43.78,96.26,45.00,70.63,0,13.95,0.00,0.02,17.47,73.67,232.47,649.51
Rodentia,Muridae,Meriones,tristrami,meriones tristrami,-999.00,111.62,-999.00,-999.00,-999.00,-999.00,184.01,112.00,-999.00,-999.00,23.99,-999.00,-999.00,-999.00,-999.00,5.80,-999.00,-999.00,3.00,-999.00,-999.00,-999.00,-999.00,-999.00,-999,-999.00,-999,-999.00,-999.00,-999.00,1297;2978,-999.00,-999.00,-999.00,-999.00,1199186.24,42.51,23.64,33.07,51.52,26.23,38.87,2,84.76,4.00,0.14,32.57,137.03,323.04,1113.96
Rodentia,Muridae,Meriones,unguiculatus,meriones unguiculatus,2.00,57.75,-999.00,112.50,18.75,91.00,99.40,70.00,-999.00,-999.00,25.09,-999.00,-999.00,-999.00,46.00,5.01,3.00,24.00,2.85,-999.00,-999.00,-999.00,56.50,-999.00,-999,-999.00,-999,23.95,13.24,-999.00,543;1024;1297;1822;1849;1939;1940;2146;2655;2978,-999.00,-999.00,-999.00,-999.00,1946733.07,52.04,38.19,45.12,125.60,91.37,108.49,0,15.85,0.00,0.03,20.99,3.37,289.67,564.18
Rodentia,Muridae,Meriones,vinogradovi,meriones vinogradovi,-999.00,117.00,-999.00,154.53,9.50,-999.00,-999.00,-999.00,-999.00,-999.00,21.89,-999.00,-999.00,-999.00,-999.00,7.48,-999.00,40.00,3.00,-999.00,-999.00,-999.00,-999.00,-999.00,-999,-999.00,-999,-999.00,-999.00,-999.00,1297;2274,-999.00,-999.00,-999.00,-999.00,447673.37,41.02,33.69,37.35,50.97,39.44,45.20,23,67.20,34.00,0.09,40.34,105.05,406.51,1033.58
Rodentia,Muridae,Meriones,zarudnyi,meriones zarudnyi,-999.00,-999.00,-999.00,-999.00,-999.00,-999.00,-999.00,-999.00,-999.00,-999.00,-999.00,-999.00,-999.00,-999.00,-999.00,-999.00,-999.00,-999.00,-999.00,-999.00,-999.00,-999.00,-999.00,-999.00,-999,-999.00,-999,-999.00,-999.00,-999.00,-999,-999.00,-999.00,-999.00,-999.00,243895.89,38.06,34.15,36.10,65.76,58.25,62.00,4,18.80,6.00,0.17,18.24,130.31,237.01,1010.33
Erinaceomorpha,Erinaceidae,Mesechinus,dauuricus,mesechinus dauuricus,1.00,-999.00,-999.00,214.67,-999.00,-999.00,-999.00,-999.00,2.00,-999.00,-999.00,2.00,-999.00,-999.00,-999.00,-999.00,-999.00,-999.00,-999.00,-999.00,-999.00,-999.00,-999.00,-999.00,-999,1.00,3,-999.00,-999.00,-999.00,678;1456;2408,281.63,-999.00,-999.00,-999.00,607920.22,51.45,37.23,44.34,120.78,103.68,112.23,1,17.60,1.00,0.06,25.46,0.52,367.30,550.59
Erinaceomorpha,Erinaceidae,Mesechinus,hughi,mesechinus hughi,1.00,-999.00,-999.00,200.00,-999.00,-999.00,-999.00,-999.00,2.00,-999.00,-999.00,-999.00,-999.00,-999.00,-999.00,-999.00,-999.00,-999.00,-999.00,-999.00,-999.00,-999.00,-999.00,-999.00,-999,-999.00,3,-999.00,-999.00,-999.00,678;1456;2408,229.57,-999.00,-999.00,-999.00,379917.40,35.42,31.22,33.32,115.72,103.02,109.37,6,263.22,40.00,0.06,59.05,116.12,772.70,889.23
Rodentia,Muridae,Mesembriomys,gouldii,mesembriomys gouldii,-999.00,716.49,-999.00,300.99,11.00,-999.00,-999.00,-999.00,-999.00,-999.00,44.03,-999.00,-999.00,-999.00,-999.00,1.87,4.00,46.80,34.70,-999.00,-999.00,-999.00,51.02,-999.00,4,-999.00,-999,48.99,480.99,280.00,456;543;699;1297;2655;2803,-999.00,-999.00,-999.00,-999.00,296274.86,-11.11,-20.62,-15.87,147.12,124.36,135.74,0,2.66,0.00,0.05,99.02,255.83,920.06,1748.78
Rodentia,Muridae,Mesembriomys,macrurus,mesembriomys macrurus,-999.00,294.28,-999.00,-999.00,-999.00,-999.00,-999.00,-999.00,-999.00,-999.00,-999.00,-999.00,-999.00,-999.00,-999.00,2.00,-999.00,-999.00,-999.00,-999.00,-999.00,-999.00,-999.00,-999.00,4,-999.00,-999,-999.00,-999.00,229.42,456;1297;2655;2803,-999.00,-999.00,-999.00,268.36,106059.11,-12.17,-17.08,-14.63,134.82,123.42,129.12,0,0.01,0.00,0.00,85.75,274.15,840.53,1781.02
Chiroptera,Pteropodidae,Megaerops,kusnotoi,megaerops kusnotoi,-999.00,-999.00,51.32,-999.00,-999.00,-999.00,-999.00,-999.00,-999.00,-999.00,-999.00,1.00,-999.00,-999.00,-999.00,-999.00,-999.00,-999.00,-999.00,-999.00,-999.00,-999.00,-999.00,-999.00,-999,2.00,-999,-999.00,-999.00,-999.00,679;1658;2151,19.89,-999.00,-999.00,-999.00,4065.54,-6.50,-8.31,-7.41,114.24,106.15,110.19,270,579.15,270.00,0.05,239.38,230.67,1636.00,1922.00
Chiroptera,Pteropodidae,Megaerops,niphanae,megaerops niphanae,-999.00,32.59,57.17,-999.00,-999.00,-999.00,-999.00,-999.00,-999.00,-999.00,-999.00,1.00,-999.00,-999.00,-999.00,-999.00,-999.00,-999.00,-999.00,-999.00,-999.00,-999.00,-999.00,-999.00,-999,2.00,-999,-999.00,-999.00,-999.00,196;212;1658;2151;2655,-999.00,-999.00,-999.00,-999.00,171269.50,27.98,12.16,20.07,109.16,88.38,98.77,4,115.69,9.00,0.08,137.76,226.22,1157.82,1582.60
Chiroptera,Pteropodidae,Megaerops,wetmorei,megaerops wetmorei,-999.00,18.70,49.48,-999.00,-999.00,-999.00,-999.00,-999.00,-999.00,-999.00,-999.00,1.00,-999.00,-999.00,-999.00,-999.00,-999.00,-999.00,-999.00,-999.00,-999.00,-999.00,-999.00,-999.00,-999,2.00,-999,-999.00,-999.00,-999.00,1010;1439;1658;2151;2655,-999.00,-999.00,-999.00,-999.00,129280.16,8.65,1.37,5.01,125.65,100.93,113.29,1,66.76,2.00,0.16,253.22,234.81,1667.64,1742.27
Chiroptera,Pteropodidae,Megaloglossus,woermanni,megaloglossus woermanni,1.00,16.71,41.83,40.59,-999.00,-999.00,21.70,12.40,-999.00,-999.00,-999.00,1.00,-999.00,-999.00,-999.00,1.00,2.00,-999.00,3.25,-999.00,-999.00,-999.00,-999.00,1.50,-999,2.00,-999,-999.00,-999.00,-999.00,196;258;360;428;717;904;1297;1658;1822;1948;2017;2078;2150;2151;2176;2655;3071,-999.00,-999.00,-999.00,-999.00,3485546.58,9.02,-11.27,-1.12,32.79,-11.54,10.62,0,43.69,1.00,0.13,144.91,242.83,1324.07,1547.83
Chiroptera,Molossidae,Molossus,pretiosus,molossus pretiosus,-999.00,98.00,45.50,-999.00,-999.00,-999.00,-999.00,-999.00,-999.00,-999.00,-999.00,1.00,-999.00,-999.00,-999.00,0.98,-999.00,-999.00,-999.00,-999.00,-999.00,-999.00,-999.00,-999.00,-999,2.00,-999,-999.00,-999.00,-999.00,1297;1658;2151;2622,-999.00,-999.00,-999.00,-999.00,2510175.15,17.98,-1.27,8.35,-58.46,-100.83,-79.65,0,45.50,0.00,0.11,162.95,237.33,1392.14,1642.87
Chiroptera,Molossidae,Molossus,rufus,molossus rufus,-999.00,-999.00,-999.00,-999.00,-999.00,-999.00,-999.00,-999.00,-999.00,-999.00,-999.00,-999.00,-999.00,-999.00,-999.00,-999.00,-999.00,-999.00,-999.00,-999.00,-999.00,-999.00,-999.00,-999.00,-999,-999.00,-999,-999.00,-999.00,-999.00,-999,-999.00,-999.00,-999.00,-999.00,15178757.42,28.66,-31.86,-1.59,-34.79,-108.26,-71.52,0,28.52,0.00,0.11,143.15,234.08,1251.73,1504.80
Chiroptera,Molossidae,Molossus,sinaloae,molossus sinaloae,-999.00,21.09,47.06,-999.00,-999.00,-999.00,-999.00,-999.00,1.00,-999.00,-999.00,1.00,-999.00,-999.00,-999.00,1.03,1.00,-999.00,3.79,34.11,-999.00,-999.00,-999.00,-999.00,-999,2.00,3,47.25,-999.00,-999.00,196;419;1297;1310;1658;2143;2151;2622;2655,-999.00,-999.00,-999.00,-999.00,2026991.98,23.60,1.40,12.50,-53.31,-106.48,-79.90,0,66.50,1.00,0.12,139.93,231.25,1306.24,1647.10
Carnivora,Phocidae,Monachus,monachus,monachus monachus,2.00,294881.33,-999.00,2589.02,0.00,-999.00,-999.00,-999.00,6.00,568.99,334.58,2.00,-999.00,-999.00,730.00,1.00,-999.00,284.40,20000.00,-999.00,-999.00,-999.00,1567.84,-999.00,-999,1.00,2,42.75,-999.00,-999.00,367;543;1297;2151;2655;2986,-999.00,0.77,-999.00,-999.00,-999.00,-999.00,-999.00,-999.00,-999.00,-999.00,-999.00,-999,-999.00,-999.00,-999.00,-999.00,-999.00,-999.00,-999.00
Carnivora,Phocidae,Monachus,schauinslandi,monachus schauinslandi,1.00,222999.99,-999.00,2232.83,0.00,-999.00,-999.00,-999.00,6.00,38.00,344.15,2.00,-999.00,-999.00,467.39,1.00,-999.00,360.00,16250.00,-999.00,-999.00,-999.00,1687.65,-999.00,-999,1.00,2,37.13,61309.67,-999.00,367;543;1297;1763;2151;2655;2986,-999.00,0.97,-999.00,-999.00,-999.00,-999.00,-999.00,-999.00,-999.00,-999.00,-999.00,-999,-999.00,-999.00,-999.00,-999.00,-999.00,-999.00,-999.00
Carnivora,Phocidae,Monachus,tropicalis,monachus tropicalis,-999.00,197758.36,-999.00,2288.69,-999.00,-999.00,-999.00,-999.00,1.00,-999.00,-999.00,2.00,-999.00,-999.00,547.50,1.00,-999.00,-999.00,-999.00,-999.00,-999.00,-999.00,-999.00,-999.00,-999,1.00,3,-999.00,-999.00,-999.00,367;2151;2655,-999.00,0.89,-999.00,-999.00,-999.00,-999.00,-999.00,-999.00,-999.00,-999.00,-999.00,-999,-999.00,-999.00,-999.00,-999.00,-999.00,-999.00,-999.00
Didelphimorphia,Didelphidae,Monodelphis,adusta,monodelphis adusta,1.00,36.04,-999.00,120.88,-999.00,-999.00,-999.00,-999.00,3.00,-999.00,-999.00,1.00,-999.00,-999.00,-999.00,-999.00,-999.00,-999.00,-999.00,-999.00,-999.00,-999.00,-999.00,-999.00,-999,1.00,2,-999.00,-999.00,-999.00,889;890;905;1760;2655;2676,-999.00,-999.00,-999.00,-999.00,505245.72,9.40,-13.89,-2.24,-69.34,-78.37,-73.86,1,33.39,2.00,0.11,184.96,213.45,1373.96,1507.06
Didelphimorphia,Didelphidae,Monodelphis,americana,monodelphis americana,3.00,19.50,-999.00,107.00,-999.00,-999.00,-999.00,-999.00,1.00,-999.00,-999.00,2.00,5.36788e-04,4.63036e-04,-999.00,-999.00,-999.00,-999.00,-999.00,-999.00,-999.00,-999.00,-999.00,-999.00,-999,2.00,3,-999.00,-999.00,-999.00,48;889;905;2655,-999.00,-999.00,-999.00,-999.00,1022061.77,-0.53,-23.84,-12.19,-34.79,-49.25,-42.02,3,97.33,8.00,0.07,130.09,227.39,1143.30,1507.47
Didelphimorphia,Didelphidae,Monodelphis,brevicaudata,monodelphis brevicaudata,2.00,78.84,-999.00,135.12,-999.00,-999.00,68.14,93.50,2.00,-999.00,-999.00,2.00,-999.00,-999.00,-999.00,7.24,1.50,12.00,-999.00,-999.00,49.81,-999.00,187.19,1.00,-999,2.00,2,-999.00,-999.00,-999.00,730;889;905;955;1297;1412;1773;1822;2151;2159;2655,-999.00,-999.00,-999.00,-999.00,-999.00,-999.00,-999.00,-999.00,-999.00,-999.00,-999.00,-999,-999.00,-999.00,-999.00,-999.00,-999.00,-999.00,-999.00
Didelphimorphia,Didelphidae,Monodelphis,dimidiata,monodelphis dimidiata,2.00,44.56,-999.00,99.60,-999.00,365.00,-999.00,-999.00,5.00,-999.00,-999.00,2.00,-999.00,-999.00,334.58,12.00,1.00,12.00,0.08,-999.00,200.00,-999.00,-999.00,-999.00,-999,2.00,2,55.68,-999.00,-999.00,256;513;889;890;955;1131;1297;1760;2151;2655,-999.00,-999.00,-999.00,-999.00,1385763.24,-22.09,-38.97,-30.53,-48.56,-64.87,-56.72,0,30.70,1.00,0.07,84.21,178.34,919.96,1095.53
Didelphimorphia,Didelphidae,Monodelphis,domestica,monodelphis domestica,2.00,93.45,-999.00,148.10,-999.00,182.50,61.25,104.00,2.00,-999.00,14.55,1.00,-999.00,-999.00,52.50,7.29,4.00,72.00,0.09,8.99,400.00,-999.00,162.11,1.00,-999,1.00,3,49.49,21.00,-999.00,140;256;543;889;905;955;1297;1412;1822;2054;2151;2484;2655,-999.00,-999.00,-999.00,-999.00,2708946.40,-2.10,-26.16,-14.13,-34.79,-63.51,-49.15,0,58.27,0.00,0.07,106.53,229.86,1100.40,1394.65
Didelphimorphia,Didelphidae,Monodelphis,emiliae,monodelphis emiliae,1.00,52.33,-999.00,134.28,-999.00,-999.00,-999.00,-999.00,1.00,-999.00,-999.00,1.00,-999.00,-999.00,-999.00,-999.00,-999.00,-999.00,-999.00,-999.00,-999.00,-999.00,-999.00,-999.00,-999,1.00,3,-999.00,-999.00,-999.00,890;1760;2292;2655,-999.00,-999.00,-999.00,-999.00,959841.81,-1.76,-11.99,-6.87,-49.40,-73.92,-61.66,0,1.70,0.00,0.10,189.57,254.85,1496.95,1593.36
Didelphimorphia,Didelphidae,Monodelphis,glirina,monodelphis glirina,-999.00,-999.00,-999.00,-999.00,-999.00,-999.00,-999.00,-999.00,-999.00,-999.00,-999.00,-999.00,-999.00,-999.00,-999.00,-999.00,-999.00,-999.00,-999.00,-999.00,-999.00,-999.00,-999.00,-999.00,-999,-999.00,-999,-999.00,-999.00,-999.00,-999,-999.00,-999.00,-999.00,-999.00,-999.00,-999.00,-999.00,-999.00,-999.00,-999.00,-999.00,-999,-999.00,-999.00,-999.00,-999.00,-999.00,-999.00,-999.00
Didelphimorphia,Didelphidae,Monodelphis,iheringi,monodelphis iheringi,1.00,112.00,-999.00,90.99,-999.00,-999.00,-999.00,-999.00,1.00,-999.00,-999.00,1.00,-999.00,-999.00,-999.00,-999.00,-999.00,-999.00,-999.00,-999.00,-999.00,-999.00,-999.00,-999.00,-999,1.00,3,-999.00,-999.00,-999.00,890;1760;2655,-999.00,-999.00,-999.00,-999.00,229715.82,-21.96,-29.64,-25.80,-44.97,-51.56,-48.26,5,138.81,12.00,0.06,134.74,172.19,1193.55,1271.23
Didelphimorphia,Didelphidae,Monodelphis,kunsi,monodelphis kunsi,1.00,11.30,-999.00,70.38,-999.00,-999.00,-999.00,-999.00,1.00,-999.00,-999.00,1.00,-999.00,-999.00,-999.00,-999.00,-999.00,-999.00,-999.00,-999.00,-999.00,-999.00,-999.00,-999.00,-999,1.00,3,-999.00,-999.00,-999.00,890;1760;2312;2655,-999.00,-999.00,-999.00,-999.00,298062.70,-12.34,-23.49,-17.92,-46.06,-67.05,-56.55,0,11.46,1.00,0.15,109.66,227.39,1201.13,1469.53
Didelphimorphia,Didelphidae,Monodelphis,maraxina,monodelphis maraxina,1.00,-999.00,-999.00,134.00,-999.00,-999.00,-999.00,-999.00,1.00,-999.00,-999.00,1.00,-999.00,-999.00,-999.00,-999.00,-999.00,-999.00,-999.00,-999.00,-999.00,-999.00,-999.00,-999.00,-999,1.00,3,-999.00,-999.00,-999.00,890;1760,72.24,-999.00,-999.00,-999.00,37711.99,-0.08,-1.83,-0.95,-48.36,-50.77,-49.56,2,14.27,2.00,0.18,217.70,260.24,1472.53,1718.45
Didelphimorphia,Didelphidae,Monodelphis,osgoodi,monodelphis osgoodi,1.00,112.00,-999.00,95.00,-999.00,-999.00,-999.00,-999.00,1.00,-999.00,-999.00,1.00,-999.00,-999.00,-999.00,-999.00,-999.00,-999.00,-999.00,-999.00,-999.00,-999.00,-999.00,-999.00,-999,1.00,3,-999.00,-999.00,-999.00,890;1760;2655,-999.00,-999.00,-999.00,-999.00,45995.47,-16.08,-19.14,-17.61,-64.51,-66.90,-65.71,3,22.83,4.00,0.23,65.93,167.27,908.15,1354.60
Didelphimorphia,Didelphidae,Monodelphis,palliolata,monodelphis palliolata,-999.00,-999.00,-999.00,-999.00,-999.00,-999.00,-999.00,-999.00,-999.00,-999.00,-999.00,-999.00,-999.00,-999.00,-999.00,-999.00,-999.00,-999.00,-999.00,-999.00,-999.00,-999.00,-999.00,-999.00,-999,-999.00,-999,-999.00,-999.00,-999.00,-999,-999.00,-999.00,-999.00,-999.00,-999.00,-999.00,-999.00,-999.00,-999.00,-999.00,-999.00,-999,-999.00,-999.00,-999.00,-999.00,-999.00,-999.00,-999.00
Rodentia,Cricetidae,Megalomys,desmarestii,megalomys desmarestii,-999.00,-999.00,-999.00,-999.00,-999.00,-999.00,-999.00,-999.00,-999.00,-999.00,-999.00,-999.00,-999.00,-999.00,-999.00,-999.00,-999.00,-999.00,-999.00,-999.00,-999.00,-999.00,-999.00,-999.00,-999,-999.00,-999,-999.00,-999.00,-999.00,-999,-999.00,-999.00,-999.00,-999.00,-999.00,-999.00,-999.00,-999.00,-999.00,-999.00,-999.00,-999,-999.00,-999.00,-999.00,-999.00,-999.00,-999.00,-999.00
Rodentia,Cricetidae,Megalomys,luciae,megalomys luciae,-999.00,-999.00,-999.00,-999.00,-999.00,-999.00,-999.00,-999.00,-999.00,-999.00,-999.00,-999.00,-999.00,-999.00,-999.00,-999.00,-999.00,-999.00,-999.00,-999.00,-999.00,-999.00,-999.00,-999.00,-999,-999.00,-999,-999.00,-999.00,-999.00,-999,-999.00,-999.00,-999.00,-999.00,-999.00,-999.00,-999.00,-999.00,-999.00,-999.00,-999.00,-999,-999.00,-999.00,-999.00,-999.00,-999.00,-999.00,-999.00
Rodentia,Cricetidae,Megaoryzomys,curioi,megaoryzomys curioi,-999.00,-999.00,-999.00,-999.00,-999.00,-999.00,-999.00,-999.00,-999.00,-999.00,-999.00,-999.00,-999.00,-999.00,-999.00,-999.00,-999.00,-999.00,-999.00,-999.00,-999.00,-999.00,-999.00,-999.00,-999,-999.00,-999,-999.00,-999.00,-999.00,-999,-999.00,-999.00,-999.00,-999.00,-999.00,-999.00,-999.00,-999.00,-999.00,-999.00,-999.00,-999,-999.00,-999.00,-999.00,-999.00,-999.00,-999.00,-999.00
Cetacea,Balaenopteridae,Megaptera,novaeangliae,megaptera novaeangliae,-999.00,30000000.01,-999.00,12856.21,-999.00,-999.00,-999.00,-999.00,2.00,-999.00,349.79,1.00,-999.00,-999.00,730.00,1.00,0.37,1140.00,1299999.99,-999.00,-999.00,-999.00,1310.35,2.00,-999,-999.00,3,318.46,-999.00,-999.00,24;68;159;162;163;179;490;491;505;543;899;1004;1297;1577;2151;2655,-999.00,-999.00,-999.00,-999.00,-999.00,-999.00,-999.00,-999.00,-999.00,-999.00,-999.00,-999,-999.00,-999.00,-999.00,-999.00,-999.00,-999.00,-999.00
Soricomorpha,Soricidae,Megasorex,gigas,megasorex gigas,-999.00,11.71,-999.00,89.60,-999.00,-999.00,-999.00,-999.00,-999.00,-999.00,-999.00,1.00,-999.00,-999.00,-999.00,-999.00,-999.00,-999.00,-999.00,-999.00,-999.00,-999.00,-999.00,-999.00,-999,1.00,-999,-999.00,-999.00,-999.00,118;1429;1445;2655,-999.00,-999.00,-999.00,-999.00,175398.19,21.14,15.86,18.50,-96.94,-105.70,-101.32,7,46.36,9.00,0.07,95.26,201.86,860.76,1582.17
Rodentia,Cricetidae,Melanomys,caliginosus,melanomys caliginosus,-999.00,41.00,-999.00,-999.00,-999.00,-999.00,-999.00,-999.00,-999.00,-999.00,-999.00,-999.00,-999.00,-999.00,-999.00,1.45,-999.00,-999.00,-999.00,-999.00,-999.00,-999.00,-999.00,-999.00,-999,-999.00,-999,-999.00,-999.00,-999.00,1297;2655,-999.00,-999.00,-999.00,-999.00,595659.43,16.02,-3.57,6.22,-71.11,-86.62,-78.87,2,60.76,3.00,0.13,188.24,229.19,1363.12,1618.43
Rodentia,Cricetidae,Melanomys,robustulus,melanomys robustulus,-999.00,53.50,-999.00,-999.00,-999.00,-999.00,-999.00,-999.00,-999.00,-999.00,-999.00,-999.00,-999.00,-999.00,-999.00,-999.00,-999.00,-999.00,-999.00,-999.00,-999.00,-999.00,-999.00,-999.00,-999,-999.00,-999,-999.00,-999.00,-999.00,2655,-999.00,-999.00,-999.00,-999.00,8638.62,-3.38,-4.69,-4.04,-78.84,-79.55,-79.20,6,26.56,6.00,0.11,62.56,188.55,944.25,1442.22
Rodentia,Cricetidae,Melanomys,zunigae,melanomys zunigae,-999.00,53.50,-999.00,-999.00,-999.00,-999.00,-999.00,-999.00,-999.00,-999.00,-999.00,-999.00,-999.00,-999.00,-999.00,-999.00,-999.00,-999.00,-999.00,-999.00,-999.00,-999.00,-999.00,-999.00,-999,-999.00,-999,-999.00,-999.00,-999.00,2655,-999.00,-999.00,-999.00,-999.00,9675.46,-8.82,-10.31,-9.56,-76.88,-77.95,-77.42,10,26.00,10.00,0.08,94.22,97.23,837.94,1450.30
Rodentia,Muridae,Melasmothrix,naso,melasmothrix naso,-999.00,-999.00,-999.00,-999.00,-999.00,-999.00,-999.00,-999.00,-999.00,-999.00,-999.00,-999.00,-999.00,-999.00,-999.00,-999.00,-999.00,-999.00,-999.00,-999.00,-999.00,-999.00,-999.00,-999.00,-999,-999.00,-999,-999.00,-999.00,-999.00,-999,-999.00,-999.00,-999.00,-999.00,2059.07,-1.71,-2.14,-1.92,120.89,120.39,120.64,17,33.49,17.00,0.12,223.49,164.25,1815.99,1836.49
Carnivora,Mustelidae,Meles,anakuma,meles anakuma,-999.00,-999.00,-999.00,-999.00,-999.00,-999.00,-999.00,-999.00,-999.00,-999.00,-999.00,-999.00,-999.00,-999.00,-999.00,-999.00,-999.00,-999.00,-999.00,-999.00,-999.00,-999.00,-999.00,-999.00,-999,-999.00,-999,-999.00,-999.00,-999.00,-999,-999.00,-999.00,-999.00,-999.00,-999.00,-999.00,-999.00,-999.00,-999.00,-999.00,-999.00,-999,-999.00,-999.00,-999.00,-999.00,-999.00,-999.00,-999.00
Carnivora,Mustelidae,Meles,leucurus,meles leucurus,-999.00,-999.00,-999.00,-999.00,-999.00,-999.00,-999.00,-999.00,-999.00,-999.00,-999.00,-999.00,-999.00,-999.00,-999.00,-999.00,-999.00,-999.00,-999.00,-999.00,-999.00,-999.00,-999.00,-999.00,-999,-999.00,-999,-999.00,-999.00,-999.00,-999,-999.00,-999.00,-999.00,-999.00,-999.00,-999.00,-999.00,-999.00,-999.00,-999.00,-999.00,-999,-999.00,-999.00,-999.00,-999.00,-999.00,-999.00,-999.00
Carnivora,Mustelidae,Meles,meles,meles meles,2.00,11884.03,-999.00,705.89,35.16,-999.00,3340.80,11600.00,1.00,210.00,48.60,1.00,1.20,1.42,365.00,3.11,-999.00,194.40,90.24,-999.00,2.52,-999.00,420.91,-999.00,6,1.00,3,91.30,-999.00,-999.00,367;542;543;730;966;1113;1297;1573;1577;2620;2655;2986,-999.00,1.10,-999.00,-999.00,-999.00,-999.00,-999.00,-999.00,-999.00,-999.00,-999.00,-999,-999.00,-999.00,-999.00,-999.00,-999.00,-999.00,-999.00
Carnivora,Mustelidae,Mellivora,capensis,mellivora capensis,2.00,8999.99,-999.00,682.96,33.12,-999.00,-999.00,-999.00,6.00,-999.00,181.46,1.00,-999.00,-999.00,182.50,2.35,2.00,318.00,210.00,-999.00,-999.00,-999.00,-999.00,-999.00,4,1.00,2,23.86,-999.00,-999.00,543;1113;1297;2655;2986,-999.00,-999.00,-999.00,-999.00,27823522.11,43.11,-34.83,4.13,87.75,-17.53,35.10,0,54.67,0.00,0.12,66.13,236.56,682.10,1464.16
Primates,Cercopithecidae,Miopithecus,talapoin,miopithecus talapoin,3.00,1248.86,-999.00,354.99,-999.00,1598.70,-999.00,-999.00,3.00,-999.00,164.38,1.00,0.80,1.20,365.00,1.01,-999.00,370.80,179.04,-999.00,42.07,66.50,1733.36,91.20,-999,2.00,2,178.98,416.46,-999.00,208;543;730;904;1297;1347;1544;1547;1611;1763;1767;1848;2344;2463;2489;2493;2655;2660;2986,-999.00,1.10,-999.00,-999.00,258766.21,-3.00,-12.37,-7.68,17.75,12.27,15.01,5,46.31,5.00,0.21,104.31,231.71,1091.55,1516.99
Carnivora,Phocidae,Mirounga,angustirostris,mirounga angustirostris,2.00,1112390.81,-999.00,3713.91,0.00,1460.00,-999.00,-999.00,6.00,27.19,290.63,2.00,-999.00,-999.00,365.00,1.00,-999.00,243.50,34381.77,-999.00,-999.00,-999.00,1522.50,-999.00,-999,1.00,2,27.37,120217.94,-999.00,367;543;1297;1763;2151;2655;2986,-999.00,1.10,-999.00,-999.00,-999.00,-999.00,-999.00,-999.00,-999.00,-999.00,-999.00,-999,-999.00,-999.00,-999.00,-999.00,-999.00,-999.00,-999.00
Carnivora,Phocidae,Mirounga,leonina,mirounga leonina,2.00,1600000.00,-999.00,3674.03,0.00,1460.00,-999.00,-999.00,2.00,23.99,243.33,2.00,-999.00,-999.00,365.00,1.00,-999.00,276.00,39392.97,-999.00,-999.00,-999.00,1607.08,-999.00,-999,1.00,3,22.93,114129.31,-999.00,367;543;890;1297;1763;2151;2655;2986,-999.00,1.10,-999.00,-999.00,-999.00,-999.00,-999.00,-999.00,-999.00,-999.00,-999.00,-999,-999.00,-999.00,-999.00,-999.00,-999.00,-999.00,-999.00
Primates,Cheirogaleidae,Mirza,coquereli,mirza coquereli,1.00,326.50,-999.00,231.84,-999.00,532.90,-999.00,-999.00,4.00,-999.00,88.58,1.00,0.03,0.04,365.00,1.71,-999.00,183.60,12.92,-999.00,107.17,4.50,343.74,1.00,4,2.00,2,136.00,-999.00,-999.00,511;543;730;1046;1048;1261;1297;1544;1547;1848;2041;2151;2344;2428;2493;2511;2655;2660;2705;2986,-999.00,1.10,-999.00,-999.00,58761.86,-13.25,-23.43,-18.34,49.05,43.76,46.41,2,10.05,3.00,0.19,92.48,238.89,937.06,1597.70
Soricomorpha,Talpidae,Mogera,imaizumii,mogera imaizumii,2.00,65.53,-999.00,140.00,-999.00,-999.00,-999.00,-999.00,2.00,-999.00,-999.00,1.00,-999.00,-999.00,-999.00,3.25,1.00,42.00,-999.00,-999.00,-999.00,1.00,-999.00,-999.00,-999,1.00,2,-999.00,-999.00,-999.00,1280;2131;2741;3107,-999.00,-999.00,-999.00,-999.00,105817.66,41.54,33.72,37.63,142.07,130.87,136.47,74,339.94,93.00,9.83583357661616e-03,141.90,87.95,774.31,819.93
Soricomorpha,Talpidae,Mogera,insularis,mogera insularis,-999.00,-999.00,-999.00,-999.00,-999.00,-999.00,-999.00,-999.00,1.00,-999.00,-999.00,-999.00,-999.00,-999.00,-999.00,-999.00,1.00,-999.00,-999.00,-999.00,-999.00,1.00,-999.00,-999.00,-999,-999.00,3,-999.00,-999.00,-999.00,1280;2131,-999.00,-999.00,-999.00,-999.00,999215.83,32.30,18.16,25.23,122.00,101.43,111.71,7,260.21,73.00,0.06,123.01,156.75,1042.61,1099.98
Soricomorpha,Talpidae,Mogera,tokudae,mogera tokudae,2.00,133.48,-999.00,167.50,-999.00,-999.00,-999.00,-999.00,2.00,-999.00,40.00,1.00,-999.00,-999.00,-999.00,3.26,1.00,-999.00,-999.00,-999.00,-999.00,1.00,-999.00,-999.00,-999,1.00,2,-999.00,-999.00,-999.00,1280;2131;2529;2741;3114,-999.00,-999.00,-999.00,-999.00,2190.11,38.33,37.48,37.90,139.23,138.21,138.72,196,196.66,196.00,5.11080158439658e-03,181.10,113.99,805.00,805.00
Soricomorpha,Talpidae,Mogera,uchidai,mogera uchidai,2.00,-999.00,-999.00,-999.00,-999.00,-999.00,-999.00,-999.00,1.00,-999.00,-999.00,1.00,-999.00,-999.00,-999.00,-999.00,-999.00,-999.00,-999.00,-999.00,-999.00,-999.00,-999.00,-999.00,-999,1.00,3,-999.00,-999.00,-999.00,1015,-999.00,-999.00,-999.00,-999.00,0.03,25.75,25.74,25.74,123.48,123.48,123.48,0,0.00,0.00,-999.00,-999.00,-999.00,-999.00,-999.00
Soricomorpha,Talpidae,Mogera,wogura,mogera wogura,2.00,96.88,-999.00,150.00,-999.00,-999.00,-999.00,-999.00,3.00,-999.00,40.00,1.00,-999.00,-999.00,-999.00,3.78,1.00,42.00,-999.00,-999.00,4999.99,1.00,-999.00,-999.00,-999,1.00,2,-999.00,-999.00,-999.00,1280;2131;2528;2529;2741;3107,-999.00,-999.00,-999.00,-999.00,975185.29,49.37,30.98,40.18,141.54,122.36,131.95,1,241.55,1.00,0.01,80.76,46.55,627.21,688.53
Chiroptera,Molossidae,Molossops,aequatorianus,molossops aequatorianus,-999.00,-999.00,36.50,-999.00,-999.00,-999.00,-999.00,-999.00,1.00,-999.00,-999.00,1.00,-999.00,-999.00,-999.00,-999.00,-999.00,-999.00,-999.00,-999.00,-999.00,-999.00,-999.00,-999.00,-999,2.00,3,-999.00,-999.00,-999.00,1658;2151,7.49,-999.00,-999.00,-999.00,130439.11,1.44,-3.55,-1.05,-77.79,-80.97,-79.38,0,72.68,5.00,0.11,148.35,199.96,1162.14,1424.17
Chiroptera,Molossidae,Molossops,mattogrossensis,molossops mattogrossensis,-999.00,7.48,28.49,-999.00,-999.00,-999.00,-999.00,-999.00,1.00,-999.00,-999.00,1.00,-999.00,-999.00,-999.00,-999.00,1.00,-999.00,-999.00,-999.00,-999.00,-999.00,-999.00,-999.00,-999,2.00,3,-999.00,-999.00,-999.00,1658;2143;2151;2622;2655;3034,-999.00,-999.00,-999.00,-999.00,5565787.46,9.30,-15.56,-3.12,-34.79,-68.58,-51.69,0,12.28,0.00,0.11,149.77,247.97,1281.05,1572.95
Chiroptera,Molossidae,Molossops,neglectus,molossops neglectus,-999.00,-999.00,35.49,-999.00,-999.00,-999.00,-999.00,-999.00,1.00,-999.00,-999.00,1.00,-999.00,-999.00,-999.00,-999.00,-999.00,-999.00,-999.00,-999.00,-999.00,-999.00,-999.00,-999.00,-999,2.00,3,-999.00,-999.00,-999.00,1658;2151,6.91,-999.00,-999.00,-999.00,8086531.07,6.15,-26.62,-10.23,-46.84,-75.97,-61.40,0,5.68,0.00,0.13,160.35,241.08,1344.77,1527.37
Chiroptera,Molossidae,Molossops,temminckii,molossops temminckii,-999.00,5.86,28.49,-999.00,-999.00,-999.00,-999.00,-999.00,1.00,-999.00,-999.00,1.00,-999.00,-999.00,-999.00,0.98,-999.00,-999.00,-999.00,-999.00,-999.00,-999.00,-999.00,-999.00,-999,2.00,3,-999.00,-999.00,-999.00,890;1297;1658;2151;2622;2655;2719,-999.00,-999.00,-999.00,-999.00,7264791.36,5.26,-35.81,-15.27,-34.79,-76.61,-55.70,0,25.92,0.00,0.10,120.67,219.38,1133.59,1365.99
Chiroptera,Molossidae,Molossus,aztecus,molossus aztecus,-999.00,14.86,-999.00,-999.00,-999.00,-999.00,-999.00,-999.00,-999.00,-999.00,-999.00,-999.00,-999.00,-999.00,-999.00,-999.00,-999.00,-999.00,-999.00,-999.00,-999.00,-999.00,-999.00,-999.00,-999,-999.00,-999,-999.00,-999.00,-999.00,2751,-999.00,-999.00,-999.00,-999.00,382245.88,20.59,11.50,16.04,-85.19,-104.59,-94.89,6,101.00,12.00,0.09,110.37,208.13,1026.23,1610.02
Chiroptera,Molossidae,Molossus,barnesi,molossus barnesi,-999.00,-999.00,-999.00,-999.00,-999.00,-999.00,-999.00,-999.00,-999.00,-999.00,-999.00,-999.00,-999.00,-999.00,-999.00,-999.00,-999.00,-999.00,-999.00,-999.00,-999.00,-999.00,-999.00,-999.00,-999,-999.00,-999,-999.00,-999.00,-999.00,-999,-999.00,-999.00,-999.00,-999.00,3843.41,5.29,4.70,4.99,-52.27,-53.14,-52.70,0,9.00,0.00,0.19,303.40,246.59,1552.00,1739.01
Chiroptera,Molossidae,Molossus,coibensis,molossus coibensis,-999.00,-999.00,-999.00,-999.00,-999.00,-999.00,-999.00,-999.00,-999.00,-999.00,-999.00,-999.00,-999.00,-999.00,-999.00,-999.00,-999.00,-999.00,-999.00,-999.00,-999.00,-999.00,-999.00,-999.00,-999,-999.00,-999,-999.00,-999.00,-999.00,-999,-999.00,-999.00,-999.00,-999.00,4795656.58,15.64,-16.58,-0.47,-54.28,-92.98,-73.63,0,15.83,0.00,0.14,181.94,245.07,1420.09,1566.30
Chiroptera,Molossidae,Molossus,currentium,molossus currentium,-999.00,17.79,41.00,-999.00,-999.00,-999.00,-999.00,-999.00,-999.00,-999.00,-999.00,1.00,-999.00,-999.00,-999.00,0.99,-999.00,-999.00,-999.00,-999.00,-999.00,-999.00,-999.00,-999.00,-999,2.00,-999,-999.00,-999.00,-999.00,1297;1658;2143;2151;2622;2655,-999.00,-999.00,-999.00,-999.00,1346846.01,12.46,-4.95,3.75,-60.78,-84.18,-72.48,0,61.82,1.00,0.12,140.76,238.26,1338.73,1618.90
Chiroptera,Molossidae,Molossus,molossus,molossus molossus,-999.00,13.70,38.22,59.82,-999.00,-999.00,20.13,16.50,1.00,-999.00,107.97,1.00,-999.00,-999.00,-999.00,0.99,2.00,-999.00,3.49,37.54,-999.00,-999.00,103.46,-999.00,-999,2.00,3,60.45,-999.00,-999.00,196;1297;1658;1685;1705;1822;1948;2151;2295;2622;2655;2719;2750;2797;3038,-999.00,-999.00,-999.00,-999.00,16538107.62,28.68,-39.01,-5.16,-34.79,-108.56,-71.68,0,32.82,0.00,0.10,137.03,226.13,1211.68,1469.82
Didelphimorphia,Didelphidae,Monodelphis,rubida,monodelphis rubida,1.00,45.50,-999.00,131.00,-999.00,-999.00,-999.00,-999.00,1.00,-999.00,-999.00,1.00,-999.00,-999.00,-999.00,-999.00,-999.00,-999.00,-999.00,-999.00,-999.00,-999.00,-999.00,-999.00,-999,1.00,3,-999.00,-999.00,-999.00,890;1760;2655,-999.00,-999.00,-999.00,-999.00,410687.39,-17.93,-24.18,-21.05,-44.92,-52.75,-48.84,2,71.79,4.00,0.07,128.16,212.63,1206.67,1374.77
Didelphimorphia,Didelphidae,Monodelphis,scalops,monodelphis scalops,1.00,763.19,-999.00,139.10,-999.00,-999.00,-999.00,-999.00,1.00,-999.00,-999.00,1.00,-999.00,-999.00,-999.00,-999.00,-999.00,-999.00,-999.00,-999.00,-999.00,-999.00,-999.00,-999.00,-999,1.00,3,-999.00,-999.00,-999.00,889;890;1760;2655,-999.00,-999.00,-999.00,-999.00,175704.11,-21.92,-28.08,-25.00,-41.41,-56.11,-48.76,5,231.42,12.00,0.06,142.13,184.19,1213.65,1274.14
Didelphimorphia,Didelphidae,Monodelphis,sorex,monodelphis sorex,1.00,48.00,-999.00,72.50,-999.00,-999.00,-999.00,-999.00,1.00,-999.00,-999.00,1.00,-999.00,-999.00,-999.00,-999.00,-999.00,-999.00,-999.00,-999.00,-999.00,-999.00,-999.00,-999.00,25,1.00,3,-999.00,-999.00,-999.00,889;890;1760;2655,-999.00,-999.00,-999.00,-999.00,875360.94,-18.45,-30.25,-24.35,-41.35,-56.12,-48.74,3,101.96,9.00,0.05,133.52,196.04,1189.80,1297.78
Didelphimorphia,Didelphidae,Monodelphis,theresa,monodelphis theresa,1.00,112.00,-999.00,86.42,-999.00,-999.00,-999.00,-999.00,1.00,-999.00,-999.00,1.00,-999.00,-999.00,-999.00,-999.00,-999.00,-999.00,-999.00,-999.00,-999.00,-999.00,-999.00,-999.00,-999,1.00,3,-999.00,-999.00,-999.00,890;1760;2655,-999.00,-999.00,-999.00,-999.00,177325.11,-7.75,-22.77,-15.26,-40.19,-77.49,-58.84,2,103.24,6.00,0.07,135.65,190.07,1213.37,1384.34
Didelphimorphia,Didelphidae,Monodelphis,umbristriata,monodelphis umbristriata,-999.00,-999.00,-999.00,-999.00,-999.00,-999.00,-999.00,-999.00,-999.00,-999.00,-999.00,-999.00,-999.00,-999.00,-999.00,-999.00,-999.00,-999.00,-999.00,-999.00,-999.00,-999.00,-999.00,-999.00,-999,-999.00,-999,-999.00,-999.00,-999.00,-999,-999.00,-999.00,-999.00,-999.00,-999.00,-999.00,-999.00,-999.00,-999.00,-999.00,-999.00,-999,-999.00,-999.00,-999.00,-999.00,-999.00,-999.00,-999.00
Didelphimorphia,Didelphidae,Monodelphis,unistriata,monodelphis unistriata,1.00,55.30,-999.00,137.47,-999.00,-999.00,-999.00,-999.00,1.00,-999.00,-999.00,1.00,-999.00,-999.00,-999.00,-999.00,-999.00,-999.00,-999.00,-999.00,-999.00,-999.00,-999.00,-999.00,-999,1.00,3,-999.00,-999.00,-999.00,890;1760;2655,-999.00,-999.00,-999.00,-999.00,6.86,-24.10,-24.13,-24.11,-49.31,-49.34,-49.32,26,26.00,26.00,0.08,107.00,179.00,1210.00,1214.00
Cetacea,Monodontidae,Monodon,monoceros,monodon monoceros,-999.00,938126.44,-999.00,5092.53,-999.00,-999.00,-999.00,-999.00,2.00,-999.00,441.04,1.00,-999.00,-999.00,912.50,1.00,0.41,480.00,79999.99,-999.00,-999.00,-999.00,2580.24,14.00,-999,-999.00,3,608.33,-999.00,-999.00,511;543;1004;1297;2655,-999.00,-999.00,-999.00,-999.00,-999.00,-999.00,-999.00,-999.00,-999.00,-999.00,-999.00,-999,-999.00,-999.00,-999.00,-999.00,-999.00,-999.00,-999.00
Chiroptera,Phyllostomidae,Monophyllus,plethodon,monophyllus plethodon,-999.00,15.33,43.54,-999.00,-999.00,-999.00,-999.00,-999.00,-999.00,-999.00,-999.00,1.00,-999.00,-999.00,-999.00,0.99,-999.00,-999.00,0.87,25.65,-999.00,-999.00,-999.00,-999.00,-999,2.00,-999,-999.00,-999.00,-999.00,196;1297;1658;1920;2151;2571;2622;2655;3023,-999.00,-999.00,-999.00,-999.00,4183.11,18.28,13.03,15.66,-59.42,-63.17,-61.29,8,393.20,8.00,0.05,-999.00,-999.00,-999.00,-999.00
Chiroptera,Phyllostomidae,Monophyllus,redmani,monophyllus redmani,-999.00,8.79,39.43,-999.00,-999.00,-999.00,11.13,8.70,3.00,-999.00,-999.00,1.00,-999.00,-999.00,-999.00,0.99,-999.00,-999.00,-999.00,-999.00,-999.00,-999.00,-999.00,-999.00,-999,2.00,2,-999.00,-999.00,-999.00,108;1297;1658;2151;2469;2655,-999.00,-999.00,-999.00,-999.00,203276.18,23.19,17.60,20.39,-65.59,-84.95,-75.27,1,162.30,11.00,0.04,106.77,245.98,1361.58,1646.11
Rodentia,Nesomyidae,Monticolomys,koopmani,monticolomys koopmani,-999.00,25.00,-999.00,-999.00,-999.00,-999.00,-999.00,-999.00,-999.00,-999.00,-999.00,-999.00,-999.00,-999.00,-999.00,-999.00,-999.00,-999.00,-999.00,-999.00,-999.00,-999.00,-999.00,-999.00,-999,-999.00,-999,-999.00,-999.00,-999.00,2655,-999.00,-999.00,-999.00,-999.00,-999.00,-999.00,-999.00,-999.00,-999.00,-999.00,-999.00,-999,-999.00,-999.00,-999.00,-999.00,-999.00,-999.00,-999.00
Chiroptera,Molossidae,Mops,brachypterus,mops brachypterus,-999.00,16.00,36.50,-999.00,-999.00,-999.00,-999.00,-999.00,-999.00,-999.00,-999.00,1.00,-999.00,-999.00,-999.00,0.99,-999.00,-999.00,-999.00,-999.00,-999.00,-999.00,-999.00,-999.00,-999,2.00,-999,-999.00,-999.00,-999.00,1297;1658;2151;2622;2655,-999.00,-999.00,-999.00,-999.00,3079756.19,9.34,-6.47,1.43,39.57,-13.32,13.12,0,56.15,1.00,0.12,149.71,241.81,1364.26,1560.83
Chiroptera,Molossidae,Mops,condylurus,mops condylurus,-999.00,26.59,47.22,-999.00,0.00,-999.00,-999.00,-999.00,1.00,-999.00,88.64,1.00,-999.00,-999.00,-999.00,1.00,2.00,-999.00,8.03,-999.00,-999.00,60.00,285.63,-999.00,-999,2.00,3,49.99,-999.00,-999.00,44;196;1257;1258;1297;1384;1658;1685;1938;2094;2143;2151;2622;2655;2719;2900;2902;3023,-999.00,-999.00,-999.00,-999.00,16249258.42,18.08,-29.64,-5.77,51.41,-17.53,16.93,0,34.91,1.00,0.13,92.42,243.60,922.06,1564.21
Chiroptera,Molossidae,Mops,congicus,mops congicus,-999.00,42.84,55.50,-999.00,-999.00,-999.00,-999.00,-999.00,-999.00,-999.00,-999.00,1.00,-999.00,-999.00,-999.00,0.99,1.50,-999.00,-999.00,-999.00,-999.00,-999.00,-999.00,-999.00,-999,2.00,-999,-999.00,-999.00,-999.00,1297;1658;1685;2143;2151;2622;2655,-999.00,-999.00,-999.00,-999.00,703287.80,9.01,1.46,5.23,32.01,-2.96,14.52,1,83.90,4.00,0.12,130.52,250.81,1226.81,1595.09
Chiroptera,Molossidae,Mops,demonstrator,mops demonstrator,-999.00,-999.00,40.00,-999.00,-999.00,-999.00,-999.00,-999.00,-999.00,-999.00,-999.00,1.00,-999.00,-999.00,-999.00,1.00,-999.00,-999.00,-999.00,-999.00,-999.00,-999.00,-999.00,-999.00,-999,2.00,-999,-999.00,-999.00,-999.00,1297;1658;2151,9.74,-999.00,-999.00,-999.00,384114.36,13.01,1.62,7.32,34.31,28.90,31.61,2,19.92,3.00,0.09,85.38,257.16,1000.82,1611.72
Chiroptera,Molossidae,Mops,leucostigma,mops leucostigma,-999.00,26.79,-999.00,-999.00,-999.00,-999.00,-999.00,-999.00,1.00,-999.00,-999.00,-999.00,-999.00,-999.00,-999.00,-999.00,-999.00,-999.00,-999.00,-999.00,-999.00,-999.00,-999.00,-999.00,-999,-999.00,3,-999.00,-999.00,-999.00,196;2295;2719,-999.00,-999.00,-999.00,-999.00,547685.18,-11.94,-25.20,-18.57,50.48,43.22,46.85,2,26.40,3.00,0.19,125.40,219.11,1096.15,1570.32
Chiroptera,Molossidae,Mops,midas,mops midas,-999.00,45.50,61.50,-999.00,-999.00,-999.00,-999.00,-999.00,1.00,-999.00,-999.00,1.00,-999.00,-999.00,-999.00,1.22,2.00,-999.00,9.50,-999.00,-999.00,-999.00,-999.00,-999.00,-999,2.00,3,-999.00,-999.00,-999.00,44;1297;1658;1685;1784;2143;2151;2622;2655;2900,-999.00,-999.00,-999.00,-999.00,5759773.70,18.72,-25.60,-3.44,50.48,-17.53,16.47,0,43.70,1.00,0.11,88.42,253.53,878.83,1602.18
Chiroptera,Molossidae,Mops,mops,mops mops,-999.00,31.12,45.50,-999.00,-999.00,-999.00,-999.00,-999.00,1.00,-999.00,-999.00,1.00,-999.00,-999.00,-999.00,-999.00,-999.00,-999.00,-999.00,-999.00,-999.00,-999.00,-999.00,-999.00,-999,2.00,3,-999.00,-999.00,-999.00,196;679;1658;2151;2655;2719,-999.00,-999.00,-999.00,-999.00,239427.42,5.24,-4.47,0.38,114.39,96.97,105.68,2,79.16,5.00,0.12,237.22,246.53,1679.65,1747.48
Chiroptera,Molossidae,Mops,nanulus,mops nanulus,-999.00,-999.00,29.00,-999.00,-999.00,-999.00,-999.00,-999.00,-999.00,-999.00,-999.00,1.00,-999.00,-999.00,-999.00,1.00,1.50,-999.00,-999.00,-999.00,-999.00,-999.00,-999.00,-999.00,-999,2.00,-999,-999.00,-999.00,-999.00,1297;1658;1685;2151,3.88,-999.00,-999.00,-999.00,3078183.15,9.34,-5.56,1.89,37.06,-13.32,11.86,0,55.63,1.00,0.12,149.71,241.81,1364.26,1560.83
Chiroptera,Molossidae,Mops,niangarae,mops niangarae,-999.00,-999.00,-999.00,-999.00,-999.00,-999.00,-999.00,-999.00,-999.00,-999.00,-999.00,1.00,-999.00,-999.00,-999.00,-999.00,-999.00,-999.00,-999.00,-999.00,-999.00,-999.00,-999.00,-999.00,-999,2.00,-999,-999.00,-999.00,-999.00,2151,-999.00,-999.00,-999.00,-999.00,893.11,3.81,3.51,3.66,27.99,27.69,27.84,7,7.00,7.00,0.00,159.00,239.00,1390.00,1597.00
Chiroptera,Molossidae,Mops,niveiventer,mops niveiventer,-999.00,21.82,-999.00,-999.00,-999.00,-999.00,-999.00,-999.00,1.00,-999.00,-999.00,1.00,-999.00,-999.00,-999.00,1.00,-999.00,-999.00,-999.00,-999.00,-999.00,-999.00,-999.00,-999.00,-999,2.00,3,-999.00,-999.00,-999.00,196;1297;2151;2655;2719,-999.00,-999.00,-999.00,-999.00,3527085.25,-6.31,-25.08,-15.70,40.84,12.38,26.61,1,19.44,1.00,0.18,88.44,221.31,882.82,1462.73
Chiroptera,Molossidae,Mops,petersoni,mops petersoni,-999.00,-999.00,33.50,-999.00,-999.00,-999.00,-999.00,-999.00,-999.00,-999.00,-999.00,1.00,-999.00,-999.00,-999.00,-999.00,-999.00,-999.00,-999.00,-999.00,-999.00,-999.00,-999.00,-999.00,-999,2.00,-999,-999.00,-999.00,-999.00,1658;2151,5.86,-999.00,-999.00,-999.00,53738.65,6.87,2.52,4.70,12.53,-1.85,5.33,4,110.92,4.00,0.11,127.67,249.40,1367.95,1557.50
Chiroptera,Molossidae,Mops,sarasinorum,mops sarasinorum,-999.00,-999.00,41.99,-999.00,-999.00,-999.00,-999.00,-999.00,1.00,-999.00,-999.00,1.00,-999.00,-999.00,-999.00,-999.00,-999.00,-999.00,-999.00,-999.00,-999.00,-999.00,-999.00,-999.00,-999,2.00,3,-999.00,-999.00,-999.00,679;1658;2151,11.20,-999.00,-999.00,-999.00,384859.29,18.65,-5.70,6.47,126.60,117.17,121.88,17,161.68,20.00,0.10,217.37,228.66,1579.42,1784.11
Chiroptera,Molossidae,Mops,spurrelli,mops spurrelli,-999.00,8.08,27.50,-999.00,-999.00,-999.00,-999.00,-999.00,-999.00,-999.00,-999.00,1.00,-999.00,-999.00,-999.00,-999.00,-999.00,-999.00,-999.00,-999.00,-999.00,-999.00,-999.00,-999.00,-999,2.00,-999,-999.00,-999.00,-999.00,1658;2151;2399,-999.00,-999.00,-999.00,-999.00,776904.42,8.54,2.60,5.57,18.38,-11.62,3.37,1,104.07,4.00,0.09,163.33,251.81,1300.97,1553.39
Chiroptera,Molossidae,Mops,thersites,mops thersites,-999.00,21.99,39.50,-999.00,-999.00,-999.00,-999.00,-999.00,-999.00,-999.00,-999.00,1.00,-999.00,-999.00,-999.00,1.00,2.00,-999.00,-999.00,-999.00,-999.00,-999.00,-999.00,-999.00,-999,2.00,-999,-999.00,-999.00,-999.00,1297;1658;1685;2151;2622;2655,-999.00,-999.00,-999.00,-999.00,3945169.61,10.56,-7.77,1.39,34.98,-14.29,10.34,0,50.78,1.00,0.12,147.04,243.25,1332.59,1556.68
Chiroptera,Molossidae,Mops,trevori,mops trevori,-999.00,-999.00,52.50,-999.00,-999.00,-999.00,-999.00,-999.00,-999.00,-999.00,-999.00,1.00,-999.00,-999.00,-999.00,0.98,-999.00,-999.00,-999.00,-999.00,-999.00,-999.00,-999.00,-999.00,-999,2.00,-999,-999.00,-999.00,-999.00,1297;1658;2151,21.23,-999.00,-999.00,-999.00,14117.02,4.33,2.84,3.58,31.38,29.61,30.50,9,54.26,9.00,0.16,123.91,236.99,1288.18,1636.67
Chiroptera,Mormoopidae,Mormoops,blainvillei,mormoops blainvillei,-999.00,8.69,46.50,-999.00,-999.00,-999.00,7.99,8.60,1.00,-999.00,-999.00,1.00,-999.00,-999.00,-999.00,-999.00,-999.00,-999.00,-999.00,-999.00,-999.00,-999.00,-999.00,-999.00,-999,2.00,3,-999.00,-999.00,-999.00,889;1658;2151;2469;2655,-999.00,-999.00,-999.00,-999.00,202317.84,23.19,17.60,20.39,-65.59,-84.95,-75.27,2,171.29,23.00,0.04,106.77,245.98,1361.58,1646.11
Chiroptera,Mormoopidae,Mormoops,magna,mormoops magna,-999.00,-999.00,-999.00,-999.00,-999.00,-999.00,-999.00,-999.00,-999.00,-999.00,-999.00,-999.00,-999.00,-999.00,-999.00,-999.00,-999.00,-999.00,-999.00,-999.00,-999.00,-999.00,-999.00,-999.00,-999,-999.00,-999,-999.00,-999.00,-999.00,-999,-999.00,-999.00,-999.00,-999.00,-999.00,-999.00,-999.00,-999.00,-999.00,-999.00,-999.00,-999,-999.00,-999.00,-999.00,-999.00,-999.00,-999.00,-999.00
Chiroptera,Mormoopidae,Mormoops,megalophylla,mormoops megalophylla,-999.00,16.09,54.99,66.74,-999.00,-999.00,24.42,16.50,1.00,-999.00,-999.00,1.00,-999.00,-999.00,-999.00,0.99,1.00,-999.00,0.91,28.78,-999.00,-999.00,-999.00,-999.00,-999,2.00,3,-999.00,-999.00,-999.00,196;404;889;1297;1325;1658;2143;2151;2295;2422;2655;2719,-999.00,-999.00,-999.00,-999.00,3624939.01,33.12,-7.08,13.01,-59.96,-115.91,-87.94,0,51.06,1.00,0.12,85.54,211.38,946.69,1440.48
Chiroptera,Molossidae,Mormopterus,acetabulosus,mormopterus acetabulosus,-999.00,-999.00,38.99,-999.00,-999.00,-999.00,-999.00,-999.00,-999.00,-999.00,-999.00,1.00,-999.00,-999.00,-999.00,-999.00,-999.00,-999.00,-999.00,-999.00,-999.00,-999.00,-999.00,-999.00,-999,2.00,-999,-999.00,-999.00,-999.00,1658;2151,9.05,-999.00,-999.00,-999.00,151638.05,7.46,-28.77,-10.65,57.80,29.65,43.72,0,96.67,4.00,0.12,68.18,178.38,997.29,1299.05
Chiroptera,Molossidae,Mormopterus,beccarii,mormopterus beccarii,-999.00,14.30,35.99,-999.00,-999.00,-999.00,-999.00,-999.00,1.00,-999.00,-999.00,1.00,-999.00,-999.00,-999.00,-999.00,-999.00,-999.00,-999.00,-999.00,-999.00,-999.00,-999.00,-999.00,-999,2.00,3,-999.00,-999.00,-999.00,196;679;1658;2151;2622;2655;2719,-999.00,-999.00,-999.00,-999.00,4026964.55,2.22,-28.15,-12.96,153.36,113.38,133.37,0,2.33,0.00,0.06,67.81,238.40,630.10,1535.00
Chiroptera,Molossidae,Mormopterus,doriae,mormopterus doriae,-999.00,-999.00,38.00,-999.00,-999.00,-999.00,-999.00,-999.00,1.00,-999.00,-999.00,1.00,-999.00,-999.00,-999.00,-999.00,-999.00,-999.00,-999.00,-999.00,-999.00,-999.00,-999.00,-999.00,-999,2.00,3,-999.00,-999.00,-999.00,76;679;1658;2151,8.41,-999.00,-999.00,-999.00,38232.28,4.49,2.16,3.32,99.44,97.09,98.26,30,153.70,30.00,0.07,169.22,236.94,1499.05,1686.84
Chiroptera,Molossidae,Mormopterus,jugularis,mormopterus jugularis,-999.00,11.56,37.37,-999.00,-999.00,-999.00,-999.00,-999.00,1.00,-999.00,-999.00,1.00,-999.00,-999.00,-999.00,-999.00,-999.00,-999.00,-999.00,-999.00,-999.00,-999.00,-999.00,-999.00,-999,2.00,3,-999.00,-999.00,-999.00,76;196;1658;2151;2295;2655;2719,-999.00,-999.00,-999.00,-999.00,189665.13,-16.00,-25.60,-20.80,49.86,43.63,46.74,5,42.81,7.00,0.19,147.12,201.93,1172.75,1579.09
Chiroptera,Molossidae,Mormopterus,kalinowskii,mormopterus kalinowskii,-999.00,-999.00,36.50,-999.00,-999.00,-999.00,-999.00,-999.00,-999.00,-999.00,-999.00,1.00,-999.00,-999.00,-999.00,-999.00,-999.00,-999.00,-999.00,-999.00,-999.00,-999.00,-999.00,-999.00,-999,2.00,-999,-999.00,-999.00,-999.00,1658;2151,7.49,-999.00,-999.00,-999.00,303093.26,-6.33,-20.43,-13.38,-68.75,-79.98,-74.36,0,60.91,0.00,0.07,37.24,74.77,525.54,1297.88
Chiroptera,Molossidae,Mormopterus,loriae,mormopterus loriae,-999.00,7.00,-999.00,-999.00,-999.00,-999.00,-999.00,-999.00,-999.00,-999.00,-999.00,-999.00,-999.00,-999.00,-999.00,-999.00,-999.00,-999.00,-999.00,-999.00,-999.00,-999.00,-999.00,-999.00,-999,-999.00,-999,-999.00,-999.00,-999.00,2622,-999.00,-999.00,-999.00,-999.00,561315.78,-8.79,-22.23,-15.51,148.70,114.45,131.57,0,2.01,0.00,0.04,79.63,253.45,804.62,1709.54
Chiroptera,Molossidae,Mormopterus,minutus,mormopterus minutus,-999.00,-999.00,30.00,-999.00,-999.00,-999.00,-999.00,-999.00,-999.00,-999.00,-999.00,1.00,-999.00,-999.00,-999.00,-999.00,-999.00,-999.00,-999.00,-999.00,-999.00,-999.00,-999.00,-999.00,-999,2.00,-999,-999.00,-999.00,-999.00,1658;2151,4.27,-999.00,-999.00,-999.00,107157.22,23.19,19.82,21.51,-74.13,-84.95,-79.54,2,108.76,16.00,0.02,103.50,252.34,1271.00,1782.03
Chiroptera,Molossidae,Mormopterus,norfolkensis,mormopterus norfolkensis,-999.00,8.00,36.50,-999.00,-999.00,-999.00,-999.00,-999.00,-999.00,-999.00,-999.00,1.00,-999.00,-999.00,-999.00,1.00,-999.00,-999.00,-999.00,-999.00,-999.00,-999.00,-999.00,-999.00,-999,2.00,-999,-999.00,-999.00,-999.00,1297;1658;2151;2622;2655,-999.00,-999.00,-999.00,-999.00,122196.45,-26.56,-35.48,-31.02,168.09,150.17,159.13,0,53.36,1.00,0.09,83.81,160.80,783.39,1229.42
Chiroptera,Molossidae,Mormopterus,phrudus,mormopterus phrudus,-999.00,-999.00,34.00,-999.00,-999.00,-999.00,-999.00,-999.00,-999.00,-999.00,-999.00,1.00,-999.00,-999.00,-999.00,-999.00,-999.00,-999.00,-999.00,-999.00,-999.00,-999.00,-999.00,-999.00,-999,2.00,-999,-999.00,-999.00,-999.00,1658;2151,6.11,-999.00,-999.00,-999.00,50558.21,-10.61,-13.45,-12.03,-72.30,-74.75,-73.52,1,11.23,2.00,0.06,106.09,212.95,1007.21,1447.70
Chiroptera,Molossidae,Mormopterus,planiceps,mormopterus planiceps,-999.00,9.24,33.58,-999.00,-999.00,-999.00,-999.00,-999.00,-999.00,-999.00,106.86,1.00,-999.00,-999.00,-999.00,0.99,1.00,-999.00,2.06,26.28,-999.00,-999.00,377.37,-999.00,-999,2.00,-999,-999.00,-999.00,-999.00,700;1297;1388;1658;1835;2151;2655;3023,-999.00,-999.00,-999.00,-999.00,3330351.40,-22.44,-38.85,-30.64,152.35,114.94,133.65,0,3.38,0.00,0.02,28.34,182.94,332.67,1171.67
Artiodactyla,Tragulidae,Moschiola,meminna,moschiola meminna,1.00,3130.95,-999.00,540.00,-999.00,-999.00,-999.00,-999.00,-999.00,-999.00,153.53,-999.00,-999.00,-999.00,-999.00,1.50,-999.00,-999.00,319.00,-999.00,2.74,-999.00,-999.00,-999.00,-999,-999.00,-999,-999.00,-999.00,-999.00,200;730;1297;1848;2655,-999.00,-999.00,-999.00,-999.00,1572492.46,24.02,5.91,14.97,87.96,72.61,80.28,22,324.33,90.00,0.08,100.68,258.76,830.56,1542.27
Artiodactyla,Moschidae,Moschus,anhuiensis,moschus anhuiensis,-999.00,-999.00,-999.00,-999.00,-999.00,-999.00,-999.00,-999.00,-999.00,-999.00,-999.00,-999.00,-999.00,-999.00,-999.00,-999.00,-999.00,-999.00,-999.00,-999.00,-999.00,-999.00,-999.00,-999.00,-999,-999.00,-999,-999.00,-999.00,-999.00,-999,-999.00,-999.00,-999.00,-999.00,-999.00,-999.00,-999.00,-999.00,-999.00,-999.00,-999.00,-999,-999.00,-999.00,-999.00,-999.00,-999.00,-999.00,-999.00
Artiodactyla,Moschidae,Moschus,berezovskii,moschus berezovskii,2.00,12477.41,-999.00,899.99,-999.00,-999.00,-999.00,-999.00,2.00,-999.00,184.24,-999.00,0.13,-999.00,-999.00,1.20,1.00,-999.00,529.50,-999.00,-999.00,-999.00,-999.00,-999.00,-999,-999.00,1,47.14,-999.00,-999.00,1179;1297;1848;2551;3010,-999.00,-999.00,-999.00,-999.00,2263301.83,35.95,21.75,28.85,117.46,91.40,104.43,1,191.03,3.00,0.06,108.26,113.84,893.09,1006.61
Artiodactyla,Moschidae,Moschus,chrysogaster,moschus chrysogaster,2.00,13697.90,-999.00,899.99,-999.00,730.00,-999.00,-999.00,2.00,-999.00,188.00,-999.00,0.13,-999.00,-999.00,1.20,1.00,-999.00,659.54,-999.00,-999.00,-999.00,587.94,1.00,-999,-999.00,1,47.14,-999.00,-999.00,1179;1297;1848;2551;2655;3010,-999.00,-999.00,-999.00,-999.00,1480747.10,40.61,24.83,32.72,105.30,86.42,95.86,0,21.53,1.00,0.06,90.64,-8.59,556.83,874.85
Artiodactyla,Moschidae,Moschus,cupreus,moschus cupreus,-999.00,-999.00,-999.00,-999.00,-999.00,-999.00,-999.00,-999.00,-999.00,-999.00,-999.00,-999.00,-999.00,-999.00,-999.00,-999.00,-999.00,-999.00,-999.00,-999.00,-999.00,-999.00,-999.00,-999.00,-999,-999.00,-999,-999.00,-999.00,-999.00,-999,-999.00,-999.00,-999.00,-999.00,-999.00,-999.00,-999.00,-999.00,-999.00,-999.00,-999.00,-999,-999.00,-999.00,-999.00,-999.00,-999.00,-999.00,-999.00
Artiodactyla,Moschidae,Moschus,fuscus,moschus fuscus,2.00,13697.90,-999.00,899.99,-999.00,-999.00,-999.00,-999.00,2.00,-999.00,-999.00,-999.00,0.13,-999.00,-999.00,-999.00,1.00,-999.00,-999.00,-999.00,-999.00,-999.00,-999.00,-999.00,-999,-999.00,1,47.14,-999.00,-999.00,1848;2551,-999.00,-999.00,-999.00,-999.00,121178.76,30.59,26.92,28.75,96.95,91.29,94.12,1,24.30,1.00,0.07,163.32,57.58,957.72,1174.42
Artiodactyla,Moschidae,Moschus,leucogaster,moschus leucogaster,-999.00,-999.00,-999.00,-999.00,-999.00,-999.00,-999.00,-999.00,-999.00,-999.00,-999.00,-999.00,-999.00,-999.00,-999.00,-999.00,-999.00,-999.00,-999.00,-999.00,-999.00,-999.00,-999.00,-999.00,-999,-999.00,-999,-999.00,-999.00,-999.00,-999,-999.00,-999.00,-999.00,-999.00,-999.00,-999.00,-999.00,-999.00,-999.00,-999.00,-999.00,-999,-999.00,-999.00,-999.00,-999.00,-999.00,-999.00,-999.00
Artiodactyla,Moschidae,Moschus,moschiferus,moschus moschiferus,2.00,13315.57,-999.00,899.99,-999.00,-999.00,-999.00,-999.00,3.00,-999.00,175.92,-999.00,0.13,0.45,-999.00,1.74,1.00,-999.00,498.39,-999.00,-999.00,1.00,486.66,1.00,-999,-999.00,1,47.14,-999.00,-999.00,200;1015;1177;1179;1297;1848;2525;2551;2655;3010,-999.00,-999.00,-999.00,-999.00,8554234.60,72.50,34.28,53.39,166.34,83.41,124.87,0,20.86,0.00,-0.02,31.16,-83.78,317.71,367.73
Chiroptera,Emballonuridae,Mosia,nigrescens,mosia nigrescens,1.00,3.33,34.50,-999.00,-999.00,-999.00,-999.00,-999.00,-999.00,-999.00,-999.00,1.00,-999.00,-999.00,-999.00,0.98,-999.00,-999.00,-999.00,-999.00,-999.00,-999.00,-999.00,-999.00,-999,2.00,-999,-999.00,-999.00,-999.00,889;1297;1658;2151;2622;2655,-999.00,-999.00,-999.00,-999.00,785123.85,2.64,-10.85,-4.10,162.39,118.75,140.57,1,31.25,2.00,0.11,245.52,233.43,1692.19,1728.61
Carnivora,Herpestidae,Mungos,gambianus,mungos gambianus,3.00,1644.98,-999.00,349.68,-999.00,-999.00,-999.00,-999.00,6.00,-999.00,-999.00,1.00,-999.00,-999.00,-999.00,-999.00,-999.00,-999.00,-999.00,-999.00,-999.00,-999.00,-999.00,-999.00,-999,1.00,2,-999.00,-999.00,-999.00,1113;2655,-999.00,-999.00,-999.00,-999.00,1729257.01,13.85,4.27,9.06,14.59,-16.82,-1.11,3,70.87,8.00,0.11,132.16,263.00,1057.27,1581.61
Carnivora,Herpestidae,Mungos,mungo,mungos mungo,3.00,1260.00,-999.00,362.42,9.97,365.00,-999.00,-999.00,1.00,-999.00,60.91,1.00,1.66,2.16,365.00,2.68,2.50,144.00,24.20,99.49,16.98,-999.00,349.33,-999.00,6,1.00,3,20.88,-999.00,-999.00,543;730;966;1052;1113;1297;2655,-999.00,-999.00,-999.00,-999.00,15894555.38,17.52,-34.21,-8.34,51.41,-17.53,16.93,0,33.16,1.00,0.13,78.76,238.55,827.93,1543.01
Carnivora,Eupleridae,Mungotictis,decemlineata,mungotictis decemlineata,3.00,657.03,-999.00,311.18,0.00,-999.00,-999.00,-999.00,2.00,729.99,100.83,2.00,1.19,-999.00,-999.00,0.99,-999.00,-999.00,49.13,-999.00,7.33,2.00,755.15,-999.00,2,2.00,3,45.10,-999.00,-999.00,730;1045;1048;1113;1297;1740;2151;2333;2655;3123,-999.00,-999.00,-999.00,-999.00,17099.69,-19.69,-21.89,-20.79,45.35,43.55,44.45,2,8.12,2.00,0.21,63.23,241.32,845.91,1565.75
Artiodactyla,Cervidae,Muntiacus,atherodes,muntiacus atherodes,2.00,18939.10,-999.00,994.99,-999.00,-999.00,-999.00,-999.00,2.00,-999.00,-999.00,-999.00,-999.00,-999.00,-999.00,-999.00,-999.00,-999.00,-999.00,-999.00,-999.00,-999.00,-999.00,-999.00,-999,-999.00,1,-999.00,-999.00,-999.00,2152;2655,-999.00,-999.00,-999.00,-999.00,108466.54,4.19,-1.86,1.16,117.33,115.15,116.24,3,16.81,4.00,0.27,255.41,236.32,1671.15,1676.97
Artiodactyla,Cervidae,Muntiacus,crinifrons,muntiacus crinifrons,-999.00,18590.01,-999.00,-999.00,-999.00,-999.00,-999.00,-999.00,4.00,-999.00,195.57,-999.00,-999.00,-999.00,-999.00,1.00,-999.00,-999.00,-999.00,-999.00,-999.00,-999.00,-999.00,-999.00,-999,-999.00,2,-999.00,-999.00,-999.00,200;653;899;3010,-999.00,-999.00,-999.00,-999.00,128303.40,31.80,27.08,29.44,120.60,116.66,118.63,99,327.45,105.00,0.05,117.90,142.00,1020.00,1047.24
Didelphimorphia,Didelphidae,Marmosops,noctivagus,marmosops noctivagus,1.00,39.77,-999.00,112.50,-999.00,-999.00,-999.00,-999.00,-999.00,-999.00,-999.00,2.00,-999.00,-999.00,-999.00,-999.00,-999.00,-999.00,-999.00,-999.00,13.28,-999.00,-999.00,1.00,-999,2.00,-999,-999.00,-999.00,-999.00,730;890;905;2655,-999.00,-999.00,-999.00,-999.00,1544721.63,-0.99,-14.38,-7.69,-56.37,-78.05,-67.21,0,1.80,0.00,0.09,199.26,253.99,1477.51,1550.91
Didelphimorphia,Didelphidae,Marmosops,parvidens,marmosops parvidens,1.00,15.00,-999.00,99.13,-999.00,-999.00,-999.00,-999.00,2.00,-999.00,-999.00,2.00,-999.00,-999.00,-999.00,4.05,-999.00,-999.00,-999.00,-999.00,14.40,-999.00,-999.00,1.00,7,2.00,2,-999.00,-999.00,-999.00,889;890;905;1297;2291;2655,-999.00,-999.00,-999.00,-999.00,-999.00,-999.00,-999.00,-999.00,-999.00,-999.00,-999.00,-999,-999.00,-999.00,-999.00,-999.00,-999.00,-999.00,-999.00
Didelphimorphia,Didelphidae,Marmosops,paulensis,marmosops paulensis,-999.00,38.89,-999.00,125.98,-999.00,-999.00,-999.00,-999.00,-999.00,-999.00,-999.00,-999.00,-999.00,-999.00,-999.00,-999.00,-999.00,-999.00,-999.00,-999.00,-999.00,-999.00,-999.00,-999.00,-999,-999.00,-999,-999.00,-999.00,-999.00,890,-999.00,-999.00,-999.00,-999.00,-999.00,-999.00,-999.00,-999.00,-999.00,-999.00,-999.00,-999,-999.00,-999.00,-999.00,-999.00,-999.00,-999.00,-999.00
Didelphimorphia,Didelphidae,Marmosops,pinheiroi,marmosops pinheiroi,-999.00,-999.00,-999.00,102.31,-999.00,-999.00,-999.00,-999.00,-999.00,-999.00,-999.00,-999.00,-999.00,-999.00,-999.00,-999.00,-999.00,-999.00,-999.00,-999.00,-999.00,-999.00,-999.00,-999.00,-999,-999.00,-999,-999.00,-999.00,-999.00,2291,33.15,-999.00,-999.00,-999.00,-999.00,-999.00,-999.00,-999.00,-999.00,-999.00,-999.00,-999,-999.00,-999.00,-999.00,-999.00,-999.00,-999.00,-999.00
Rodentia,Sciuridae,Marmota,baibacina,marmota baibacina,-999.00,-999.00,-999.00,-999.00,-999.00,-999.00,-999.00,-999.00,-999.00,-999.00,40.00,-999.00,-999.00,-999.00,-999.00,5.99,1.00,-999.00,-999.00,-999.00,-999.00,-999.00,-999.00,-999.00,-999,-999.00,-999,-999.00,-999.00,-999.00,1297,-999.00,-999.00,-999.00,-999.00,746607.50,57.16,40.18,48.67,91.13,74.24,82.68,0,13.91,1.00,0.04,26.98,-14.71,304.19,596.73
Rodentia,Sciuridae,Marmota,bobak,marmota bobak,-999.00,-999.00,-999.00,-999.00,-999.00,-999.00,-999.00,-999.00,-999.00,1072.30,40.49,-999.00,-999.00,-999.00,730.00,6.20,1.00,180.00,-999.00,-999.00,-999.00,-999.00,1241.53,-999.00,-999,-999.00,-999,37.50,-999.00,-999.00,116;543;1297,-999.00,-999.00,-999.00,-999.00,817297.88,55.59,47.32,51.45,78.78,36.19,57.48,0,20.94,0.00,-8.91077106195101e-03,25.58,28.30,337.92,508.28
Rodentia,Sciuridae,Marmota,broweri,marmota broweri,-999.00,-999.00,-999.00,-999.00,-999.00,-999.00,-999.00,-999.00,-999.00,-999.00,-999.00,-999.00,-999.00,-999.00,-999.00,-999.00,-999.00,-999.00,-999.00,-999.00,-999.00,-999.00,-999.00,-999.00,-999,-999.00,-999,-999.00,-999.00,-999.00,-999,-999.00,-999.00,-999.00,-999.00,217532.03,70.38,66.63,68.50,-140.01,-161.55,-150.78,0,0.00,0.00,-999.00,12.79,-143.48,149.06,145.86
Rodentia,Sciuridae,Marmota,caligata,marmota caligata,-999.00,2253.71,-999.00,-999.00,-999.00,-999.00,-999.00,-999.00,-999.00,714.87,30.00,-999.00,-999.00,-999.00,-999.00,4.67,0.50,-999.00,-999.00,-999.00,-999.00,-999.00,827.69,3.00,-999,-999.00,-999,24.36,-999.00,-999.00,116;183;1297;2600;2655,-999.00,-999.00,-999.00,-999.00,2528757.24,70.36,44.81,57.58,-112.02,-166.83,-139.43,0,3.54,0.00,0.09,48.31,-52.81,270.59,326.85
Rodentia,Sciuridae,Marmota,camtschatica,marmota camtschatica,-999.00,-999.00,-999.00,-999.00,-999.00,-999.00,-999.00,-999.00,-999.00,-999.00,-999.00,-999.00,-999.00,-999.00,-999.00,4.99,-999.00,-999.00,32.99,-999.00,-999.00,-999.00,-999.00,-999.00,-999,-999.00,-999,-999.00,-999.00,-999.00,1297,-999.00,-999.00,-999.00,-999.00,1012754.73,71.59,50.94,61.26,165.62,109.61,137.61,0,0.46,0.00,-0.15,26.86,-124.94,227.87,275.70
Rodentia,Sciuridae,Marmota,caudata,marmota caudata,-999.00,4350.00,-999.00,-999.00,-999.00,-999.00,-999.00,-999.00,-999.00,714.87,30.74,-999.00,0.03,-999.00,-999.00,3.65,1.00,-999.00,-999.00,-999.00,-999.00,-999.00,909.33,3.65,-999,-999.00,-999,34.80,-999.00,-999.00,390;1297;2655,-999.00,-999.00,-999.00,-999.00,499610.43,42.70,32.70,37.70,78.61,65.67,72.14,0,43.53,1.00,0.15,19.70,-12.82,257.27,904.48
Rodentia,Sciuridae,Marmota,flaviventris,marmota flaviventris,3.00,3709.73,-999.00,411.80,-999.00,730.00,1546.20,4295.00,4.00,357.43,30.39,2.00,0.01,0.01,456.25,4.66,1.00,96.00,33.79,111.00,6.90,-999.00,827.69,-999.00,10,1.00,1,25.00,437.75,-999.00,32;112;113;114;115;116;730;1014;1215;1297;1573;1822;1849;1977;2117;2249;2338;2533;2620;2655;2767;2971;2974,-999.00,-999.00,-999.00,-999.00,1718950.48,51.12,34.21,42.67,-100.84,-122.97,-111.90,0,7.19,0.00,0.08,30.39,59.47,365.04,793.12
Rodentia,Sciuridae,Marmota,himalayana,marmota himalayana,-999.00,-999.00,-999.00,-999.00,-999.00,-999.00,-999.00,-999.00,-999.00,-999.00,-999.00,-999.00,-999.00,-999.00,-999.00,-999.00,-999.00,-999.00,-999.00,-999.00,-999.00,-999.00,-999.00,-999.00,-999,-999.00,-999,-999.00,-999.00,-999.00,-999,-999.00,-999.00,-999.00,-999.00,1331687.17,40.68,28.03,34.36,103.28,74.82,89.05,0,7.19,0.00,0.06,54.04,-36.99,373.85,819.64
Rodentia,Sciuridae,Marmota,marmota,marmota marmota,-999.00,4059.15,-999.00,-999.00,-999.00,-999.00,1008.72,1868.00,3.00,1251.02,35.22,-999.00,0.01,0.01,912.50,4.00,1.00,216.00,29.74,-999.00,583.50,-999.00,827.69,-999.00,-999,-999.00,1,49.18,-999.00,-999.00,116;543;730;1297;1897;2655;3128,-999.00,-999.00,-999.00,-999.00,146907.37,50.05,42.26,46.15,20.78,-0.84,9.96,10,120.34,14.00,0.03,83.37,46.67,580.00,628.20
Rodentia,Sciuridae,Marmota,menzbieri,marmota menzbieri,3.00,-999.00,-999.00,450.00,-999.00,-999.00,-999.00,-999.00,4.00,-999.00,-999.00,1.00,-999.00,-999.00,-999.00,2.73,-999.00,180.00,-999.00,-999.00,-999.00,-999.00,943.94,-999.00,-999,1.00,2,-999.00,-999.00,-999.00,1015;1297,2386.05,-999.00,-999.00,-999.00,31538.38,42.89,40.72,41.81,71.90,69.56,70.73,9,73.74,9.00,0.05,18.87,19.46,285.78,847.45
Rodentia,Sciuridae,Marmota,monax,marmota monax,3.00,3880.93,-999.00,412.76,-999.00,-999.00,662.50,2650.00,3.00,357.43,31.50,1.00,0.01,0.01,-999.00,4.10,1.00,120.00,27.19,89.00,136.70,-999.00,413.84,1.00,-999,1.00,2,43.83,247.99,210.00,32;116;471;617;763;1192;1297;1394;1395;1573;1577;1715;1822;1849;1977;2249;2655;2664;2665;2784,-999.00,-999.00,-999.00,-999.00,7599938.29,65.70,31.66,48.68,-55.61,-150.22,-102.92,0,26.15,0.00,0.03,58.82,26.70,497.36,549.09
Rodentia,Sciuridae,Marmota,olympus,marmota olympus,-999.00,6299.99,-999.00,-999.00,-999.00,-999.00,-999.00,-999.00,-999.00,714.87,-999.00,-999.00,-999.00,-999.00,-999.00,4.00,0.50,-999.00,-999.00,-999.00,-999.00,-999.00,1141.75,3.00,-999,-999.00,-999,34.73,-999.00,-999.00,116;182;2655,-999.00,-999.00,-999.00,-999.00,5281.29,48.00,47.32,47.66,-123.04,-124.25,-123.64,1,10.97,1.00,0.13,165.70,85.33,481.96,686.62
Rodentia,Sciuridae,Marmota,sibirica,marmota sibirica,-999.00,-999.00,-999.00,-999.00,-999.00,-999.00,-999.00,-999.00,-999.00,1072.30,41.00,-999.00,-999.00,-999.00,-999.00,4.50,1.00,-999.00,-999.00,-999.00,-999.00,-999.00,827.69,-999.00,-999,-999.00,-999,-999.00,-999.00,-999.00,116;1297,-999.00,-999.00,-999.00,-999.00,1257502.47,52.14,43.17,47.66,123.02,91.02,107.02,0,5.63,1.00,0.05,21.89,-34.22,320.50,495.32
Rodentia,Cricetidae,Lemmus,amurensis,lemmus amurensis,-999.00,-999.00,-999.00,-999.00,-999.00,-999.00,-999.00,-999.00,-999.00,-999.00,-999.00,-999.00,-999.00,-999.00,-999.00,-999.00,-999.00,-999.00,-999.00,-999.00,-999.00,-999.00,-999.00,-999.00,-999,-999.00,-999,-999.00,-999.00,-999.00,-999,-999.00,-999.00,-999.00,-999.00,3237790.69,67.37,48.44,57.91,158.87,111.73,135.30,0,1.55,0.00,-0.09,28.15,-108.84,283.33,331.90
Rodentia,Cricetidae,Lemmus,lemmus,lemmus lemmus,-999.00,67.62,-999.00,-999.00,9.50,39.00,192.00,80.00,-999.00,-999.00,20.11,-999.00,-999.00,-999.00,21.00,5.10,3.50,24.00,3.89,-999.00,-999.00,-999.00,22.67,-999.00,-999,-999.00,-999,20.15,-999.00,-999.00,543;649;1297;1541;1822;1873;2655,-999.00,-999.00,-999.00,-999.00,305720.98,71.13,64.70,67.92,41.38,21.17,31.27,0,4.42,0.00,-0.04,35.35,-15.39,191.63,156.95
Rodentia,Cricetidae,Lemmus,portenkoi,lemmus portenkoi,-999.00,-999.00,-999.00,-999.00,-999.00,-999.00,-999.00,-999.00,-999.00,-999.00,-999.00,-999.00,-999.00,-999.00,-999.00,-999.00,-999.00,-999.00,-999.00,-999.00,-999.00,-999.00,-999.00,-999.00,-999,-999.00,-999,-999.00,-999.00,-999.00,-999,-999.00,-999.00,-999.00,-999.00,7718.13,71.58,70.78,71.18,179.99,-179.99,0.00,0,0.66,0.00,0.00,8.85,-120.28,-999.00,-999.00
Rodentia,Cricetidae,Lemmus,sibiricus,lemmus sibiricus,-999.00,53.81,-999.00,-999.00,-999.00,-999.00,101.47,53.30,-999.00,-999.00,20.74,-999.00,6.494881e-03,6.093352e-03,21.00,6.39,3.50,-999.00,3.88,-999.00,-999.00,-999.00,44.51,-999.00,-999,-999.00,-999,-999.00,27.00,-999.00,1297;1573;1822;1949;2655,-999.00,-999.00,-999.00,-999.00,1205879.50,77.73,63.68,70.70,164.85,39.71,102.28,0,0.51,0.00,-0.02,17.07,-113.59,137.03,121.94
Rodentia,Cricetidae,Lemmus,trimucronatus,lemmus trimucronatus,-999.00,69.82,-999.00,-999.00,-999.00,-999.00,-999.00,-999.00,-999.00,-999.00,20.77,-999.00,5.384903e-03,6.867767e-03,-999.00,6.86,-999.00,-999.00,-999.00,-999.00,1784.72,-999.00,-999.00,-999.00,-999,-999.00,-999,-999.00,-999.00,-999.00,214;730;1849;2217,-999.00,-999.00,-999.00,-999.00,4545486.76,74.55,51.29,62.92,-61.25,-170.41,-115.83,0,0.05,0.00,0.06,26.70,-103.39,188.91,211.28
Rodentia,Muridae,Lemniscomys,barbarus,lemniscomys barbarus,-999.00,26.15,-999.00,-999.00,-999.00,-999.00,-999.00,-999.00,-999.00,-999.00,-999.00,-999.00,-999.00,-999.00,-999.00,4.61,-999.00,-999.00,-999.00,-999.00,-999.00,-999.00,-999.00,-999.00,-999,-999.00,-999,-999.00,-999.00,-999.00,1297;2655,-999.00,-999.00,-999.00,-999.00,-999.00,-999.00,-999.00,-999.00,-999.00,-999.00,-999.00,-999,-999.00,-999.00,-999.00,-999.00,-999.00,-999.00,-999.00
Rodentia,Muridae,Lemniscomys,bellieri,lemniscomys bellieri,-999.00,-999.00,-999.00,-999.00,-999.00,-999.00,-999.00,-999.00,-999.00,-999.00,-999.00,-999.00,-999.00,-999.00,-999.00,-999.00,-999.00,-999.00,-999.00,-999.00,-999.00,-999.00,-999.00,-999.00,-999,-999.00,-999,-999.00,-999.00,-999.00,-999,-999.00,-999.00,-999.00,-999.00,88830.30,10.75,6.01,8.38,-3.85,-7.91,-5.88,6,28.72,7.00,0.06,115.44,266.51,1114.08,1517.64
Rodentia,Muridae,Lemniscomys,griselda,lemniscomys griselda,-999.00,55.87,-999.00,-999.00,-999.00,-999.00,-999.00,-999.00,-999.00,-999.00,-999.00,-999.00,-999.00,-999.00,-999.00,3.68,-999.00,-999.00,-999.00,-999.00,342.79,-999.00,-999.00,-999.00,-999,-999.00,-999,-999.00,-999.00,-999.00,730;1297;2655,-999.00,-999.00,-999.00,-999.00,520132.35,-7.26,-17.01,-12.14,21.57,12.63,17.10,1,10.35,2.00,0.13,99.38,213.99,937.80,1390.40
Rodentia,Muridae,Lemniscomys,hoogstraali,lemniscomys hoogstraali,-999.00,-999.00,-999.00,-999.00,-999.00,-999.00,-999.00,-999.00,-999.00,-999.00,-999.00,-999.00,-999.00,-999.00,-999.00,-999.00,-999.00,-999.00,-999.00,-999.00,-999.00,-999.00,-999.00,-999.00,-999,-999.00,-999,-999.00,-999.00,-999.00,-999,-999.00,-999.00,-999.00,-999.00,2866.62,10.95,10.29,10.62,32.37,31.87,32.12,5,5.74,5.00,0.08,59.25,263.74,753.00,1621.74
Rodentia,Cricetidae,Lasiopodomys,brandtii,lasiopodomys brandtii,-999.00,-999.00,-999.00,-999.00,-999.00,-999.00,-999.00,-999.00,-999.00,-999.00,-999.00,-999.00,-999.00,-999.00,-999.00,-999.00,-999.00,-999.00,-999.00,-999.00,-999.00,-999.00,-999.00,-999.00,-999,-999.00,-999,-999.00,-999.00,-999.00,-999,-999.00,-999.00,-999.00,-999.00,715148.72,51.42,42.69,47.06,124.22,93.33,108.77,1,9.62,1.00,0.04,22.02,-17.78,327.71,510.22
Rodentia,Cricetidae,Lasiopodomys,fuscus,lasiopodomys fuscus,-999.00,-999.00,-999.00,-999.00,-999.00,-999.00,-999.00,-999.00,-999.00,-999.00,-999.00,-999.00,-999.00,-999.00,-999.00,-999.00,-999.00,-999.00,-999.00,-999.00,-999.00,-999.00,-999.00,-999.00,-999,-999.00,-999,-999.00,-999.00,-999.00,-999,-999.00,-999.00,-999.00,-999.00,148192.67,35.83,32.46,34.14,100.33,91.60,95.97,0,1.71,0.00,0.04,77.81,-77.77,451.55,764.07
Rodentia,Cricetidae,Lasiopodomys,mandarinus,lasiopodomys mandarinus,-999.00,-999.00,-999.00,-999.00,-999.00,-999.00,-999.00,-999.00,-999.00,-999.00,-999.00,-999.00,-999.00,-999.00,-999.00,-999.00,-999.00,-999.00,-999.00,-999.00,-999.00,-999.00,-999.00,-999.00,-999,-999.00,-999,-999.00,-999.00,-999.00,-999,-999.00,-999.00,-999.00,-999.00,2751682.89,51.55,31.37,41.46,129.12,102.32,115.72,0,178.34,1.00,0.05,37.73,49.60,482.44,686.67
Diprotodontia,Vombatidae,Lasiorhinus,krefftii,lasiorhinus krefftii,1.00,31849.99,-999.00,1002.48,-999.00,-999.00,-999.00,-999.00,3.00,-999.00,-999.00,2.00,0.05,0.05,548.00,1.00,1.00,360.00,-999.00,-999.00,21.99,-999.00,-999.00,1.00,-999,1.00,1,362.93,-999.00,-999.00,899;955;1499;1500;1573;1760;1848;2655,-999.00,-999.00,-999.00,-999.00,28559.17,-22.15,-24.02,-23.09,148.14,146.39,147.27,0,0.23,0.00,0.00,49.95,211.97,668.99,1489.45
Diprotodontia,Vombatidae,Lasiorhinus,latifrons,lasiorhinus latifrons,1.00,26163.80,-999.00,855.00,-999.00,-999.00,3291.20,29920.00,2.00,-999.00,20.74,2.00,-999.00,-999.00,365.00,1.00,-999.00,294.00,0.49,-999.00,67.99,-999.00,631.37,-999.00,-999,1.00,1,326.07,4000.00,-999.00,543;730;955;1297;1412;1760;1822;1848;2484;2655,-999.00,1.10,-999.00,-999.00,86125.03,-29.95,-34.60,-32.27,140.28,126.29,133.28,0,0.14,0.00,0.08,19.98,170.44,274.58,1022.42
Chiroptera,Vespertilionidae,Lasiurus,atratus,lasiurus atratus,-999.00,-999.00,-999.00,-999.00,-999.00,-999.00,-999.00,-999.00,-999.00,-999.00,-999.00,-999.00,-999.00,-999.00,-999.00,-999.00,-999.00,-999.00,-999.00,-999.00,-999.00,-999.00,-999.00,-999.00,-999,-999.00,-999,-999.00,-999.00,-999.00,-999,-999.00,-999.00,-999.00,-999.00,-999.00,-999.00,-999.00,-999.00,-999.00,-999.00,-999.00,-999,-999.00,-999.00,-999.00,-999.00,-999.00,-999.00,-999.00
Chiroptera,Vespertilionidae,Lasiurus,blossevillii,lasiurus blossevillii,-999.00,-999.00,-999.00,-999.00,-999.00,-999.00,-999.00,-999.00,-999.00,-999.00,-999.00,-999.00,-999.00,-999.00,-999.00,-999.00,-999.00,-999.00,-999.00,-999.00,-999.00,-999.00,-999.00,-999.00,-999,-999.00,-999,-999.00,-999.00,-999.00,-999,-999.00,-999.00,-999.00,-999.00,16692765.95,51.51,-34.90,8.30,-45.33,-127.78,-86.56,0,21.70,0.00,0.10,108.48,192.35,1017.28,1316.02
Rodentia,Muridae,Lemniscomys,linulus,lemniscomys linulus,-999.00,-999.00,-999.00,-999.00,-999.00,-999.00,-999.00,-999.00,-999.00,-999.00,-999.00,-999.00,-999.00,-999.00,-999.00,-999.00,-999.00,-999.00,-999.00,-999.00,-999.00,-999.00,-999.00,-999.00,-999,-999.00,-999,-999.00,-999.00,-999.00,-999,-999.00,-999.00,-999.00,-999.00,42103.20,13.78,9.15,11.47,-3.26,-13.78,-8.52,3,14.65,4.00,0.11,110.95,266.74,988.72,1542.96
Rodentia,Muridae,Lemniscomys,macculus,lemniscomys macculus,-999.00,26.50,-999.00,-999.00,-999.00,-999.00,-999.00,-999.00,-999.00,-999.00,-999.00,-999.00,-999.00,-999.00,-999.00,-999.00,-999.00,-999.00,-999.00,-999.00,-999.00,-999.00,-999.00,-999.00,-999,-999.00,-999,-999.00,-999.00,-999.00,2655,-999.00,-999.00,-999.00,-999.00,627993.50,7.72,-2.07,2.82,35.89,24.59,30.24,1,56.62,2.00,0.08,105.90,229.87,1255.06,1582.27
Rodentia,Muridae,Lemniscomys,mittendorfi,lemniscomys mittendorfi,3.00,41.85,-999.00,111.00,-999.00,-999.00,-999.00,-999.00,-999.00,-999.00,-999.00,1.00,-999.00,-999.00,-999.00,-999.00,-999.00,-999.00,-999.00,-999.00,-999.00,-999.00,-999.00,-999.00,-999,1.00,-999,-999.00,-999.00,-999.00,899,-999.00,-999.00,-999.00,-999.00,6452.05,6.91,6.07,6.49,10.87,10.05,10.46,38,65.01,38.00,0.08,152.75,219.99,1162.01,1509.99
Rodentia,Muridae,Lemniscomys,rosalia,lemniscomys rosalia,-999.00,49.92,-999.00,-999.00,-999.00,-999.00,61.29,50.53,-999.00,-999.00,-999.00,-999.00,-999.00,-999.00,-999.00,-999.00,-999.00,-999.00,-999.00,-999.00,-999.00,-999.00,-999.00,-999.00,-999,-999.00,-999,-999.00,-999.00,-999.00,1822;2655,-999.00,-999.00,-999.00,-999.00,2617790.98,-0.69,-29.78,-15.23,38.77,11.71,25.24,0,28.47,1.00,0.14,62.51,210.52,753.02,1443.15
Rodentia,Muridae,Lemniscomys,roseveari,lemniscomys roseveari,-999.00,-999.00,-999.00,-999.00,-999.00,-999.00,-999.00,-999.00,-999.00,-999.00,-999.00,-999.00,-999.00,-999.00,-999.00,-999.00,-999.00,-999.00,-999.00,-999.00,-999.00,-999.00,-999.00,-999.00,-999,-999.00,-999,-999.00,-999.00,-999.00,-999,-999.00,-999.00,-999.00,-999.00,15230.39,-12.03,-13.96,-12.99,26.96,23.31,25.13,2,3.85,2.00,0.20,94.37,206.19,841.21,1486.33
Rodentia,Muridae,Lemniscomys,striatus,lemniscomys striatus,-999.00,43.65,-999.00,102.79,7.00,-999.00,-999.00,-999.00,-999.00,-999.00,25.15,-999.00,-999.00,-999.00,22.00,4.64,1.50,30.00,2.25,-999.00,688.24,-999.00,81.36,-999.00,-999,-999.00,-999,27.28,15.81,-999.00,543;730;1254;1297;1849;2112;2361;2655,-999.00,-999.00,-999.00,-999.00,7356183.40,13.56,-11.57,0.99,40.47,-16.77,11.84,0,39.61,1.00,0.13,117.90,243.85,1126.28,1565.30
Rodentia,Muridae,Lemniscomys,zebra,lemniscomys zebra,-999.00,-999.00,-999.00,-999.00,-999.00,-999.00,-999.00,-999.00,-999.00,-999.00,-999.00,-999.00,-999.00,-999.00,-999.00,-999.00,-999.00,-999.00,-999.00,-999.00,-999.00,-999.00,-999.00,-999.00,-999,-999.00,-999,-999.00,-999.00,-999.00,-999,-999.00,-999.00,-999.00,-999.00,4716675.25,17.69,-5.66,6.01,40.41,-17.17,11.62,0,37.40,1.00,0.11,77.11,258.58,826.63,1630.80
Primates,Lemuridae,Lemur,catta,lemur catta,2.00,2626.48,-999.00,425.00,-999.00,866.87,-999.00,-999.00,4.00,-999.00,134.74,2.00,0.05,0.14,468.41,1.18,1.00,360.00,75.80,-999.00,215.00,15.00,831.62,16.45,-999,2.00,2,126.51,-999.00,-999.00,208;543;730;1015;1046;1048;1167;1261;1297;1544;1546;1547;1848;2041;2151;2344;2428;2489;2493;2655;2660;2986;3086,-999.00,-999.00,-999.00,-999.00,61778.70,-20.49,-25.60,-23.05,47.05,43.22,45.14,2,14.70,3.00,0.20,62.94,229.71,839.07,1636.61
Rodentia,Muridae,Lenomys,meyeri,lenomys meyeri,-999.00,-999.00,-999.00,-999.00,-999.00,-999.00,-999.00,-999.00,-999.00,-999.00,-999.00,-999.00,-999.00,-999.00,-999.00,-999.00,-999.00,-999.00,-999.00,-999.00,-999.00,-999.00,-999.00,-999.00,-999,-999.00,-999,-999.00,-999.00,-999.00,-999,-999.00,-999.00,-999.00,-999.00,117714.15,1.75,-5.70,-1.97,125.24,118.75,121.99,17,122.54,19.00,0.08,223.06,210.90,1815.09,1902.82
Rodentia,Muridae,Lenothrix,canus,lenothrix canus,-999.00,150.00,-999.00,192.50,-999.00,-999.00,-999.00,-999.00,-999.00,-999.00,-999.00,-999.00,-999.00,-999.00,-999.00,2.91,-999.00,45.60,-999.00,-999.00,-999.00,-999.00,-999.00,-999.00,-999,-999.00,-999,-999.00,-999.00,-999.00,543;1087;1297;2152;2655,-999.00,-999.00,-999.00,-999.00,295661.84,5.92,-0.77,2.57,116.94,101.34,109.14,1,34.81,3.00,0.14,262.26,236.04,1681.05,1718.45
Rodentia,Cricetidae,Lenoxus,apicalis,lenoxus apicalis,-999.00,53.60,-999.00,-999.00,-999.00,-999.00,-999.00,-999.00,-999.00,-999.00,-999.00,-999.00,-999.00,-999.00,-999.00,-999.00,-999.00,-999.00,-999.00,-999.00,-999.00,-999.00,-999.00,-999.00,-999,-999.00,-999,-999.00,-999.00,-999.00,2655,-999.00,-999.00,-999.00,-999.00,43008.18,-12.94,-16.29,-14.62,-67.94,-71.36,-69.65,1,21.61,1.00,0.04,247.68,89.29,1253.13,1379.06
Primates,Cebidae,Leontopithecus,caissara,leontopithecus caissara,3.00,604.01,-999.00,-999.00,-999.00,-999.00,-999.00,-999.00,-999.00,-999.00,-999.00,1.00,-999.00,-999.00,-999.00,-999.00,-999.00,-999.00,-999.00,-999.00,-999.00,-999.00,-999.00,1.00,-999,2.00,-999,-999.00,-999.00,-999.00,1544;1547;1629;2151;2655,-999.00,-999.00,-999.00,-999.00,3822.49,-25.28,-26.09,-25.68,-48.34,-49.02,-48.68,12,96.53,12.00,0.04,148.79,164.39,1206.23,1327.56
Primates,Cebidae,Leontopithecus,chrysomelas,leontopithecus chrysomelas,3.00,572.80,-999.00,-999.00,-999.00,-999.00,-999.00,-999.00,-999.00,-999.00,-999.00,1.00,0.24,-999.00,-999.00,2.04,-999.00,-999.00,-999.00,-999.00,8.76,-999.00,-999.00,6.70,-999,2.00,-999,-999.00,-999.00,-999.00,803;1544;1547;1629;2151;2344;2655;2986,-999.00,-999.00,-999.00,-999.00,33921.69,-13.99,-16.03,-15.01,-38.91,-40.62,-39.77,12,37.80,13.00,0.07,153.12,223.99,1385.53,1596.66
Primates,Cebidae,Leontopithecus,chrysopygus,leontopithecus chrysopygus,3.00,656.12,-999.00,-999.00,-999.00,-999.00,-999.00,-999.00,4.00,-999.00,-999.00,1.00,0.83,1.17,-999.00,-999.00,-999.00,-999.00,-999.00,-999.00,-999.00,-999.00,-999.00,3.60,-999,2.00,2,-999.00,-999.00,-999.00,1544;1629;2151;2226;2344;2655,-999.00,-999.00,-999.00,-999.00,50004.81,-20.39,-23.58,-21.99,-47.97,-51.54,-49.76,9,52.20,14.00,0.09,127.26,218.64,1229.44,1390.24
Primates,Cebidae,Leontopithecus,rosalia,leontopithecus rosalia,3.00,592.52,-999.00,260.22,0.00,868.70,-999.00,-999.00,3.00,-999.00,134.00,1.00,0.26,0.37,182.50,1.94,-999.00,297.60,51.89,107.00,4.07,-999.00,890.34,4.50,2,2.00,2,75.69,165.00,-999.00,208;543;730;851;890;905;1125;1297;1544;1547;1611;1628;1629;2151;2344;2489;2493;2655;2660;2986,-999.00,1.56,-999.00,-999.00,22874.24,-21.20,-22.99,-22.10,-40.95,-43.13,-42.04,39,230.33,39.00,0.03,128.32,206.50,1231.46,1476.65
Carnivora,Felidae,Leopardus,braccatus,leopardus braccatus,-999.00,-999.00,-999.00,-999.00,-999.00,-999.00,-999.00,-999.00,-999.00,-999.00,-999.00,-999.00,-999.00,-999.00,-999.00,-999.00,-999.00,-999.00,-999.00,-999.00,-999.00,-999.00,-999.00,-999.00,-999,-999.00,-999,-999.00,-999.00,-999.00,-999,-999.00,-999.00,-999.00,-999.00,935418.44,-13.54,-34.98,-24.26,-50.65,-58.92,-54.78,0,17.31,1.00,0.11,114.18,212.99,1165.74,1298.05
Carnivora,Felidae,Leopardus,colocolo,leopardus colocolo,-999.00,-999.00,-999.00,-999.00,-999.00,-999.00,-999.00,-999.00,-999.00,-999.00,-999.00,-999.00,-999.00,-999.00,-999.00,-999.00,-999.00,-999.00,-999.00,-999.00,-999.00,-999.00,-999.00,-999.00,-999,-999.00,-999,-999.00,-999.00,-999.00,-999,-999.00,-999.00,-999.00,-999.00,180642.40,-16.60,-34.33,-25.46,-68.14,-71.75,-69.95,0,46.92,0.00,0.06,25.86,12.40,237.33,1118.88
Carnivora,Felidae,Leopardus,geoffroyi,leopardus geoffroyi,-999.00,-999.00,-999.00,-999.00,-999.00,-999.00,-999.00,-999.00,-999.00,-999.00,-999.00,-999.00,-999.00,-999.00,-999.00,-999.00,-999.00,-999.00,-999.00,-999.00,-999.00,-999.00,-999.00,-999.00,-999,-999.00,-999,-999.00,-999.00,-999.00,-999,-999.00,-999.00,-999.00,-999.00,3653843.20,-14.00,-52.42,-33.21,-48.47,-74.06,-61.27,0,11.82,0.00,0.09,68.40,157.23,759.73,1056.86
Carnivora,Felidae,Leopardus,guigna,leopardus guigna,-999.00,-999.00,-999.00,-999.00,-999.00,-999.00,-999.00,-999.00,-999.00,-999.00,-999.00,-999.00,-999.00,-999.00,-999.00,-999.00,-999.00,-999.00,-999.00,-999.00,-999.00,-999.00,-999.00,-999.00,-999,-999.00,-999,-999.00,-999.00,-999.00,-999,-999.00,-999.00,-999.00,-999.00,190039.77,-32.75,-46.04,-39.40,-70.66,-74.40,-72.53,0,47.10,0.00,0.06,102.85,83.63,570.80,785.42
Carnivora,Felidae,Leopardus,jacobitus,leopardus jacobitus,-999.00,8133.78,-999.00,599.13,-999.00,-999.00,-999.00,-999.00,1.00,-999.00,-999.00,1.00,-999.00,-999.00,-999.00,-999.00,-999.00,-999.00,-999.00,-999.00,-999.00,-999.00,-999.00,-999.00,-999,1.00,3,-999.00,-999.00,-999.00,890;1113;2655,-999.00,-999.00,-999.00,-999.00,931676.41,-7.31,-33.82,-20.56,-62.07,-76.65,-69.36,0,15.71,0.00,0.09,80.94,95.75,761.36,1337.13
Carnivora,Felidae,Leopardus,pajeros,leopardus pajeros,-999.00,-999.00,-999.00,-999.00,-999.00,-999.00,-999.00,-999.00,-999.00,-999.00,-999.00,-999.00,-999.00,-999.00,-999.00,-999.00,-999.00,-999.00,-999.00,-999.00,-999.00,-999.00,-999.00,-999.00,-999,-999.00,-999,-999.00,-999.00,-999.00,-999,-999.00,-999.00,-999.00,-999.00,2316055.55,1.07,-53.90,-26.41,-61.38,-79.09,-70.23,0,8.82,0.00,0.12,79.39,135.80,724.61,1056.53
Carnivora,Felidae,Leopardus,pardalis,leopardus pardalis,2.00,11880.00,-999.00,744.33,9.97,-999.00,3682.80,11880.00,1.00,758.99,81.99,1.00,5.08,5.38,360.90,1.66,1.00,243.60,250.00,-999.00,0.42,-999.00,678.64,-999.00,-999,1.00,3,106.18,-999.00,-999.00,367;543;730;1113;1297;1573;2431;2655,-999.00,-999.00,-999.00,-999.00,16040024.42,31.83,-32.66,-0.41,-34.79,-113.77,-74.28,0,26.95,0.00,0.11,137.68,228.69,1214.64,1486.62
Carnivora,Felidae,Leopardus,tigrinus,leopardus tigrinus,-999.00,-999.00,-999.00,-999.00,-999.00,-999.00,-999.00,-999.00,-999.00,-999.00,-999.00,-999.00,-999.00,-999.00,-999.00,-999.00,-999.00,-999.00,-999.00,-999.00,-999.00,-999.00,-999.00,-999.00,-999,-999.00,-999,-999.00,-999.00,-999.00,-999,-999.00,-999.00,-999.00,-999.00,11884529.12,12.46,-31.17,-9.35,-34.79,-84.38,-59.58,0,25.54,0.00,0.11,146.19,238.17,1284.44,1525.10
Carnivora,Felidae,Leopardus,wiedii,leopardus wiedii,2.00,3270.81,-999.00,598.41,13.50,-999.00,918.60,3281.67,1.00,-999.00,82.20,2.00,8.54,8.01,-999.00,1.50,-999.00,240.00,157.42,-999.00,-999.00,-999.00,1052.28,-999.00,-999,2.00,3,93.40,-999.00,-999.00,367;543;890;1113;1297;1573;2151;2431;2655,-999.00,-999.00,-999.00,-999.00,12404067.35,26.61,-33.38,-3.38,-38.85,-109.44,-74.15,0,24.70,0.00,0.12,153.31,237.03,1310.04,1540.11
Rodentia,Muridae,Leopoldamys,ciliatus,leopoldamys ciliatus,-999.00,-999.00,-999.00,-999.00,-999.00,-999.00,-999.00,-999.00,-999.00,-999.00,-999.00,-999.00,-999.00,-999.00,-999.00,-999.00,-999.00,-999.00,-999.00,-999.00,-999.00,-999.00,-999.00,-999.00,-999,-999.00,-999,-999.00,-999.00,-999.00,-999,-999.00,-999.00,-999.00,-999.00,155314.83,5.67,-5.11,0.28,104.50,95.99,100.25,3,70.59,12.00,0.11,232.80,240.88,1682.22,1765.93
Rodentia,Muridae,Leopoldamys,edwardsi,leopoldamys edwardsi,-999.00,308.82,-999.00,231.02,-999.00,-999.00,-999.00,-999.00,-999.00,-999.00,-999.00,-999.00,-999.00,-999.00,-999.00,1.94,-999.00,-999.00,-999.00,-999.00,-999.00,-999.00,-999.00,-999.00,-999,-999.00,-999,-999.00,-999.00,-999.00,252;1297;2655,-999.00,-999.00,-999.00,-999.00,1366761.73,28.08,14.91,21.49,119.90,88.01,103.96,1,203.54,8.50,0.08,137.25,175.13,1103.87,1271.47
Rodentia,Muridae,Leopoldamys,milleti,leopoldamys milleti,-999.00,-999.00,-999.00,-999.00,-999.00,-999.00,-999.00,-999.00,-999.00,-999.00,-999.00,-999.00,-999.00,-999.00,-999.00,-999.00,-999.00,-999.00,-999.00,-999.00,-999.00,-999.00,-999.00,-999.00,-999,-999.00,-999,-999.00,-999.00,-999.00,-999,-999.00,-999.00,-999.00,-999.00,6549.00,12.40,11.53,11.96,108.98,108.22,108.60,31,67.28,31.00,0.14,139.00,210.25,1158.22,1342.98
Rodentia,Muridae,Leopoldamys,neilli,leopoldamys neilli,-999.00,-999.00,-999.00,-999.00,-999.00,-999.00,-999.00,-999.00,-999.00,-999.00,-999.00,-999.00,-999.00,-999.00,-999.00,-999.00,-999.00,-999.00,-999.00,-999.00,-999.00,-999.00,-999.00,-999.00,-999,-999.00,-999,-999.00,-999.00,-999.00,-999,-999.00,-999.00,-999.00,-999.00,21254.21,15.29,13.94,14.61,101.23,99.49,100.36,24,303.69,24.00,0.03,147.54,266.73,1171.79,1692.69
Rodentia,Muridae,Leopoldamys,sabanus,leopoldamys sabanus,-999.00,347.61,-999.00,228.41,-999.00,-999.00,-999.00,-999.00,-999.00,-999.00,-999.00,-999.00,-999.00,-999.00,-999.00,3.33,-999.00,24.00,-999.00,-999.00,-999.00,-999.00,-999.00,-999.00,-999,-999.00,-999,-999.00,-999.00,-999.00,456;1268;1297;1787;2152;2506;2655,-999.00,-999.00,-999.00,-999.00,2396697.79,23.55,-8.78,7.38,119.26,95.18,107.22,1,134.62,4.00,0.12,204.74,239.67,1433.88,1632.13
Rodentia,Muridae,Leopoldamys,siporanus,leopoldamys siporanus,-999.00,-999.00,-999.00,-999.00,-999.00,-999.00,-999.00,-999.00,-999.00,-999.00,-999.00,-999.00,-999.00,-999.00,-999.00,-999.00,-999.00,-999.00,-999.00,-999.00,-999.00,-999.00,-999.00,-999.00,-999,-999.00,-999,-999.00,-999.00,-999.00,-999,-999.00,-999.00,-999.00,-999.00,6044.85,-0.91,-3.34,-2.13,100.47,98.58,99.52,43,55.33,43.00,0.11,340.00,259.00,-999.00,-999.00
Primates,Lepilemuridae,Lepilemur,ankaranensis,lepilemur ankaranensis,-999.00,-999.00,-999.00,-999.00,-999.00,-999.00,-999.00,-999.00,-999.00,-999.00,-999.00,-999.00,-999.00,-999.00,-999.00,-999.00,-999.00,-999.00,-999.00,-999.00,-999.00,-999.00,-999.00,-999.00,-999,-999.00,-999,-999.00,-999.00,-999.00,-999,-999.00,-999.00,-999.00,-999.00,3823.56,-12.38,-13.34,-12.86,49.82,48.89,49.35,9,19.75,9.00,0.17,101.31,251.50,1193.00,1510.00
Primates,Lepilemuridae,Lepilemur,dorsalis,lepilemur dorsalis,1.00,503.85,-999.00,255.00,-999.00,-999.00,-999.00,-999.00,3.00,-999.00,-999.00,1.00,-999.00,-999.00,-999.00,1.01,-999.00,-999.00,-999.00,-999.00,-999.00,-999.00,-999.00,1.00,2,2.00,1,-999.00,-999.00,-999.00,511;1048;1261;1544;1547;2151;2655,-999.00,-999.00,-999.00,-999.00,9532.94,-13.19,-14.38,-13.79,49.07,47.86,48.46,8,23.02,8.00,0.18,133.28,201.61,1240.42,1623.73
Primates,Lepilemuridae,Lepilemur,edwardsi,lepilemur edwardsi,1.00,821.58,-999.00,-999.00,-999.00,-999.00,-999.00,-999.00,5.00,-999.00,-999.00,1.00,8.338038e-03,9.527378e-03,-999.00,-999.00,-999.00,-999.00,-999.00,-999.00,70.98,1.00,-999.00,1.00,2,2.00,2,-999.00,-999.00,-999.00,511;1048;1261;1544;1547;2151;2655;2972;2973,-999.00,-999.00,-999.00,-999.00,23515.80,-15.45,-19.17,-17.31,47.58,43.92,45.75,2,9.97,2.00,0.16,114.20,254.76,963.15,1571.21
Primates,Lepilemuridae,Lepilemur,leucopus,lepilemur leucopus,1.00,599.99,-999.00,-999.00,-999.00,-999.00,-999.00,-999.00,2.00,365.00,135.92,1.00,1.998666e-03,2.141759e-03,-999.00,1.01,1.00,103.00,-999.00,-999.00,504.99,1.00,620.76,1.00,2,2.00,1,121.66,-999.00,-999.00,511;1048;1261;1544;1547;2151;2344;2655,-999.00,-999.00,-999.00,-999.00,22985.68,-23.51,-25.48,-24.50,46.53,43.65,45.09,7,18.08,8.00,0.18,56.82,231.13,803.16,1741.51
Primates,Lepilemuridae,Lepilemur,microdon,lepilemur microdon,1.00,952.33,-999.00,324.99,-999.00,-999.00,-999.00,-999.00,4.00,-999.00,-999.00,1.00,-999.00,-999.00,-999.00,-999.00,-999.00,-999.00,-999.00,-999.00,36.05,1.00,-999.00,1.00,2,2.00,2,-999.00,-999.00,-999.00,511;1048;1261;1544;2151;2655,-999.00,-999.00,-999.00,-999.00,52152.56,-17.80,-25.20,-21.50,49.21,46.56,47.88,6,47.72,8.00,0.19,183.00,197.15,1311.10,1556.51
Primates,Lepilemuridae,Lepilemur,mustelinus,lepilemur mustelinus,1.00,669.03,-999.00,-999.00,-999.00,677.07,225.00,693.00,3.00,-999.00,133.45,1.00,2.734203e-03,3.872983e-03,-999.00,1.00,1.00,144.00,27.00,-999.00,255.10,-999.00,663.81,1.00,2,2.00,1,76.21,-999.00,-999.00,208;511;543;730;1046;1048;1167;1261;1297;1544;1545;1547;1768;2151;2344;2428;2493;2655;2660;2986,-999.00,-999.00,-999.00,-999.00,41461.51,-13.87,-17.84,-15.86,50.48,48.48,49.48,5,27.60,8.00,0.18,173.61,198.75,1388.45,1668.67
Primates,Lepilemuridae,Lepilemur,ruficaudatus,lepilemur ruficaudatus,1.00,763.36,-999.00,-999.00,-999.00,594.95,-999.00,-999.00,2.00,-999.00,135.92,1.00,-999.00,-999.00,-999.00,1.02,-999.00,-999.00,-999.00,-999.00,260.00,-999.00,-999.00,1.00,2,2.00,1,119.32,-999.00,-999.00,511;1048;1261;1544;1547;2151;2344;2655;2986,-999.00,-999.00,-999.00,-999.00,35030.08,-19.60,-23.56,-21.58,45.22,43.22,44.22,2,11.40,3.00,0.21,57.89,238.61,789.13,1602.55
Primates,Lepilemuridae,Lepilemur,septentrionalis,lepilemur septentrionalis,1.00,755.77,-999.00,280.00,-999.00,-999.00,-999.00,-999.00,3.00,-999.00,134.99,1.00,7.059681e-03,0.01,-999.00,1.00,1.00,-999.00,-999.00,-999.00,154.26,-999.00,377.57,1.00,2,2.00,1,120.97,-999.00,-999.00,511;1015;1048;1261;1544;1547;2151;2655,-999.00,-999.00,-999.00,-999.00,-999.00,-999.00,-999.00,-999.00,-999.00,-999.00,-999.00,-999,-999.00,-999.00,-999.00,-999.00,-999.00,-999.00,-999.00
Rodentia,Muridae,Leporillus,apicalis,leporillus apicalis,-999.00,150.00,-999.00,202.87,-999.00,-999.00,-999.00,-999.00,-999.00,-999.00,-999.00,-999.00,-999.00,-999.00,-999.00,-999.00,-999.00,-999.00,-999.00,-999.00,-999.00,-999.00,-999.00,-999.00,4,-999.00,-999,-999.00,-999.00,176.85,2655;2803,-999.00,-999.00,-999.00,138.30,-999.00,-999.00,-999.00,-999.00,-999.00,-999.00,-999.00,-999,-999.00,-999.00,-999.00,-999.00,-999.00,-999.00,-999.00
Rodentia,Muridae,Leporillus,conditor,leporillus conditor,-999.00,328.82,-999.00,192.73,-999.00,-999.00,-999.00,-999.00,2.00,-999.00,43.49,-999.00,-999.00,-999.00,-999.00,2.95,-999.00,-999.00,-999.00,-999.00,-999.00,-999.00,244.09,-999.00,4,-999.00,1,40.87,-999.00,-999.00,456;899;1297;2655;2803;2978,-999.00,-999.00,-999.00,-999.00,43.48,-26.53,-34.53,-30.53,136.26,113.74,125.00,0,0.33,0.00,0.00,24.94,186.46,275.00,1497.00
Carnivora,Felidae,Leptailurus,serval,leptailurus serval,2.00,11999.96,-999.00,832.51,9.03,851.66,258.06,1012.00,1.00,-999.00,73.74,1.00,1.84,1.95,182.50,2.35,2.50,276.00,254.00,-999.00,-999.00,-999.00,887.95,-999.00,4,1.00,3,104.68,-999.00,-999.00,543;1113;1297;1573;1822;2655,-999.00,-999.00,-999.00,-999.00,12526196.74,37.05,-34.08,1.48,46.93,-16.82,15.05,0,36.32,1.00,0.13,89.07,235.57,909.16,1534.53
Rodentia,Muridae,Leptomys,elegans,leptomys elegans,-999.00,83.52,-999.00,152.33,-999.00,-999.00,-999.00,-999.00,2.00,-999.00,-999.00,4.00,-999.00,-999.00,-999.00,1.88,-999.00,-999.00,-999.00,-999.00,-999.00,-999.00,-999.00,-999.00,4,2.00,3,-999.00,-999.00,-999.00,456;977;2152;2655;2803,-999.00,-999.00,-999.00,-999.00,19694.75,-1.21,-9.98,-5.59,149.50,133.75,141.63,5,12.92,5.00,0.15,197.38,217.43,1691.55,1719.13
Rodentia,Muridae,Leptomys,ernstmayri,leptomys ernstmayri,-999.00,42.85,-999.00,120.88,-999.00,-999.00,-999.00,-999.00,1.00,-999.00,-999.00,1.00,-999.00,-999.00,-999.00,-999.00,-999.00,-999.00,-999.00,-999.00,-999.00,-999.00,-999.00,-999.00,4,1.00,3,-999.00,-999.00,-999.00,661;977;2152;2655;2803,-999.00,-999.00,-999.00,-999.00,71234.08,-6.02,-10.09,-8.06,149.52,144.37,146.94,2,12.51,2.00,0.07,269.19,200.35,1671.56,1702.23
Rodentia,Muridae,Leptomys,signatus,leptomys signatus,-999.00,-999.00,-999.00,146.07,-999.00,-999.00,-999.00,-999.00,1.00,-999.00,-999.00,-999.00,-999.00,-999.00,-999.00,-999.00,-999.00,-999.00,-999.00,-999.00,-999.00,-999.00,-999.00,-999.00,4,-999.00,3,-999.00,-999.00,-999.00,977;2152;2803,92.67,-999.00,-999.00,-999.00,317.56,-8.13,-8.31,-8.22,142.34,142.16,142.25,1,1.00,1.00,0.00,241.00,262.00,1480.00,1642.00
Carnivora,Phocidae,Leptonychotes,weddellii,leptonychotes weddellii,2.00,400000.00,-999.00,2539.91,0.00,1825.00,113712.00,368000.00,6.00,49.99,314.99,2.00,-999.00,-999.00,365.00,1.00,-999.00,300.00,27395.84,-999.00,0.12,-999.00,1587.55,-999.00,-999,1.00,2,43.35,109999.99,-999.00,367;543;890;1297;1763;2151;2655;2986,-999.00,1.10,-999.00,-999.00,-999.00,-999.00,-999.00,-999.00,-999.00,-999.00,-999.00,-999,-999.00,-999.00,-999.00,-999.00,-999.00,-999.00,-999.00
Chiroptera,Phyllostomidae,Leptonycteris,curasoae,leptonycteris curasoae,-999.00,25.27,52.79,-999.00,-999.00,-999.00,34.08,24.00,3.00,-999.00,121.66,1.00,-999.00,-999.00,-999.00,0.99,1.00,-999.00,-999.00,-999.00,-999.00,-999.00,-999.00,-999.00,-999,2.00,2,41.99,-999.00,-999.00,106;108;196;899;1297;1658;2151;2295;2622;2655;2719;3023,-999.00,-999.00,-999.00,-999.00,376465.67,12.46,4.42,8.44,-63.59,-74.69,-69.14,4,93.00,7.00,0.11,94.09,233.97,1349.05,1696.03
Chiroptera,Phyllostomidae,Leptonycteris,nivalis,leptonycteris nivalis,-999.00,24.26,56.78,-999.00,-999.00,-999.00,-999.00,-999.00,3.00,-999.00,121.66,1.00,-999.00,-999.00,-999.00,1.00,1.00,-999.00,7.80,-999.00,-999.00,-999.00,-999.00,-999.00,-999,2.00,2,-999.00,-999.00,-999.00,196;889;899;1297;1323;1658;1705;2143;2151;2655;2719,-999.00,-999.00,-999.00,-999.00,999207.02,30.41,13.90,22.15,-90.32,-105.70,-98.01,0,73.37,1.00,0.07,71.17,197.54,810.09,1375.83
Chiroptera,Phyllostomidae,Leptonycteris,yerbabuenae,leptonycteris yerbabuenae,-999.00,22.24,53.37,-999.00,0.00,-999.00,44.00,22.00,-999.00,-999.00,-999.00,-999.00,-999.00,-999.00,-999.00,0.99,-999.00,120.00,7.10,21.99,-999.00,-999.00,-999.00,-999.00,-999,-999.00,-999,41.99,14.17,-999.00,544;657;1286;1297;1658;1705;1948;2143,-999.00,-999.00,-999.00,-999.00,1217816.36,33.61,13.48,23.54,-89.47,-113.95,-101.71,0,61.30,1.00,0.09,65.06,196.17,806.61,1406.01
Lagomorpha,Leporidae,Lepus,alleni,lepus alleni,2.00,3930.00,-999.00,545.99,-999.00,-999.00,1787.50,3250.00,2.00,-999.00,41.99,-999.00,4.53,6.42,-999.00,1.96,3.50,-999.00,182.00,138.72,16.06,-999.00,-999.00,-999.00,-999,-999.00,1,-999.00,3000.00,-999.00,95;317;989;1297;1822;2124;2655,-999.00,-999.00,-999.00,-999.00,258607.07,33.36,21.91,27.64,-105.11,-113.06,-109.08,0,26.16,1.00,0.12,31.17,199.33,564.35,1274.83
Lagomorpha,Leporidae,Lepus,americanus,lepus americanus,1.00,1568.42,-999.00,424.49,0.00,365.00,1250.24,1562.80,3.00,-999.00,36.57,-999.00,0.04,0.05,37.00,3.54,2.50,96.00,67.84,153.70,100.00,-999.00,210.95,-999.00,-999,-999.00,1,22.98,440.90,-999.00,42;95;362;409;410;543;730;811;816;989;1004;1110;1237;1297;1573;1822;1849;2124;2160;2314;2655,-999.00,-999.00,-999.00,-999.00,9501181.22,68.59,35.47,52.03,-52.63,-168.12,-110.38,0,10.61,0.00,0.04,48.45,-12.64,358.45,444.39
Lagomorpha,Leporidae,Lepus,arcticus,lepus arcticus,1.00,4412.73,-999.00,571.99,-999.00,-999.00,-999.00,-999.00,3.00,-999.00,51.99,-999.00,2.26,2.12,-999.00,5.62,1.50,84.00,-999.00,-999.00,-999.00,-999.00,377.57,2.00,-999,-999.00,1,-999.00,-999.00,-999.00,325;989;1004;1315;1573;2124;2218;2655,-999.00,-999.00,-999.00,-999.00,3744673.10,83.62,47.53,65.57,-11.31,-131.44,-71.37,0,0.10,0.00,0.02,23.80,-131.52,130.14,144.95
Lagomorpha,Leporidae,Lepus,brachyurus,lepus brachyurus,-999.00,2519.45,-999.00,499.99,-999.00,-999.00,-999.00,-999.00,-999.00,-999.00,38.49,-999.00,-999.00,-999.00,-999.00,2.13,2.50,-999.00,-999.00,-999.00,40.00,-999.00,-999.00,-999.00,-999,-999.00,-999,-999.00,-999.00,-999.00,2;95;989,-999.00,-999.00,-999.00,-999.00,285029.98,41.54,30.98,36.26,142.07,129.55,135.81,74,379.75,100.00,8.89399004496558e-03,145.01,105.61,784.99,830.18
Lagomorpha,Leporidae,Lepus,californicus,lepus californicus,1.00,2422.48,-999.00,480.00,-999.00,-999.00,1311.00,2300.00,2.00,-999.00,41.77,1.00,0.56,0.80,-999.00,2.68,4.05,81.60,84.93,140.00,12.00,-999.00,263.07,-999.00,6,1.00,1,19.85,1838.74,-999.00,95;348;543;730;989;1018;1137;1194;1281;1297;1573;1822;1849;2124;2255;2655,-999.00,-999.00,-999.00,-999.00,4402904.48,47.97,19.44,33.70,-92.19,-124.41,-108.30,0,29.14,0.00,0.08,38.32,134.20,510.54,1035.46
Lagomorpha,Leporidae,Lepus,callotis,lepus callotis,1.00,2608.16,-999.00,488.99,-999.00,-999.00,-999.00,-999.00,1.00,-999.00,-999.00,-999.00,-999.00,-999.00,-999.00,2.48,3.00,-999.00,-999.00,-999.00,3.89,-999.00,-999.00,2.00,-999,-999.00,1,-999.00,-999.00,-999.00,84;324;511;989;2124;2655,-999.00,-999.00,-999.00,-999.00,430968.06,32.43,16.85,24.64,-96.16,-109.26,-102.71,0,93.49,2.00,0.09,66.16,167.99,756.09,1359.94
Lagomorpha,Leporidae,Lepus,capensis,lepus capensis,2.00,2047.11,-999.00,426.03,-999.00,-999.00,-999.00,-999.00,3.00,-999.00,41.99,1.00,0.41,0.38,39.10,2.44,3.00,-999.00,114.09,-999.00,14.75,-999.00,172.43,-999.00,-999,1.00,1,27.63,914.99,-999.00,95;730;989;1297;1315;1473;1573;1600;1601;1849;2655;2656,-999.00,-999.00,-999.00,-999.00,21956899.35,37.34,-34.83,1.25,51.41,-17.39,17.00,0,25.32,0.00,0.11,34.90,235.02,426.90,1409.01
Lagomorpha,Leporidae,Lepus,castroviejoi,lepus castroviejoi,-999.00,2822.41,-999.00,502.99,-999.00,-999.00,-999.00,-999.00,-999.00,-999.00,-999.00,-999.00,-999.00,-999.00,-999.00,1.95,-999.00,-999.00,-999.00,-999.00,-999.00,-999.00,-999.00,-999.00,-999,-999.00,-999,-999.00,-999.00,-999.00,989;2210,-999.00,-999.00,-999.00,-999.00,8875.20,43.26,42.63,42.95,-4.22,-6.97,-5.60,12,51.25,12.00,-0.01,60.61,84.08,571.48,813.46
Lagomorpha,Leporidae,Lepus,comus,lepus comus,1.00,2015.56,-999.00,470.68,-999.00,-999.00,-999.00,-999.00,2.00,-999.00,-999.00,-999.00,-999.00,-999.00,-999.00,2.44,2.00,-999.00,-999.00,-999.00,-999.00,-999.00,-999.00,-999.00,-999,-999.00,1,-999.00,-999.00,-999.00,52;989;1315,-999.00,-999.00,-999.00,-999.00,582324.06,29.32,21.62,25.47,108.58,97.91,103.25,1,118.33,9.00,0.07,116.83,127.27,979.64,1147.43
Lagomorpha,Leporidae,Lepus,coreanus,lepus coreanus,-999.00,-999.00,-999.00,465.00,-999.00,-999.00,-999.00,-999.00,-999.00,-999.00,-999.00,-999.00,-999.00,-999.00,-999.00,-999.00,-999.00,-999.00,-999.00,-999.00,49.99,-999.00,-999.00,-999.00,-999,-999.00,-999,-999.00,-999.00,-999.00,2;989,2622.96,-999.00,-999.00,-999.00,216940.55,42.53,34.28,38.40,130.69,124.27,127.48,24,301.13,55.00,0.03,88.44,58.71,699.77,818.27
Lagomorpha,Leporidae,Lepus,corsicanus,lepus corsicanus,-999.00,-999.00,-999.00,-999.00,-999.00,-999.00,-999.00,-999.00,-999.00,-999.00,-999.00,-999.00,-999.00,-999.00,-999.00,-999.00,-999.00,-999.00,-999.00,-999.00,-999.00,-999.00,-999.00,-999.00,-999,-999.00,-999,-999.00,-999.00,-999.00,-999,-999.00,-999.00,-999.00,-999.00,52093.48,42.45,36.76,39.61,16.83,12.48,14.66,64,190.64,73.00,4.69510848235428e-03,69.15,147.19,560.31,1034.28
Lagomorpha,Leporidae,Lepus,europaeus,lepus europaeus,2.00,3816.43,-999.00,526.00,0.00,-999.00,-999.00,-999.00,-999.00,-999.00,41.99,-999.00,0.31,0.44,-999.00,2.14,4.40,144.00,123.00,-999.00,-999.00,-999.00,210.95,-999.00,-999,-999.00,-999,-999.00,-999.00,-999.00,95;522;543;987;989;1573;1849;2210;2314;2338;2655,-999.00,-999.00,-999.00,-999.00,10436747.61,65.01,34.92,49.96,99.71,-6.48,46.61,0,76.73,1.00,0.01,43.95,55.37,407.18,587.96
Lagomorpha,Leporidae,Lepus,fagani,lepus fagani,-999.00,-999.00,-999.00,-999.00,-999.00,-999.00,-999.00,-999.00,-999.00,-999.00,-999.00,-999.00,-999.00,-999.00,-999.00,-999.00,-999.00,-999.00,-999.00,-999.00,-999.00,-999.00,-999.00,-999.00,-999,-999.00,-999,-999.00,-999.00,-999.00,-999,-999.00,-999.00,-999.00,-999.00,693873.40,14.88,3.34,9.11,40.11,31.64,35.87,1,44.64,3.00,0.11,85.47,228.74,940.30,1521.56
Lagomorpha,Leporidae,Lepus,flavigularis,lepus flavigularis,-999.00,2999.98,-999.00,549.77,-999.00,-999.00,-999.00,-999.00,2.00,-999.00,-999.00,-999.00,-999.00,-999.00,-999.00,-999.00,-999.00,-999.00,-999.00,176.49,-999.00,-999.00,-999.00,-999.00,-999,-999.00,1,-999.00,-999.00,-999.00,84;575;1015;2124;2655,-999.00,-999.00,181.12,-999.00,10300.18,16.78,15.82,16.30,-93.65,-95.31,-94.48,6,34.90,6.00,0.05,169.71,244.27,1071.79,1627.36
Lagomorpha,Leporidae,Lepus,granatensis,lepus granatensis,-999.00,2323.94,-999.00,459.00,-999.00,-999.00,-999.00,-999.00,-999.00,-999.00,-999.00,-999.00,-999.00,-999.00,-999.00,1.46,-999.00,-999.00,-999.00,-999.00,-999.00,-999.00,-999.00,-999.00,-999,-999.00,-999,-999.00,-999.00,-999.00,2210,-999.00,-999.00,-999.00,-999.00,401179.96,43.79,36.01,39.90,3.47,-9.29,-2.91,3,77.85,7.00,1.36294273779861e-03,45.33,131.24,486.46,965.72
Lagomorpha,Leporidae,Lepus,habessinicus,lepus habessinicus,-999.00,2015.56,-999.00,-999.00,-999.00,-999.00,-999.00,-999.00,-999.00,-999.00,-999.00,-999.00,-999.00,-999.00,-999.00,-999.00,-999.00,-999.00,-999.00,-999.00,-999.00,-999.00,-999.00,-999.00,-999,-999.00,-999,-999.00,-999.00,-999.00,989,-999.00,-999.00,-999.00,-999.00,1029651.57,13.56,0.53,7.05,51.41,39.92,45.66,1,15.42,3.00,0.08,29.10,244.39,422.35,1714.94
Lagomorpha,Leporidae,Lepus,hainanus,lepus hainanus,1.00,1511.67,-999.00,-999.00,-999.00,-999.00,-999.00,-999.00,-999.00,-999.00,-999.00,-999.00,-999.00,-999.00,-999.00,-999.00,-999.00,-999.00,-999.00,-999.00,-999.00,-999.00,-999.00,-999.00,-999,-999.00,-999,-999.00,-999.00,-999.00,989,-999.00,-999.00,-999.00,-999.00,11194.41,19.88,18.63,19.25,110.50,108.76,109.63,128,200.27,128.00,0.09,118.64,228.80,1209.92,1871.62
Lagomorpha,Leporidae,Lepus,insularis,lepus insularis,-999.00,-999.00,-999.00,-999.00,-999.00,-999.00,-999.00,-999.00,-999.00,-999.00,-999.00,-999.00,-999.00,-999.00,-999.00,-999.00,-999.00,-999.00,-999.00,-999.00,-999.00,-999.00,-999.00,-999.00,-999,-999.00,-999,-999.00,-999.00,-999.00,-999,-999.00,-999.00,-999.00,-999.00,82.65,24.53,24.39,24.46,-110.29,-110.39,-110.34,14,14.00,14.00,0.07,18.00,225.00,-999.00,-999.00
Lagomorpha,Leporidae,Lepus,mandshuricus,lepus mandshuricus,-999.00,1834.05,-999.00,-999.00,-999.00,-999.00,-999.00,-999.00,-999.00,-999.00,-999.00,-999.00,-999.00,-999.00,-999.00,2.39,-999.00,-999.00,-999.00,-999.00,-999.00,-999.00,-999.00,-999.00,-999,-999.00,-999,-999.00,-999.00,-999.00,95;989,-999.00,-999.00,-999.00,-999.00,1031394.68,51.33,39.86,45.60,139.41,116.74,128.08,1,81.33,1.00,0.02,49.44,1.90,530.74,565.34
Lagomorpha,Leporidae,Lepus,microtis,lepus microtis,1.00,1763.61,-999.00,450.00,-999.00,-999.00,-999.00,-999.00,3.00,-999.00,-999.00,-999.00,-999.00,-999.00,-999.00,1.56,-999.00,-999.00,-999.00,-999.00,95.00,-999.00,-999.00,-999.00,-999,-999.00,1,-999.00,-999.00,-999.00,989;1600;2655,-999.00,-999.00,-999.00,-999.00,12414839.45,29.95,-32.48,-1.26,40.84,-17.53,11.65,0,33.81,1.00,0.13,77.99,238.46,815.86,1529.42
Lagomorpha,Leporidae,Lepus,nigricollis,lepus nigricollis,1.00,2294.25,-999.00,-999.00,-999.00,-999.00,-999.00,-999.00,-999.00,-999.00,36.16,-999.00,0.01,0.01,-999.00,1.76,7.15,-999.00,-999.00,-999.00,89.46,-999.00,210.45,-999.00,-999,-999.00,-999,-999.00,-999.00,-999.00,95;730;989;1297;1573;2326;2655,-999.00,-999.00,-999.00,-999.00,4041837.20,35.62,5.91,20.77,97.83,66.65,82.24,0,307.15,3.00,0.09,93.30,211.45,737.24,1368.10
Lagomorpha,Leporidae,Lepus,oiostolus,lepus oiostolus,2.00,2468.55,-999.00,465.40,-999.00,-999.00,-999.00,-999.00,1.00,-999.00,-999.00,1.00,-999.00,-999.00,-999.00,3.06,2.00,-999.00,-999.00,-999.00,-999.00,-999.00,-999.00,-999.00,-999,1.00,1,-999.00,-999.00,-999.00,95;521;989;1297;1315,-999.00,-999.00,-999.00,-999.00,2735995.71,40.99,26.73,33.86,105.25,73.80,89.53,0,11.89,0.00,0.06,57.88,-35.58,394.56,809.36
Lagomorpha,Leporidae,Lepus,othus,lepus othus,-999.00,4837.35,-999.00,575.12,-999.00,-999.00,-999.00,-999.00,2.00,-999.00,45.99,-999.00,-999.00,-999.00,-999.00,6.15,1.00,-999.00,102.46,156.00,1.64,-999.00,-999.00,-999.00,-999,-999.00,1,48.99,-999.00,-999.00,86;225;326;989;2124;2655,-999.00,-999.00,-999.00,-999.00,421759.62,67.70,54.79,61.24,-153.25,-178.86,-166.05,0,0.02,0.00,0.04,33.89,-42.81,232.33,214.94
Lagomorpha,Leporidae,Lepus,peguensis,lepus peguensis,-999.00,2267.50,-999.00,-999.00,-999.00,-999.00,-999.00,-999.00,-999.00,-999.00,-999.00,-999.00,-999.00,-999.00,-999.00,-999.00,-999.00,-999.00,-999.00,-999.00,-999.00,-999.00,-999.00,-999.00,-999,-999.00,-999,-999.00,-999.00,-999.00,989,-999.00,-999.00,-999.00,-999.00,1932180.66,27.21,8.55,17.88,109.46,93.29,101.37,1,113.01,8.00,0.09,146.13,219.76,1093.70,1456.98
Lagomorpha,Leporidae,Lepus,saxatilis,lepus saxatilis,1.00,2593.63,-999.00,495.00,-999.00,-999.00,-999.00,-999.00,-999.00,-999.00,38.49,1.00,-999.00,-999.00,-999.00,1.52,5.35,-999.00,98.00,-999.00,-999.00,-999.00,-999.00,-999.00,-999,1.00,-999,-999.00,-999.00,-999.00,989;1297;1601;2655;2656,-999.00,-999.00,-999.00,-999.00,799775.78,-23.91,-34.83,-29.37,30.11,14.54,22.32,0,20.22,0.00,0.09,23.08,162.83,355.34,1093.30
Lagomorpha,Leporidae,Lepus,sinensis,lepus sinensis,-999.00,1607.41,-999.00,380.00,-999.00,-999.00,-999.00,-999.00,-999.00,-999.00,-999.00,-999.00,-999.00,-999.00,-999.00,-999.00,-999.00,-999.00,-999.00,-999.00,-999.00,-999.00,-999.00,-999.00,-999,-999.00,-999,-999.00,-999.00,-999.00,2;989,-999.00,-999.00,-999.00,-999.00,1081352.24,32.22,20.20,26.21,122.13,104.71,113.42,50,359.67,88.00,0.06,123.32,166.80,1073.83,1120.29
Lagomorpha,Leporidae,Lepus,starcki,lepus starcki,-999.00,2760.67,-999.00,510.00,-999.00,-999.00,-999.00,-999.00,-999.00,-999.00,-999.00,1.00,-999.00,-999.00,-999.00,-999.00,-999.00,-999.00,-999.00,-999.00,-999.00,-999.00,-999.00,-999.00,-999,1.00,-999,-999.00,-999.00,-999.00,95;989;1601;2655,-999.00,-999.00,-999.00,-999.00,100134.94,9.85,6.18,8.01,40.78,37.49,39.13,5,118.92,13.00,0.15,82.63,118.81,950.21,1372.33
Lagomorpha,Leporidae,Lepus,tibetanus,lepus tibetanus,-999.00,-999.00,-999.00,-999.00,-999.00,-999.00,-999.00,-999.00,-999.00,-999.00,-999.00,-999.00,-999.00,-999.00,-999.00,-999.00,-999.00,-999.00,-999.00,-999.00,-999.00,-999.00,-999.00,-999.00,-999,-999.00,-999,-999.00,-999.00,-999.00,-999,-999.00,-999.00,-999.00,-999.00,2271317.58,39.39,32.02,35.70,108.51,62.25,85.38,0,30.24,0.00,0.10,30.62,-22.27,279.27,817.35
Lagomorpha,Leporidae,Lepus,timidus,lepus timidus,-999.00,3105.42,-999.00,509.00,-999.00,-999.00,-999.00,-999.00,-999.00,-999.00,50.10,-999.00,0.86,0.92,-999.00,3.16,3.00,-999.00,113.49,-999.00,-999.00,-999.00,-999.00,-999.00,-999,-999.00,-999,-999.00,-999.00,-999.00,2;94,-999.00,-999.00,-999.00,-999.00,19946363.54,77.73,40.51,59.12,180.00,-179.99,5.73e-06,0,12.02,0.00,-0.01,32.60,-51.60,292.01,331.76
Lagomorpha,Leporidae,Lepus,tolai,lepus tolai,-999.00,1589.00,-999.00,-999.00,-999.00,-999.00,-999.00,-999.00,-999.00,-999.00,-999.00,-999.00,-999.00,-999.00,-999.00,2.93,-999.00,-999.00,-999.00,-999.00,-999.00,-999.00,-999.00,-999.00,-999,-999.00,-999,-999.00,-999.00,-999.00,989;2655,-999.00,-999.00,-999.00,-999.00,1307979.72,49.05,40.28,44.67,85.33,48.64,66.98,0,7.62,0.00,5.51452033498662e-03,16.84,89.39,220.18,647.19
Lagomorpha,Leporidae,Lepus,townsendii,lepus townsendii,1.00,3371.64,-999.00,512.99,-999.00,-999.00,1506.50,2620.00,2.00,-999.00,40.73,-999.00,-999.00,-999.00,-999.00,4.49,3.29,96.00,89.99,-999.00,5.17,-999.00,281.14,1.00,-999,-999.00,1,29.23,736.99,-999.00,95;730;989;1004;1297;1788;1822;1849;2124;2655,-999.00,-999.00,-999.00,-999.00,3453779.03,54.66,36.04,45.35,-88.06,-122.06,-105.06,0,8.72,0.00,0.04,37.00,53.03,440.70,706.97
Lagomorpha,Leporidae,Lepus,yarkandensis,lepus yarkandensis,2.00,1460.41,-999.00,390.00,-999.00,-999.00,-999.00,-999.00,1.00,-999.00,-999.00,1.00,-999.00,-999.00,-999.00,3.90,2.50,-999.00,-999.00,-999.00,-999.00,-999.00,-999.00,-999.00,-999,1.00,1,-999.00,365.21,253.32,95;989;1315;3098,-999.00,-999.00,-999.00,-999.00,613125.37,41.76,36.75,39.25,93.94,75.80,84.87,0,8.19,0.00,0.07,17.64,98.95,63.18,719.70
Didelphimorphia,Didelphidae,Lestodelphys,halli,lestodelphys halli,1.00,78.27,-999.00,136.34,-999.00,-999.00,-999.00,-999.00,3.00,-999.00,-999.00,-999.00,-999.00,-999.00,-999.00,-999.00,-999.00,-999.00,-999.00,-999.00,-999.00,-999.00,-999.00,-999.00,19,-999.00,2,-999.00,-999.00,-999.00,889;1760;1886;1887;2151;2655,-999.00,-999.00,-999.00,-999.00,18932.66,-32.58,-47.31,-39.94,-65.18,-71.30,-68.24,0,9.15,0.00,0.02,19.39,89.55,300.78,618.27
Paucituberculata,Caenolestidae,Lestoros,inca,lestoros inca,2.00,23.07,-999.00,99.75,-999.00,-999.00,-999.00,-999.00,2.00,-999.00,-999.00,1.00,-999.00,-999.00,-999.00,-999.00,-999.00,-999.00,-999.00,-999.00,-999.00,-999.00,-999.00,-999.00,-999,1.00,3,-999.00,-999.00,-999.00,511;890;1612;1760;2655,-999.00,-999.00,-999.00,-999.00,109634.26,-11.51,-15.26,-13.38,-69.06,-73.85,-71.45,1,10.64,1.00,0.07,235.43,154.08,1211.75,1420.02
Carnivora,Herpestidae,Liberiictis,kuhni,liberiictis kuhni,3.00,1825.47,-999.00,449.15,-999.00,-999.00,-999.00,-999.00,6.00,-999.00,-999.00,1.00,-999.00,-999.00,-999.00,-999.00,-999.00,-999.00,-999.00,-999.00,-999.00,-999.00,-999.00,-999.00,-999,1.00,2,-999.00,-999.00,-999.00,1113;2655,-999.00,-999.00,-999.00,-999.00,125428.68,8.46,4.38,6.42,-7.11,-11.57,-9.34,3,33.18,5.00,-0.04,240.02,244.82,1350.29,1542.54
Chiroptera,Phyllostomidae,Lichonycteris,obscura,lichonycteris obscura,-999.00,6.50,31.55,-999.00,-999.00,-999.00,-999.00,-999.00,2.00,-999.00,-999.00,1.00,-999.00,-999.00,-999.00,0.98,-999.00,-999.00,-999.00,-999.00,-999.00,-999.00,-999.00,-999.00,-999,2.00,2,-999.00,-999.00,-999.00,108;890;1297;1658;2143;2151;2622;2655,-999.00,-999.00,-999.00,-999.00,7959423.12,17.81,-17.17,0.32,-46.55,-93.27,-69.91,0,16.09,0.00,0.13,175.17,244.54,1421.61,1593.75
Afrosoricida,Tenrecidae,Limnogale,mergulus,limnogale mergulus,1.00,76.86,-999.00,144.99,-999.00,-999.00,72.31,77.70,2.00,-999.00,-999.00,2.00,-999.00,-999.00,-999.00,2.73,1.00,-999.00,-999.00,-999.00,-999.00,-999.00,-999.00,-999.00,6,1.00,3,-999.00,-999.00,-999.00,253;511;899;1048;1822;2151;2333;2655;2722;2786,-999.00,-999.00,-999.00,-999.00,14350.29,-19.23,-22.53,-20.88,48.45,46.81,47.63,8,52.62,8.00,0.18,153.37,178.93,1263.37,1507.84
Rodentia,Muridae,Limnomys,bryophilus,limnomys bryophilus,-999.00,-999.00,-999.00,-999.00,-999.00,-999.00,-999.00,-999.00,-999.00,-999.00,-999.00,-999.00,-999.00,-999.00,-999.00,-999.00,-999.00,-999.00,-999.00,-999.00,-999.00,-999.00,-999.00,-999.00,-999,-999.00,-999,-999.00,-999.00,-999.00,-999,-999.00,-999.00,-999.00,-999.00,-999.00,-999.00,-999.00,-999.00,-999.00,-999.00,-999.00,-999,-999.00,-999.00,-999.00,-999.00,-999.00,-999.00,-999.00
Rodentia,Muridae,Limnomys,sibuanus,limnomys sibuanus,-999.00,-999.00,-999.00,128.82,-999.00,-999.00,-999.00,-999.00,-999.00,-999.00,-999.00,-999.00,-999.00,-999.00,-999.00,-999.00,-999.00,-999.00,-999.00,-999.00,-999.00,-999.00,-999.00,-999.00,-999,-999.00,-999,-999.00,-999.00,-999.00,2152,64.47,-999.00,-999.00,-999.00,695.52,8.32,6.87,7.59,125.36,123.52,124.44,228,243.99,228.00,0.14,163.62,229.64,1542.00,1561.00
Rodentia,Heteromyidae,Liomys,adspersus,liomys adspersus,-999.00,50.99,-999.00,124.62,-999.00,-999.00,-999.00,-999.00,-999.00,-999.00,-999.00,1.00,4.046269e-03,5.160507e-03,-999.00,3.20,1.44,21.00,-999.00,-999.00,741.61,-999.00,202.08,-999.00,-999,1.00,-999,-999.00,-999.00,-999.00,543;979;1297;2151;2655,-999.00,-999.00,-999.00,-999.00,26538.10,9.31,7.19,8.25,-78.92,-81.81,-80.36,5,44.95,7.00,0.10,192.32,248.34,-999.00,-999.00
Rodentia,Heteromyidae,Liomys,irroratus,liomys irroratus,-999.00,48.95,-999.00,115.55,-999.00,-999.00,53.87,48.10,-999.00,-999.00,-999.00,1.00,-999.00,-999.00,-999.00,4.22,-999.00,-999.00,-999.00,-999.00,-999.00,-999.00,-999.00,-999.00,-999,1.00,-999,-999.00,-999.00,-999.00,827;1297;1822;2151;2655,-999.00,-999.00,-999.00,-999.00,609782.60,27.98,15.80,21.89,-95.38,-106.41,-100.89,1,85.59,3.00,0.08,65.55,186.61,794.34,1370.17
Rodentia,Heteromyidae,Liomys,pictus,liomys pictus,1.00,43.28,-999.00,114.13,19.00,-999.00,-999.00,-999.00,1.00,-999.00,25.16,1.00,-999.00,-999.00,-999.00,3.67,-999.00,-999.00,2.50,-999.00,3922.95,-999.00,111.11,1.00,-999,1.00,1,25.90,22.50,-999.00,568;730;884;982;1297;1929;2151;2655,-999.00,-999.00,-999.00,-999.00,441466.95,31.26,15.47,23.37,-91.47,-111.49,-101.48,1,48.55,4.00,0.07,82.44,207.64,884.69,1506.15
Rodentia,Heteromyidae,Liomys,salvini,liomys salvini,-999.00,41.99,-999.00,107.97,14.00,-999.00,48.37,44.50,3.00,-999.00,27.68,1.00,1.470548e-03,1.72044e-03,-999.00,3.69,1.65,-999.00,1.90,-999.00,574.02,-999.00,-999.00,-999.00,-999,1.00,2,24.81,-999.00,-999.00,558;730;981;982;1297;1822;1849;2151;2655,-999.00,-999.00,-999.00,-999.00,163721.17,16.45,9.49,12.97,-83.77,-94.04,-88.91,11,104.25,20.00,0.13,152.01,222.04,1246.84,1679.57
Rodentia,Heteromyidae,Liomys,spectabilis,liomys spectabilis,-999.00,65.00,-999.00,-999.00,-999.00,-999.00,-999.00,-999.00,-999.00,-999.00,-999.00,1.00,-999.00,-999.00,-999.00,-999.00,-999.00,-999.00,-999.00,-999.00,-999.00,-999.00,-999.00,-999.00,-999,1.00,-999,-999.00,-999.00,-999.00,2151;2655,-999.00,-999.00,-999.00,-999.00,5600.81,19.93,19.00,19.46,-102.61,-103.49,-103.05,23,35.98,23.00,0.07,92.25,205.02,880.75,1465.09
Chiroptera,Phyllostomidae,Lionycteris,spurrelli,lionycteris spurrelli,-999.00,8.85,34.99,-999.00,-999.00,-999.00,-999.00,-999.00,1.00,-999.00,-999.00,1.00,-999.00,-999.00,-999.00,0.98,-999.00,-999.00,-999.00,-999.00,-999.00,-999.00,-999.00,-999.00,-999,2.00,1,-999.00,-999.00,-999.00,196;889;1297;1658;2151;2622;2655,-999.00,-999.00,-999.00,-999.00,7325792.00,12.59,-15.10,-1.25,-44.36,-81.72,-63.04,0,15.80,0.00,0.12,173.70,243.13,1417.53,1596.72
Cetacea,Iniidae,Lipotes,vexillifer,lipotes vexillifer,-999.00,112138.32,-999.00,1701.72,-999.00,-999.00,-999.00,-999.00,2.00,-999.00,319.37,1.00,-999.00,-999.00,730.00,1.00,-999.00,-999.00,-999.00,913.96,-999.00,-999.00,3367.31,4.00,-999,-999.00,3,-999.00,-999.00,950.00,97;511;899;1297;2151;2655,-999.00,0.77,11593.30,10010.68,-999.00,-999.00,-999.00,-999.00,-999.00,-999.00,-999.00,-999,-999.00,-999.00,-999.00,-999.00,-999.00,-999.00,-999.00
Cetacea,Delphinidae,Lissodelphis,borealis,lissodelphis borealis,-999.00,113000.00,-999.00,-999.00,-999.00,-999.00,-999.00,-999.00,-999.00,-999.00,-999.00,1.00,-999.00,-999.00,-999.00,-999.00,-999.00,-999.00,-999.00,-999.00,-999.00,-999.00,-999.00,-999.00,-999,-999.00,-999,-999.00,-999.00,-999.00,2151;2655,-999.00,-999.00,-999.00,-999.00,-999.00,-999.00,-999.00,-999.00,-999.00,-999.00,-999.00,-999,-999.00,-999.00,-999.00,-999.00,-999.00,-999.00,-999.00
Cetacea,Delphinidae,Lissodelphis,peronii,lissodelphis peronii,-999.00,116000.00,-999.00,-999.00,-999.00,-999.00,-999.00,-999.00,-999.00,-999.00,-999.00,1.00,-999.00,-999.00,-999.00,-999.00,-999.00,-999.00,-999.00,-999.00,-999.00,-999.00,-999.00,-999.00,-999,-999.00,-999,-999.00,-999.00,-999.00,2151;2655,-999.00,-999.00,-999.00,-999.00,-999.00,-999.00,-999.00,-999.00,-999.00,-999.00,-999.00,-999,-999.00,-999.00,-999.00,-999.00,-999.00,-999.00,-999.00
Chiroptera,Pteropodidae,Lissonycteris,angolensis,lissonycteris angolensis,-999.00,68.31,73.08,105.16,-999.00,-999.00,-999.00,-999.00,2.00,-999.00,121.66,1.00,-999.00,-999.00,-999.00,0.99,2.00,-999.00,-999.00,-999.00,-999.00,28.00,-999.00,1.00,-999,2.00,1,-999.00,-999.00,-999.00,77;196;258;266;272;1297;1601;1658;2017;2151;2655;2719;3071,-999.00,-999.00,-999.00,-999.00,4001672.86,12.96,-21.07,-4.05,40.37,-15.60,12.38,0,55.87,2.00,0.13,124.24,240.30,1120.33,1546.07
Artiodactyla,Bovidae,Litocranius,walleri,litocranius walleri,-999.00,38804.37,-999.00,1500.00,-999.00,562.70,-999.00,-999.00,1.00,-999.00,204.15,1.00,-999.00,-999.00,240.77,1.00,-999.00,156.00,-999.00,-999.00,0.43,-999.00,841.82,8.00,-999,1.00,1,-999.00,-999.00,-999.00,543;730;869;917;1297;1525;1848;2655;2693;2986,-999.00,1.35,-999.00,-999.00,1594552.70,11.64,-5.72,2.96,51.01,35.26,43.14,1,20.86,2.00,0.09,40.53,238.78,596.79,1643.47
Carnivora,Phocidae,Lobodon,carcinophaga,lobodon carcinophaga,2.00,224999.99,-999.00,2265.73,0.00,1825.00,-999.00,-999.00,1.00,29.75,269.81,2.00,-999.00,-999.00,547.50,0.96,-999.00,468.00,20000.00,-999.00,1.01,-999.00,1522.50,1.00,-999,1.00,3,31.32,103699.45,-999.00,367;543;890;905;1297;1763;2151;2655,-999.00,0.89,-999.00,-999.00,-999.00,-999.00,-999.00,-999.00,-999.00,-999.00,-999.00,-999,-999.00,-999.00,-999.00,-999.00,-999.00,-999.00,-999.00
Chiroptera,Phyllostomidae,Lonchophylla,bokermanni,lonchophylla bokermanni,-999.00,-999.00,40.00,-999.00,-999.00,-999.00,-999.00,-999.00,3.00,-999.00,-999.00,1.00,-999.00,-999.00,-999.00,-999.00,-999.00,-999.00,-999.00,-999.00,-999.00,-999.00,-999.00,-999.00,-999,2.00,2,-999.00,-999.00,-999.00,889;1658;2151,9.74,-999.00,-999.00,-999.00,128491.45,-17.90,-22.30,-20.10,-42.46,-46.43,-44.44,4,54.27,8.00,0.05,120.37,201.47,1121.31,1308.72
Chiroptera,Phyllostomidae,Lonchophylla,dekeyseri,lonchophylla dekeyseri,-999.00,-999.00,35.99,-999.00,-999.00,-999.00,-999.00,-999.00,3.00,-999.00,-999.00,1.00,-999.00,-999.00,-999.00,-999.00,-999.00,-999.00,-999.00,-999.00,-999.00,-999.00,-999.00,-999.00,-999,2.00,2,-999.00,-999.00,-999.00,889;1658;2151,7.20,-999.00,-999.00,-999.00,101542.34,-13.85,-17.43,-15.64,-44.39,-47.33,-45.86,1,8.26,2.00,0.09,123.36,207.90,1049.24,1475.13
Chiroptera,Phyllostomidae,Lonchophylla,handleyi,lonchophylla handleyi,-999.00,-999.00,45.99,-999.00,-999.00,-999.00,-999.00,-999.00,3.00,-999.00,-999.00,1.00,-999.00,-999.00,-999.00,-999.00,-999.00,-999.00,-999.00,-999.00,-999.00,-999.00,-999.00,-999.00,-999,2.00,2,-999.00,-999.00,-999.00,889;1658;2151,14.53,-999.00,-999.00,-999.00,527830.95,-1.28,-15.10,-8.19,-71.66,-79.29,-75.47,1,13.58,1.00,0.11,138.99,183.25,1145.61,1421.97
Chiroptera,Phyllostomidae,Lonchophylla,hesperia,lonchophylla hesperia,-999.00,-999.00,38.49,-999.00,-999.00,-999.00,-999.00,-999.00,3.00,-999.00,-999.00,1.00,-999.00,-999.00,-999.00,-999.00,-999.00,-999.00,-999.00,-999.00,-999.00,-999.00,-999.00,-999.00,-999,2.00,2,-999.00,-999.00,-999.00,889;1658;2151,8.72,-999.00,-999.00,-999.00,444717.10,-1.59,-13.05,-7.32,-75.48,-81.35,-78.42,0,58.88,2.00,0.11,106.41,180.43,956.30,1396.67
Chiroptera,Phyllostomidae,Lonchophylla,mordax,lonchophylla mordax,-999.00,21.56,33.86,-999.00,-999.00,-999.00,-999.00,-999.00,3.00,-999.00,-999.00,1.00,-999.00,-999.00,-999.00,0.98,-999.00,-999.00,-999.00,-999.00,-999.00,-999.00,-999.00,-999.00,-999,2.00,2,-999.00,-999.00,-999.00,108;196;889;1297;1658;2151;2622;2655;3037,-999.00,-999.00,-999.00,-999.00,3437157.68,12.46,-25.78,-6.65,-34.79,-84.01,-59.40,0,60.10,2.00,0.08,126.73,229.03,1131.97,1495.01
Chiroptera,Phyllostomidae,Lonchophylla,robusta,lonchophylla robusta,-999.00,13.72,42.50,-999.00,-999.00,-999.00,-999.00,-999.00,3.00,-999.00,-999.00,1.00,-999.00,-999.00,-999.00,0.98,-999.00,-999.00,-999.00,-999.00,-999.00,-999.00,-999.00,-999.00,-999,2.00,2,-999.00,-999.00,-999.00,889;1297;1658;2151;2622;2655,-999.00,-999.00,-999.00,-999.00,1033227.44,12.46,-4.02,4.21,-68.34,-84.81,-76.57,0,60.42,3.00,0.11,163.18,231.54,1380.04,1587.27
Chiroptera,Phyllostomidae,Lonchophylla,thomasi,lonchophylla thomasi,-999.00,7.09,32.49,-999.00,-999.00,-999.00,-999.00,-999.00,3.00,-999.00,-999.00,1.00,-999.00,-999.00,-999.00,0.98,-999.00,-999.00,-999.00,-999.00,-999.00,-999.00,-999.00,-999.00,-999,2.00,2,-999.00,-999.00,-999.00,196;889;1297;1658;2151;2622;2655;2719,-999.00,-999.00,-999.00,-999.00,8437401.60,12.46,-17.95,-2.74,-45.22,-79.63,-62.43,0,14.01,0.00,0.13,168.67,240.49,1388.77,1575.35
Chiroptera,Phyllostomidae,Lonchorhina,aurita,lonchorhina aurita,-999.00,15.38,51.05,-999.00,-999.00,-999.00,-999.00,-999.00,1.00,-999.00,-999.00,1.00,-999.00,-999.00,-999.00,0.98,1.00,-999.00,-999.00,-999.00,-999.00,500.00,-999.00,-999.00,-999,2.00,3,-999.00,-999.00,-999.00,108;196;889;1297;1658;1742;2151;2622;2655;2719,-999.00,-999.00,-999.00,-999.00,11889121.65,20.04,-25.46,-2.70,-34.79,-96.71,-65.75,0,27.52,0.00,0.12,156.02,242.68,1310.60,1552.90
Chiroptera,Phyllostomidae,Lonchorhina,fernandezi,lonchorhina fernandezi,-999.00,-999.00,42.50,-999.00,-999.00,-999.00,-999.00,-999.00,-999.00,-999.00,-999.00,1.00,-999.00,-999.00,-999.00,-999.00,-999.00,-999.00,-999.00,-999.00,-999.00,-999.00,-999.00,-999.00,-999,2.00,-999,-999.00,-999.00,-999.00,1658;2151,11.59,-999.00,-999.00,-999.00,13450.68,4.56,3.28,3.92,-66.36,-67.56,-66.96,0,0.41,0.00,0.00,231.75,252.25,1650.00,1674.57
Chiroptera,Phyllostomidae,Lonchorhina,inusitata,lonchorhina inusitata,-999.00,-999.00,-999.00,-999.00,-999.00,-999.00,-999.00,-999.00,-999.00,-999.00,-999.00,-999.00,-999.00,-999.00,-999.00,-999.00,-999.00,-999.00,-999.00,-999.00,-999.00,-999.00,-999.00,-999.00,-999,-999.00,-999,-999.00,-999.00,-999.00,-999,-999.00,-999.00,-999.00,-999.00,1228319.27,8.17,-1.85,3.15,-51.85,-67.10,-59.48,0,1.75,0.00,0.14,161.86,251.02,1521.96,1687.52
Chiroptera,Phyllostomidae,Lonchorhina,marinkellei,lonchorhina marinkellei,-999.00,17.67,59.50,-999.00,-999.00,-999.00,-999.00,-999.00,-999.00,-999.00,-999.00,1.00,-999.00,-999.00,-999.00,-999.00,-999.00,-999.00,-999.00,-999.00,-999.00,-999.00,-999.00,-999.00,-999,2.00,-999,-999.00,-999.00,-999.00,1658;2151;2622;2655,-999.00,-999.00,-999.00,-999.00,88343.63,3.55,-0.18,1.68,-67.95,-70.66,-69.31,0,0.12,0.00,-0.16,262.06,245.04,1555.72,1575.18
Chiroptera,Phyllostomidae,Lonchorhina,orinocensis,lonchorhina orinocensis,-999.00,9.04,43.00,-999.00,-999.00,-999.00,-999.00,-999.00,-999.00,-999.00,-999.00,1.00,-999.00,-999.00,-999.00,-999.00,-999.00,-999.00,-999.00,-999.00,-999.00,-999.00,-999.00,-999.00,-999,2.00,-999,-999.00,-999.00,-999.00,889;1658;2151;2622;2655,-999.00,-999.00,-999.00,-999.00,716241.64,8.81,-0.97,3.92,-65.95,-73.87,-69.91,0,7.82,0.00,0.08,200.58,242.72,1429.46,1578.19
Rodentia,Echimyidae,Lonchothrix,emiliae,lonchothrix emiliae,1.00,138.20,-999.00,-999.00,-999.00,-999.00,-999.00,-999.00,-999.00,-999.00,-999.00,1.00,-999.00,-999.00,-999.00,-999.00,-999.00,-999.00,-999.00,-999.00,-999.00,-999.00,-999.00,1.00,-999,2.00,-999,-999.00,-999.00,-999.00,905;2655,-999.00,-999.00,-999.00,-999.00,380559.19,-1.52,-6.37,-3.94,-51.44,-59.76,-55.60,0,2.69,0.00,0.12,161.06,254.44,1398.13,1600.02
Carnivora,Mustelidae,Lontra,canadensis,lontra canadensis,2.00,8087.42,-999.00,683.10,33.12,730.00,-999.00,-999.00,1.00,225.00,58.40,2.00,14.18,16.95,365.00,2.67,-999.00,300.00,135.94,-999.00,1.12,-999.00,729.99,-999.00,4,1.00,3,121.66,-999.00,-999.00,543;1113;1297;2338;2655,-999.00,1.10,-999.00,-999.00,11887021.15,70.25,24.94,47.60,-52.63,-168.12,-110.38,0,19.38,0.00,0.05,55.55,10.63,431.41,524.75
Carnivora,Mustelidae,Lontra,felina,lontra felina,3.00,11195.36,-999.00,676.55,-999.00,-999.00,-999.00,-999.00,2.00,-999.00,75.97,2.00,-999.00,-999.00,365.00,2.54,-999.00,-999.00,-999.00,-999.00,-999.00,-999.00,-999.00,-999.00,-999,1.00,3,-999.00,-999.00,-999.00,890;1113;1297;2655,-999.00,1.10,-999.00,-999.00,-999.00,-999.00,-999.00,-999.00,-999.00,-999.00,-999.00,-999,-999.00,-999.00,-999.00,-999.00,-999.00,-999.00,-999.00
Carnivora,Mustelidae,Lontra,longicaudis,lontra longicaudis,2.00,6554.97,-999.00,600.05,-999.00,-999.00,-999.00,-999.00,2.00,-999.00,-999.00,3.00,-999.00,-999.00,-999.00,3.69,-999.00,-999.00,-999.00,-999.00,-999.00,-999.00,-999.00,-999.00,-999,1.00,3,-999.00,-999.00,-999.00,890;1113;1297;2151;2655,-999.00,-999.00,-999.00,-999.00,12885820.36,25.29,-37.30,-6.00,-39.64,-106.31,-72.98,0,24.64,0.00,0.11,148.59,235.06,1287.48,1497.63
Carnivora,Mustelidae,Lontra,provocax,lontra provocax,-999.00,7499.98,-999.00,588.17,-999.00,-999.00,-999.00,-999.00,2.00,-999.00,-999.00,2.00,-999.00,-999.00,-999.00,-999.00,-999.00,-999.00,-999.00,-999.00,-999.00,-999.00,-999.00,-999.00,-999,1.00,3,-999.00,-999.00,-999.00,890;1113;2655,-999.00,-999.00,-999.00,-999.00,804793.49,-38.33,-55.72,-47.02,-63.02,-75.47,-69.24,0,3.79,0.00,0.16,53.46,75.30,360.22,591.17
Rodentia,Cricetidae,Lophiomys,imhausi,lophiomys imhausi,-999.00,755.00,-999.00,-999.00,-999.00,-999.00,-999.00,-999.00,-999.00,-999.00,-999.00,-999.00,-999.00,-999.00,-999.00,1.58,-999.00,90.00,-999.00,-999.00,-999.00,-999.00,-999.00,-999.00,-999,-999.00,-999,39.70,-999.00,-999.00,543;1297;2655,-999.00,-999.00,-999.00,-999.00,2277318.80,19.76,-6.07,6.84,50.75,30.23,40.49,1,40.59,2.00,0.11,55.46,227.47,705.76,1578.92
Primates,Cercopithecidae,Lophocebus,albigena,lophocebus albigena,3.00,7418.71,-999.00,521.55,-999.00,1474.60,-999.00,-999.00,3.00,-999.00,182.64,1.00,1.98,4.10,770.15,1.01,-999.00,392.40,498.58,-999.00,14.86,17.00,2525.48,16.00,-999,2.00,2,211.71,2170.00,-999.00,208;543;730;904;1297;1347;1544;1547;1611;1763;1767;1848;1979;2344;2463;2489;2493;2655;2660;2878;2986,-999.00,0.75,-999.00,-999.00,2003865.93,6.46,-6.02,0.22,33.29,7.92,20.61,0,28.65,1.00,0.09,141.68,238.19,1349.50,1566.87
Primates,Cercopithecidae,Lophocebus,aterrimus,lophocebus aterrimus,3.00,6510.37,-999.00,510.00,-999.00,-999.00,-999.00,-999.00,-999.00,-999.00,-999.00,-999.00,0.34,0.57,-999.00,-999.00,-999.00,321.60,-999.00,-999.00,-999.00,17.30,-999.00,17.50,-999,-999.00,-999,-999.00,-999.00,-999.00,543;1347;1544;1547;1848;2151;2344,-999.00,-999.00,-999.00,-999.00,535514.76,1.99,-5.30,-1.65,25.77,16.30,21.03,2,9.14,3.00,0.17,157.81,250.79,1520.09,1594.85
Primates,Cercopithecidae,Lophocebus,opdenboschi,lophocebus opdenboschi,-999.00,-999.00,-999.00,-999.00,-999.00,-999.00,-999.00,-999.00,-999.00,-999.00,-999.00,-999.00,-999.00,-999.00,-999.00,-999.00,-999.00,-999.00,-999.00,-999.00,-999.00,-999.00,-999.00,-999.00,-999,-999.00,-999,-999.00,-999.00,-999.00,-999,-999.00,-999.00,-999.00,-999.00,112366.23,-3.13,-6.26,-4.70,21.07,16.20,18.63,6,23.65,6.00,0.16,133.26,243.23,1316.81,1535.83
Chiroptera,Phyllostomidae,Lophostoma,brasiliense,lophostoma brasiliense,-999.00,9.76,36.50,-999.00,-999.00,-999.00,-999.00,-999.00,2.00,-999.00,-999.00,2.00,-999.00,-999.00,-999.00,0.98,-999.00,-999.00,-999.00,-999.00,-999.00,-999.00,-999.00,-999.00,-999,2.00,2,-999.00,-999.00,-999.00,889;1297;1658;2151;2622;2655,-999.00,-999.00,-999.00,-999.00,8518317.74,19.31,-19.19,0.05,-34.79,-94.70,-64.74,0,20.88,0.00,0.12,162.48,242.69,1359.92,1586.93
Chiroptera,Phyllostomidae,Lophostoma,carrikeri,lophostoma carrikeri,-999.00,22.35,46.50,-999.00,-999.00,-999.00,-999.00,-999.00,2.00,-999.00,-999.00,2.00,-999.00,-999.00,-999.00,-999.00,2.00,-999.00,-999.00,-999.00,-999.00,-999.00,-999.00,-999.00,-999,2.00,2,-999.00,-999.00,-999.00,889;890;1185;1658;1921;2151;2655;3023,-999.00,-999.00,-999.00,-999.00,4265102.57,10.01,-13.27,-1.63,-51.64,-75.10,-63.37,0,2.37,0.00,0.13,181.00,252.76,1475.48,1615.57
Chiroptera,Phyllostomidae,Lophostoma,evotis,lophostoma evotis,-999.00,20.58,49.97,-999.00,-999.00,-999.00,-999.00,-999.00,2.00,-999.00,-999.00,1.00,-999.00,-999.00,-999.00,1.00,1.00,-999.00,-999.00,-999.00,-999.00,-999.00,-999.00,-999.00,-999,2.00,2,-999.00,-999.00,-999.00,752;889;1658;1968;2151;2655,-999.00,-999.00,-999.00,-999.00,243008.88,20.51,14.53,17.52,-83.28,-94.62,-88.95,2,32.69,3.00,0.19,150.71,244.83,1375.34,1605.37
Chiroptera,Phyllostomidae,Lophostoma,schulzi,lophostoma schulzi,-999.00,18.02,42.61,-999.00,-999.00,-999.00,-999.00,-999.00,2.00,-999.00,-999.00,1.00,-999.00,-999.00,-999.00,-999.00,-999.00,-999.00,-999.00,-999.00,-999.00,-999.00,-999.00,-999.00,-999,2.00,2,-999.00,-999.00,-999.00,196;889;1185;1658;2151;2655,-999.00,-999.00,-999.00,-999.00,634752.23,6.00,-1.04,2.47,-50.49,-59.93,-55.21,0,1.87,0.00,0.07,165.59,253.12,1447.72,1704.97
Chiroptera,Phyllostomidae,Lophostoma,silvicolum,lophostoma silvicolum,-999.00,32.29,54.50,-999.00,-999.00,-999.00,-999.00,-999.00,2.00,-999.00,-999.00,2.00,-999.00,-999.00,-999.00,0.99,2.00,-999.00,-999.00,-999.00,-999.00,12.00,-999.00,-999.00,-999,2.00,2,-999.00,-999.00,-999.00,108;196;752;889;1297;1658;1968;2151;2655,-999.00,-999.00,-999.00,-999.00,13507762.32,15.43,-26.74,-5.65,-34.79,-86.30,-60.54,0,24.04,0.00,0.11,148.53,236.10,1276.66,1519.56
Rodentia,Muridae,Lophuromys,angolensis,lophuromys angolensis,-999.00,-999.00,-999.00,-999.00,-999.00,-999.00,-999.00,-999.00,-999.00,-999.00,-999.00,-999.00,-999.00,-999.00,-999.00,-999.00,-999.00,-999.00,-999.00,-999.00,-999.00,-999.00,-999.00,-999.00,-999,-999.00,-999,-999.00,-999.00,-999.00,-999,-999.00,-999.00,-999.00,-999.00,-999.00,-999.00,-999.00,-999.00,-999.00,-999.00,-999.00,-999,-999.00,-999.00,-999.00,-999.00,-999.00,-999.00,-999.00
Rodentia,Muridae,Lophuromys,ansorgei,lophuromys ansorgei,-999.00,-999.00,-999.00,-999.00,-999.00,-999.00,-999.00,-999.00,-999.00,-999.00,-999.00,-999.00,-999.00,-999.00,-999.00,-999.00,-999.00,-999.00,-999.00,-999.00,-999.00,-999.00,-999.00,-999.00,-999,-999.00,-999,-999.00,-999.00,-999.00,-999,-999.00,-999.00,-999.00,-999.00,-999.00,-999.00,-999.00,-999.00,-999.00,-999.00,-999.00,-999,-999.00,-999.00,-999.00,-999.00,-999.00,-999.00,-999.00
Rodentia,Muridae,Lophuromys,aquilus,lophuromys aquilus,-999.00,-999.00,-999.00,-999.00,-999.00,-999.00,-999.00,-999.00,-999.00,-999.00,-999.00,-999.00,-999.00,-999.00,-999.00,-999.00,-999.00,-999.00,-999.00,-999.00,-999.00,-999.00,-999.00,-999.00,-999,-999.00,-999,-999.00,-999.00,-999.00,-999,-999.00,-999.00,-999.00,-999.00,4430832.32,3.71,-16.45,-6.37,40.84,12.52,26.68,0,36.31,2.00,0.17,111.32,228.63,1123.40,1540.26
Rodentia,Muridae,Lophuromys,brevicaudus,lophuromys brevicaudus,-999.00,-999.00,-999.00,-999.00,-999.00,-999.00,-999.00,-999.00,-999.00,-999.00,-999.00,-999.00,-999.00,-999.00,-999.00,-999.00,-999.00,-999.00,-999.00,-999.00,-999.00,-999.00,-999.00,-999.00,-999,-999.00,-999,-999.00,-999.00,-999.00,-999,-999.00,-999.00,-999.00,-999.00,-999.00,-999.00,-999.00,-999.00,-999.00,-999.00,-999.00,-999,-999.00,-999.00,-999.00,-999.00,-999.00,-999.00,-999.00
Rodentia,Muridae,Lophuromys,brunneus,lophuromys brunneus,-999.00,-999.00,-999.00,-999.00,-999.00,-999.00,-999.00,-999.00,-999.00,-999.00,-999.00,-999.00,-999.00,-999.00,-999.00,-999.00,-999.00,-999.00,-999.00,-999.00,-999.00,-999.00,-999.00,-999.00,-999,-999.00,-999,-999.00,-999.00,-999.00,-999,-999.00,-999.00,-999.00,-999.00,-999.00,-999.00,-999.00,-999.00,-999.00,-999.00,-999.00,-999,-999.00,-999.00,-999.00,-999.00,-999.00,-999.00,-999.00
Rodentia,Muridae,Lophuromys,chrysopus,lophuromys chrysopus,-999.00,-999.00,-999.00,-999.00,-999.00,-999.00,-999.00,-999.00,-999.00,-999.00,-999.00,-999.00,-999.00,-999.00,-999.00,-999.00,-999.00,-999.00,-999.00,-999.00,-999.00,-999.00,-999.00,-999.00,-999,-999.00,-999,-999.00,-999.00,-999.00,-999,-999.00,-999.00,-999.00,-999.00,478180.94,13.04,4.81,8.93,44.38,34.99,39.68,3,69.40,4.00,0.14,85.07,175.16,931.43,1451.82
Rodentia,Muridae,Lophuromys,dieterleni,lophuromys dieterleni,-999.00,-999.00,-999.00,-999.00,-999.00,-999.00,-999.00,-999.00,-999.00,-999.00,-999.00,-999.00,-999.00,-999.00,-999.00,-999.00,-999.00,-999.00,-999.00,-999.00,-999.00,-999.00,-999.00,-999.00,-999,-999.00,-999,-999.00,-999.00,-999.00,-999,-999.00,-999.00,-999.00,-999.00,-999.00,-999.00,-999.00,-999.00,-999.00,-999.00,-999.00,-999,-999.00,-999.00,-999.00,-999.00,-999.00,-999.00,-999.00
Rodentia,Muridae,Lophuromys,dudui,lophuromys dudui,-999.00,-999.00,-999.00,-999.00,-999.00,-999.00,-999.00,-999.00,-999.00,-999.00,-999.00,-999.00,-999.00,-999.00,-999.00,-999.00,-999.00,-999.00,-999.00,-999.00,-999.00,-999.00,-999.00,-999.00,-999,-999.00,-999,-999.00,-999.00,-999.00,-999,-999.00,-999.00,-999.00,-999.00,-999.00,-999.00,-999.00,-999.00,-999.00,-999.00,-999.00,-999,-999.00,-999.00,-999.00,-999.00,-999.00,-999.00,-999.00
Rodentia,Muridae,Lophuromys,eisentrauti,lophuromys eisentrauti,-999.00,-999.00,-999.00,-999.00,-999.00,-999.00,-999.00,-999.00,-999.00,-999.00,-999.00,-999.00,-999.00,-999.00,-999.00,-999.00,-999.00,-999.00,-999.00,-999.00,-999.00,-999.00,-999.00,-999.00,-999,-999.00,-999,-999.00,-999.00,-999.00,-999,-999.00,-999.00,-999.00,-999.00,-999.00,-999.00,-999.00,-999.00,-999.00,-999.00,-999.00,-999,-999.00,-999.00,-999.00,-999.00,-999.00,-999.00,-999.00
Rodentia,Muridae,Lophuromys,flavopunctatus,lophuromys flavopunctatus,-999.00,57.07,-999.00,122.10,5.75,-999.00,-999.00,-999.00,-999.00,-999.00,30.70,-999.00,-999.00,-999.00,-999.00,2.30,-999.00,-999.00,6.50,48.00,835.93,-999.00,61.02,-999.00,-999,-999.00,-999,42.72,15.49,-999.00,456;730;773;1243;1297;1399;2655,-999.00,-999.00,-999.00,-999.00,-999.00,-999.00,-999.00,-999.00,-999.00,-999.00,-999.00,-999,-999.00,-999.00,-999.00,-999.00,-999.00,-999.00,-999.00
Rodentia,Muridae,Lophuromys,huttereri,lophuromys huttereri,-999.00,-999.00,-999.00,-999.00,-999.00,-999.00,-999.00,-999.00,-999.00,-999.00,-999.00,-999.00,-999.00,-999.00,-999.00,-999.00,-999.00,-999.00,-999.00,-999.00,-999.00,-999.00,-999.00,-999.00,-999,-999.00,-999,-999.00,-999.00,-999.00,-999,-999.00,-999.00,-999.00,-999.00,-999.00,-999.00,-999.00,-999.00,-999.00,-999.00,-999.00,-999,-999.00,-999.00,-999.00,-999.00,-999.00,-999.00,-999.00
Rodentia,Muridae,Lophuromys,luteogaster,lophuromys luteogaster,-999.00,-999.00,-999.00,-999.00,-999.00,-999.00,-999.00,-999.00,-999.00,-999.00,-999.00,-999.00,-999.00,-999.00,-999.00,1.00,-999.00,-999.00,-999.00,-999.00,-999.00,-999.00,-999.00,-999.00,-999,-999.00,-999,-999.00,-999.00,-999.00,1297;2361,-999.00,-999.00,-999.00,-999.00,121605.51,2.86,-2.57,0.14,29.98,26.88,28.43,1,32.71,1.00,0.18,139.90,223.67,1510.30,1588.99
Rodentia,Muridae,Lophuromys,medicaudatus,lophuromys medicaudatus,-999.00,-999.00,-999.00,-999.00,-999.00,-999.00,-999.00,-999.00,-999.00,-999.00,-999.00,-999.00,-999.00,-999.00,-999.00,-999.00,-999.00,-999.00,-999.00,-999.00,-999.00,-999.00,-999.00,-999.00,-999,-999.00,-999,-999.00,-999.00,-999.00,-999,-999.00,-999.00,-999.00,-999.00,44946.37,-1.31,-4.92,-3.11,29.91,28.24,29.07,7,144.63,17.00,0.11,100.43,185.72,1342.40,1526.61
Rodentia,Muridae,Lophuromys,melanonyx,lophuromys melanonyx,-999.00,10.20,-999.00,-999.00,-999.00,-999.00,-999.00,-999.00,-999.00,-999.00,-999.00,-999.00,-999.00,-999.00,-999.00,-999.00,-999.00,-999.00,-999.00,-999.00,-999.00,-999.00,-999.00,-999.00,-999,-999.00,-999,-999.00,-999.00,-999.00,2655,-999.00,-999.00,-999.00,-999.00,19567.01,7.93,5.99,6.96,40.04,38.99,39.52,5,55.72,5.00,0.13,68.76,34.35,976.37,1404.45
Rodentia,Muridae,Lophuromys,nudicaudus,lophuromys nudicaudus,-999.00,32.59,-999.00,-999.00,-999.00,-999.00,-999.00,-999.00,-999.00,-999.00,-999.00,-999.00,-999.00,-999.00,-999.00,1.55,-999.00,-999.00,-999.00,-999.00,-999.00,-999.00,-999.00,-999.00,-999,-999.00,-999,-999.00,-999.00,-999.00,1297;2399,-999.00,-999.00,-999.00,-999.00,297751.58,5.22,-4.34,0.43,14.73,8.16,11.45,1,21.76,1.00,0.05,171.30,241.24,1284.35,1510.17
Rodentia,Muridae,Lophuromys,rahmi,lophuromys rahmi,-999.00,-999.00,-999.00,-999.00,-999.00,-999.00,-999.00,-999.00,-999.00,-999.00,-999.00,-999.00,-999.00,-999.00,-999.00,1.94,-999.00,-999.00,-999.00,-999.00,-999.00,-999.00,-999.00,-999.00,-999,-999.00,-999,-999.00,-999.00,-999.00,1297,-999.00,-999.00,-999.00,-999.00,53044.48,-1.22,-4.81,-3.02,29.84,28.07,28.95,7,144.63,17.00,0.11,100.43,185.72,1342.40,1526.61
Rodentia,Muridae,Lophuromys,roseveari,lophuromys roseveari,-999.00,-999.00,-999.00,-999.00,-999.00,-999.00,-999.00,-999.00,-999.00,-999.00,-999.00,-999.00,-999.00,-999.00,-999.00,-999.00,-999.00,-999.00,-999.00,-999.00,-999.00,-999.00,-999.00,-999.00,-999,-999.00,-999,-999.00,-999.00,-999.00,-999,-999.00,-999.00,-999.00,-999.00,-999.00,-999.00,-999.00,-999.00,-999.00,-999.00,-999.00,-999,-999.00,-999.00,-999.00,-999.00,-999.00,-999.00,-999.00
Rodentia,Muridae,Lophuromys,sikapusi,lophuromys sikapusi,-999.00,62.72,-999.00,118.07,-999.00,-999.00,-999.00,-999.00,-999.00,-999.00,-999.00,-999.00,1.594146e-03,1.906189e-03,-999.00,3.00,-999.00,-999.00,7.80,-999.00,213.00,-999.00,-999.00,-999.00,-999,-999.00,-999,13.67,13.61,-999.00,730;1254;1256;1297;2112;2655,-999.00,-999.00,-999.00,-999.00,-999.00,-999.00,-999.00,-999.00,-999.00,-999.00,-999.00,-999,-999.00,-999.00,-999.00,-999.00,-999.00,-999.00,-999.00
Rodentia,Muridae,Lophuromys,verhageni,lophuromys verhageni,-999.00,-999.00,-999.00,-999.00,-999.00,-999.00,-999.00,-999.00,-999.00,-999.00,-999.00,-999.00,-999.00,-999.00,-999.00,-999.00,-999.00,-999.00,-999.00,-999.00,-999.00,-999.00,-999.00,-999.00,-999,-999.00,-999,-999.00,-999.00,-999.00,-999,-999.00,-999.00,-999.00,-999.00,-999.00,-999.00,-999.00,-999.00,-999.00,-999.00,-999.00,-999,-999.00,-999.00,-999.00,-999.00,-999.00,-999.00,-999.00
Rodentia,Muridae,Lophuromys,woosnami,lophuromys woosnami,-999.00,42.14,-999.00,-999.00,-999.00,-999.00,-999.00,-999.00,-999.00,-999.00,32.00,-999.00,-999.00,-999.00,-999.00,1.97,-999.00,-999.00,9.50,-999.00,-999.00,-999.00,-999.00,-999.00,-999,-999.00,-999,-999.00,-999.00,-999.00,1297;2361;2655,-999.00,-999.00,-999.00,-999.00,91746.47,1.57,-5.00,-1.71,31.76,28.28,30.02,12,129.01,20.00,0.11,98.83,196.33,1310.99,1529.68
Rodentia,Muridae,Lophuromys,zena,lophuromys zena,-999.00,-999.00,-999.00,-999.00,-999.00,-999.00,-999.00,-999.00,-999.00,-999.00,-999.00,-999.00,-999.00,-999.00,-999.00,-999.00,-999.00,-999.00,-999.00,-999.00,-999.00,-999.00,-999.00,-999.00,-999,-999.00,-999,-999.00,-999.00,-999.00,-999,-999.00,-999.00,-999.00,-999.00,-999.00,-999.00,-999.00,-999.00,-999.00,-999.00,-999.00,-999,-999.00,-999.00,-999.00,-999.00,-999.00,-999.00,-999.00
Rodentia,Muridae,Lorentzimys,nouhuysi,lorentzimys nouhuysi,2.00,14.44,-999.00,81.57,-999.00,-999.00,-999.00,-999.00,5.00,-999.00,-999.00,2.00,-999.00,-999.00,-999.00,2.75,-999.00,-999.00,-999.00,-999.00,-999.00,-999.00,-999.00,4.00,6,2.00,2,-999.00,-999.00,-999.00,456;977;1297;1461;2152;2655;2803,-999.00,-999.00,-999.00,-999.00,193622.18,-3.32,-10.35,-6.84,149.61,138.29,143.95,1,11.00,2.00,0.15,271.15,203.23,1671.39,1686.62
Primates,Lorisidae,Loris,lydekkerianus,loris lydekkerianus,-999.00,254.06,-999.00,-999.00,-999.00,-999.00,-999.00,-999.00,-999.00,-999.00,-999.00,-999.00,-999.00,-999.00,-999.00,-999.00,-999.00,-999.00,-999.00,-999.00,-999.00,-999.00,-999.00,-999.00,-999,-999.00,-999,-999.00,-999.00,-999.00,1547,-999.00,-999.00,-999.00,-999.00,481306.48,21.22,6.28,13.75,82.27,72.65,77.46,59,461.23,104.00,0.07,112.22,263.96,941.27,1627.70
Primates,Lorisidae,Loris,tardigradus,loris tardigradus,1.00,249.22,-999.00,224.49,-999.00,547.50,284.00,128.00,4.00,-999.00,165.99,1.00,7.059681e-03,0.01,182.50,1.44,-999.00,196.80,11.00,-999.00,72.29,-999.00,350.76,1.00,-999,2.00,2,167.49,139.00,-999.00,208;223;511;543;730;1015;1297;1544;1547;1577;1848;2151;2344;2489;2493;2511;2655;2660;2986,-999.00,1.56,-999.00,-999.00,9633.79,7.59,5.91,6.75,81.01,79.79,80.40,159,613.16,159.00,0.03,147.27,252.28,1550.45,1554.95
Proboscidea,Elephantidae,Loxodonta,africana,loxodonta africana,3.00,3824539.93,-999.00,-999.00,0.00,3467.50,-999.00,-999.00,4.00,-999.00,660.00,1.00,587.53,1284.09,1825.00,0.84,-999.00,960.00,105000.00,1198.63,6.72,-999.00,4977.64,19.50,2,1.00,1,1088.80,550616.56,-999.00,511;543;730;854;899;931;1297;1573;1577;1745;1763;2195;2313;2338;2655;2755;2820;2949;2986,-999.00,0.48,-999.00,-999.00,4233287.94,16.36,-33.56,-8.60,41.93,-13.90,14.01,0,19.03,1.00,0.15,83.39,231.48,910.08,1531.04
Proboscidea,Elephantidae,Loxodonta,cyclotis,loxodonta cyclotis,2.00,4750000.01,-999.00,-999.00,-999.00,-999.00,-999.00,-999.00,4.00,-999.00,-999.00,1.00,-999.00,-999.00,-999.00,-999.00,-999.00,-999.00,-999.00,-999.00,-999.00,-999.00,-999.00,3.40,-999,1.00,1,-999.00,-999.00,-999.00,904;1874;2607;2832,-999.00,-999.00,-999.00,-999.00,4650333.37,10.40,-8.66,0.86,31.26,-12.29,9.48,0,32.12,1.00,0.12,137.12,245.63,1272.04,1564.99
Rodentia,Cricetidae,Loxodontomys,micropus,loxodontomys micropus,1.00,70.76,-999.00,-999.00,-999.00,-999.00,97.81,62.30,6.00,-999.00,-999.00,3.00,-999.00,-999.00,-999.00,4.16,-999.00,-999.00,-999.00,-999.00,227.64,-999.00,68.97,-999.00,-999,2.00,2,-999.00,-999.00,-999.00,424;730;890;1297;1822;2008;2242;2655,-999.00,-999.00,-999.00,-999.00,348628.73,-32.56,-53.35,-42.96,-69.78,-74.05,-71.91,0,22.22,0.00,0.09,69.99,63.22,472.83,681.65
Rodentia,Cricetidae,Loxodontomys,pikumche,loxodontomys pikumche,-999.00,-999.00,-999.00,-999.00,-999.00,-999.00,-999.00,-999.00,-999.00,-999.00,-999.00,-999.00,-999.00,-999.00,-999.00,-999.00,-999.00,-999.00,-999.00,-999.00,-999.00,-999.00,-999.00,-999.00,-999,-999.00,-999,-999.00,-999.00,-999.00,-999,-999.00,-999.00,-999.00,-999.00,-999.00,-999.00,-999.00,-999.00,-999.00,-999.00,-999.00,-999,-999.00,-999.00,-999.00,-999.00,-999.00,-999.00,-999.00
Rodentia,Cricetidae,Lundomys,molitor,lundomys molitor,2.00,238.49,-999.00,-999.00,-999.00,-999.00,-999.00,-999.00,-999.00,-999.00,-999.00,2.00,-999.00,-999.00,-999.00,2.91,-999.00,-999.00,-999.00,-999.00,-999.00,-999.00,-999.00,1.00,-999,1.00,-999,-999.00,-999.00,-999.00,890;905;1297;2655,-999.00,-999.00,-999.00,-999.00,53868.95,-32.90,-34.89,-33.89,-53.55,-59.54,-56.54,6,38.66,6.00,0.05,85.78,161.53,931.85,1107.39
Carnivora,Mustelidae,Lutra,lutra,lutra lutra,1.00,8868.69,-999.00,687.94,35.87,-999.00,4005.00,8900.00,1.00,238.00,64.27,2.00,21.31,25.48,365.00,2.01,1.00,264.00,284.99,-999.00,0.85,-999.00,700.76,-999.00,6,1.00,3,100.80,-999.00,-999.00,367;543;1113;1297;2655;2986,-999.00,-999.00,-999.00,-999.00,25877469.45,64.16,-8.78,27.69,155.48,-10.47,72.50,0,102.46,0.00,0.03,56.63,50.26,507.32,696.82
Carnivora,Mustelidae,Lutra,nippon,lutra nippon,-999.00,-999.00,-999.00,-999.00,-999.00,-999.00,-999.00,-999.00,-999.00,-999.00,-999.00,-999.00,-999.00,-999.00,-999.00,-999.00,-999.00,-999.00,-999.00,-999.00,-999.00,-999.00,-999.00,-999.00,-999,-999.00,-999,-999.00,-999.00,-999.00,-999,-999.00,-999.00,-999.00,-999.00,305747.47,45.52,33.42,39.47,145.82,130.86,138.34,56,323.22,73.00,0.01,125.10,83.36,743.50,799.35
Carnivora,Mustelidae,Lutra,sumatrana,lutra sumatrana,-999.00,5970.68,-999.00,762.81,-999.00,-999.00,-999.00,-999.00,1.00,-999.00,-999.00,2.00,-999.00,-999.00,-999.00,-999.00,-999.00,-999.00,-999.00,-999.00,-999.00,-999.00,-999.00,-999.00,4,1.00,3,-999.00,-999.00,-999.00,1113;2655,-999.00,-999.00,-999.00,-999.00,1333065.92,14.55,-8.78,2.88,119.26,95.18,107.22,1,181.06,4.00,0.13,228.88,249.18,1579.04,1721.86
Didelphimorphia,Didelphidae,Lutreolina,crassicaudata,lutreolina crassicaudata,1.00,554.77,-999.00,324.99,-999.00,-999.00,406.00,812.00,2.00,-999.00,14.00,3.00,1.430339e-03,1.877347e-03,-999.00,7.71,2.00,36.00,-999.00,-999.00,-999.00,-999.00,-999.00,-999.00,9,2.00,3,-999.00,-999.00,-999.00,543;889;890;1297;1412;1760;1822;1890;2151;2655,-999.00,-999.00,-999.00,-999.00,1895557.08,10.22,-38.97,-14.37,-50.41,-66.13,-58.27,0,23.41,0.00,0.08,105.01,196.48,1143.42,1307.00
Carnivora,Mustelidae,Lutrogale,perspicillata,lutrogale perspicillata,-999.00,8912.49,-999.00,787.64,-999.00,-999.00,-999.00,-999.00,2.00,-999.00,63.31,2.00,5.31,6.35,-999.00,3.24,-999.00,180.00,-999.00,-999.00,4.42,-999.00,943.94,-999.00,-999,1.00,3,72.53,-999.00,-999.00,730;1015;1113;1297;2655,-999.00,-999.00,-999.00,-999.00,5506788.05,32.54,-8.78,11.88,119.26,46.31,82.79,1,236.22,9.00,0.11,154.44,247.08,1084.91,1534.95
Carnivora,Canidae,Lycalopex,culpaeus,lycalopex culpaeus,1.00,8616.24,-999.00,720.34,-999.00,-999.00,-999.00,-999.00,2.00,-999.00,58.72,1.00,5.05,5.35,365.00,4.88,-999.00,-999.00,167.99,-999.00,1.01,-999.00,377.37,-999.00,-999,1.00,3,48.22,-999.00,-999.00,890;1113;1297;1473;1573;2655,-999.00,1.10,-999.00,-999.00,2809619.42,1.65,-55.05,-26.69,-63.10,-80.11,-71.61,0,17.94,0.00,0.09,56.20,88.75,553.71,1078.14
Carnivora,Canidae,Lycalopex,fulvipes,lycalopex fulvipes,-999.00,-999.00,-999.00,-999.00,-999.00,-999.00,-999.00,-999.00,-999.00,-999.00,-999.00,-999.00,-999.00,-999.00,-999.00,-999.00,-999.00,-999.00,-999.00,-999.00,-999.00,-999.00,-999.00,-999.00,-999,-999.00,-999,-999.00,-999.00,-999.00,-999,-999.00,-999.00,-999.00,-999.00,8795.59,-37.38,-43.43,-40.40,-72.95,-74.41,-73.68,2,24.53,2.00,0.08,153.53,104.98,611.58,802.69
Carnivora,Canidae,Lycalopex,griseus,lycalopex griseus,-999.00,-999.00,-999.00,-999.00,-999.00,-999.00,-999.00,-999.00,-999.00,-999.00,-999.00,-999.00,-999.00,-999.00,-999.00,-999.00,-999.00,-999.00,-999.00,-999.00,-999.00,-999.00,-999.00,-999.00,-999,-999.00,-999,-999.00,-999.00,-999.00,-999,-999.00,-999.00,-999.00,-999.00,1620863.23,-22.75,-55.06,-38.90,-60.77,-75.69,-68.23,0,12.37,0.00,0.10,49.69,111.39,432.37,794.76
Carnivora,Canidae,Lycalopex,gymnocercus,lycalopex gymnocercus,1.00,4542.67,-999.00,619.15,-999.00,-999.00,-999.00,-999.00,7.00,-999.00,59.23,1.00,-999.00,-999.00,365.00,3.09,-999.00,164.40,-999.00,-999.00,-999.00,-999.00,-999.00,-999.00,-999,1.00,2,-999.00,-999.00,-999.00,543;890;1113;1297;2655,-999.00,1.10,-999.00,-999.00,2321073.61,-13.17,-39.36,-26.27,-48.75,-69.29,-59.02,0,22.93,1.00,0.09,85.30,185.33,945.13,1155.87
Carnivora,Canidae,Lycalopex,sechurae,lycalopex sechurae,1.00,4234.00,-999.00,558.91,-999.00,-999.00,-999.00,-999.00,7.00,-999.00,-999.00,1.00,-999.00,-999.00,-999.00,-999.00,-999.00,-999.00,-999.00,-999.00,-999.00,-999.00,-999.00,-999.00,-999,1.00,2,-999.00,-999.00,-999.00,890;1113;2655,-999.00,-999.00,-999.00,-999.00,75180.74,-3.32,-12.96,-8.14,-76.19,-81.35,-78.77,0,142.69,7.00,0.09,15.00,169.29,462.66,1328.54
Carnivora,Canidae,Lycalopex,vetulus,lycalopex vetulus,-999.00,4233.47,-999.00,600.05,-999.00,-999.00,-999.00,-999.00,6.00,-999.00,-999.00,1.00,-999.00,-999.00,365.00,3.00,-999.00,-999.00,-999.00,-999.00,-999.00,-999.00,-999.00,-999.00,-999,1.00,2,-999.00,-999.00,-999.00,890;1113;2655,-999.00,1.10,-999.00,-999.00,1486644.88,-5.97,-23.15,-14.56,-38.87,-52.47,-45.67,0,18.02,1.00,0.07,112.46,230.14,1052.23,1448.52
Carnivora,Canidae,Lycaon,pictus,lycaon pictus,3.00,21999.99,-999.00,923.86,11.94,927.70,10259.65,15375.00,1.00,390.00,71.18,1.00,395.88,816.68,355.87,8.10,-999.00,132.00,297.45,-999.00,0.01,-999.00,817.15,-999.00,12,1.00,3,27.28,-999.00,-999.00,367;542;543;730;1113;1297;1573;1822;2655,-999.00,1.11,-999.00,-999.00,10539675.81,21.76,-27.25,-2.74,51.41,-14.53,18.43,0,27.77,0.00,0.13,68.95,235.55,764.56,1541.31
Carnivora,Mustelidae,Lyncodon,patagonicus,lyncodon patagonicus,2.00,225.00,-999.00,323.41,-999.00,-999.00,-999.00,-999.00,-999.00,-999.00,-999.00,1.00,-999.00,-999.00,-999.00,-999.00,-999.00,-999.00,-999.00,-999.00,-999.00,-999.00,-999.00,-999.00,6,1.00,-999,-999.00,-999.00,-999.00,1113;2655,-999.00,-999.00,-999.00,-999.00,834663.98,-25.91,-51.90,-38.91,-65.39,-72.69,-69.04,0,4.91,0.00,0.11,29.73,100.22,383.03,786.29
Carnivora,Felidae,Lynx,canadensis,lynx canadensis,1.00,9682.82,-999.00,702.30,14.00,-999.00,-999.00,-999.00,1.00,-999.00,62.50,1.00,30.60,32.79,365.00,2.73,-999.00,321.00,204.00,-999.00,0.05,-999.00,672.90,-999.00,-999,1.00,3,111.36,-999.00,-999.00,542;730;1113;1297;1573;2655,-999.00,1.10,-999.00,-999.00,8252985.31,70.56,37.09,53.82,-52.63,-162.94,-107.79,0,3.31,0.00,0.04,43.45,-31.76,322.76,386.88
Carnivora,Felidae,Lynx,lynx,lynx lynx,2.00,19300.00,-999.00,851.20,11.94,-999.00,-999.00,-999.00,1.00,239.99,66.99,1.00,136.35,137.96,365.00,2.30,1.00,321.60,289.00,-999.00,0.02,-999.00,739.52,-999.00,-999,1.00,3,81.85,-999.00,-999.00,542;543;730;1113;1297;1573;2338;2655,-999.00,-999.00,-999.00,-999.00,23827627.14,70.88,27.03,48.95,176.02,7.15,91.58,0,36.26,0.00,0.02,38.38,-17.24,346.68,538.37
Carnivora,Felidae,Lynx,pardinus,lynx pardinus,-999.00,11050.00,-999.00,960.08,-999.00,-999.00,-999.00,-999.00,1.00,-999.00,69.44,1.00,7.19,7.20,-999.00,2.50,-999.00,-999.00,-999.00,-999.00,0.32,-999.00,-999.00,-999.00,-999,1.00,3,-999.00,-999.00,-999.00,542;1113;1297;1573;2655,-999.00,-999.00,-999.00,-999.00,27058.50,43.05,36.84,39.94,2.43,-8.26,-2.91,5,36.98,10.00,-3.11962891277342e-03,48.41,133.69,474.50,972.28
Carnivora,Felidae,Lynx,rufus,lynx rufus,2.00,6374.47,-999.00,689.81,8.00,547.50,2665.20,6200.00,1.00,365.00,59.99,1.00,31.20,33.36,365.00,2.76,-999.00,388.00,300.00,-999.00,0.10,-999.00,668.22,-999.00,-999,1.00,3,59.99,-999.00,-999.00,367;542;543;1113;1297;1573;2338;2620;2655,-999.00,1.10,-999.00,-999.00,9702533.02,58.81,16.69,37.75,-60.96,-127.70,-94.33,0,30.70,0.00,0.06,53.72,108.31,579.21,906.09
Primates,Cercopithecidae,Macaca,arctoides,macaca arctoides,3.00,9358.04,-999.00,599.99,-999.00,1551.25,-999.00,-999.00,1.00,-999.00,176.60,-999.00,-999.00,-999.00,544.60,1.01,-999.00,360.00,488.99,-999.00,-999.00,-999.00,1570.01,-999.00,-999,-999.00,1,377.66,2300.00,-999.00,208;543;1297;1544;1547;1577;1611;1767;1768;1848;2344;2489;2493;2655;2660,-999.00,0.89,-999.00,-999.00,1236024.14,28.45,5.87,17.16,114.17,89.98,102.07,1,159.91,6.00,0.08,164.32,196.31,1129.58,1353.94
Primates,Cercopithecidae,Macaca,assamensis,macaca assamensis,3.00,8546.89,-999.00,605.00,-999.00,-999.00,-999.00,-999.00,-999.00,-999.00,-999.00,-999.00,-999.00,-999.00,-999.00,-999.00,-999.00,-999.00,-999.00,-999.00,-999.00,-999.00,-999.00,21.00,-999,-999.00,-999,-999.00,-999.00,-999.00,1544;1547;1848;1979;2344;2655,-999.00,-999.00,-999.00,-999.00,1383530.10,31.08,14.93,23.01,110.95,83.42,97.19,1,100.29,2.00,0.08,147.56,142.16,1020.56,1260.02
Primates,Cercopithecidae,Macaca,cyclopis,macaca cyclopis,3.00,5748.94,-999.00,560.00,-999.00,-999.00,-999.00,-999.00,-999.00,-999.00,161.06,-999.00,-999.00,-999.00,462.33,1.00,-999.00,-999.00,399.86,-999.00,-999.00,-999.00,1650.01,20.20,-999,-999.00,-999,205.24,-999.00,-999.00,1297;1544;1547;1767;1848;2276;2344;2655,-999.00,0.97,-999.00,-999.00,12815.11,24.86,22.96,23.91,121.45,120.63,121.04,73,391.32,73.00,0.04,161.86,129.52,-999.00,-999.00
Primates,Cercopithecidae,Macaca,fascicularis,macaca fascicularis,3.00,4569.32,-999.00,515.00,-999.00,1410.72,-999.00,-999.00,3.00,-999.00,164.69,-999.00,0.46,-999.00,398.45,1.00,1.00,456.00,328.76,-999.00,49.99,23.60,1319.50,27.00,-999,-999.00,2,283.53,854.16,-999.00,208;543;679;730;1297;1347;1544;1547;1577;1763;1767;1848;1979;2151;2344;2489;2493;2655;2660;2915;2986,-999.00,-999.00,-999.00,-999.00,2197587.41,18.65,-10.37,4.13,127.30,95.18,111.24,1,161.35,4.00,0.12,219.05,249.22,1553.06,1719.80
Primates,Cercopithecidae,Macaca,fuscata,macaca fuscata,3.00,10114.76,-999.00,826.71,-999.00,1879.75,-999.00,-999.00,5.00,-999.00,172.99,2.00,1.43,-999.00,486.66,1.02,1.00,396.00,501.57,-999.00,30.19,-999.00,1460.77,40.65,-999,2.00,2,265.04,2250.70,-999.00,208;543;1015;1297;1544;1547;1611;1763;1767;1848;2142;2338;2344;2489;2493;2655;2660;2986;3064,-999.00,-999.00,-999.00,-999.00,177385.93,41.54,30.22,35.88,141.47,129.55,135.51,74,327.86,105.00,7.76042696904679e-03,147.66,102.22,792.57,842.46
Primates,Cercopithecidae,Macaca,hecki,macaca hecki,3.00,-999.00,-999.00,-999.00,-999.00,-999.00,-999.00,-999.00,-999.00,-999.00,-999.00,-999.00,-999.00,-999.00,-999.00,-999.00,-999.00,-999.00,-999.00,-999.00,-999.00,-999.00,-999.00,-999.00,-999,-999.00,-999,-999.00,-999.00,-999.00,1544,-999.00,-999.00,-999.00,-999.00,21888.19,1.35,-0.06,0.64,122.98,119.77,121.37,42,64.84,42.00,0.08,221.77,218.66,-999.00,-999.00
Primates,Cercopithecidae,Macaca,leonina,macaca leonina,-999.00,-999.00,-999.00,-999.00,-999.00,-999.00,-999.00,-999.00,-999.00,-999.00,-999.00,-999.00,-999.00,-999.00,-999.00,-999.00,-999.00,-999.00,-999.00,-999.00,-999.00,-999.00,-999.00,-999.00,-999,-999.00,-999,-999.00,-999.00,-999.00,-999,-999.00,-999.00,-999.00,-999.00,731087.52,27.19,8.00,17.59,109.30,93.07,101.18,1,132.47,6.00,0.08,168.16,230.04,1142.31,1521.77
Primates,Cercopithecidae,Macaca,maura,macaca maura,3.00,7290.30,-999.00,660.00,-999.00,1825.00,-999.00,-999.00,-999.00,-999.00,167.19,-999.00,-999.00,-999.00,669.16,1.01,-999.00,-999.00,388.46,-999.00,20.00,-999.00,-999.00,-999.00,-999,-999.00,-999,497.16,-999.00,-999.00,1544;1547;1848;1903;2151;2344;2655;2660;2986,-999.00,0.81,-999.00,-999.00,13648.67,-4.25,-5.70,-4.98,120.46,119.35,119.90,163,390.54,163.00,0.02,231.33,237.50,-999.00,-999.00
Primates,Cercopithecidae,Macaca,mulatta,macaca mulatta,3.00,6455.19,-999.00,555.00,-999.00,1460.00,2239.00,6225.00,1.00,-999.00,166.07,-999.00,5.91,-999.00,385.50,1.01,1.00,432.00,471.47,-999.00,11.10,48.90,1101.07,38.50,-999,-999.00,1,304.16,1314.91,-999.00,208;543;730;1127;1167;1297;1347;1544;1547;1577;1594;1611;1763;1767;1848;1979;2338;2344;2489;2493;2620;2655;2660;2986,-999.00,-999.00,-999.00,-999.00,6566547.23,36.45,13.69,25.07,122.13,71.21,96.67,0,241.88,4.00,0.08,117.36,168.80,902.19,1218.04
Primates,Cercopithecidae,Macaca,nemestrina,macaca nemestrina,3.00,7820.78,-999.00,535.00,-999.00,1430.80,-999.00,-999.00,2.00,-999.00,171.00,-999.00,1.75,-999.00,405.07,1.01,-999.00,411.60,472.92,-999.00,18.92,-999.00,1427.17,22.60,-999,-999.00,1,292.60,1367.39,-999.00,208;543;730;1297;1544;1547;1577;1763;1767;1848;1979;2151;2344;2489;2493;2655;2660;2986;3086,-999.00,1.04,-999.00,-999.00,1033482.91,10.98,-4.89,3.04,119.26,96.87,108.07,1,67.59,4.00,0.15,244.98,246.69,1680.50,1732.21
Primates,Cercopithecidae,Macaca,nigra,macaca nigra,3.00,7359.39,-999.00,549.99,-999.00,1996.55,-999.00,-999.00,1.00,-999.00,172.43,-999.00,-999.00,-999.00,540.20,1.01,-999.00,216.00,457.77,-999.00,55.63,-999.00,1984.51,35.00,-999,-999.00,1,365.00,-999.00,-999.00,208;730;1297;1544;1547;1848;2151;2344;2486;2489;2493;2655;2660;2986,-999.00,0.90,-999.00,-999.00,13015.44,1.75,0.27,1.01,125.24,123.28,124.26,48,149.58,48.00,0.04,230.80,225.39,-999.00,-999.00
Primates,Cercopithecidae,Macaca,nigrescens,macaca nigrescens,3.00,-999.00,-999.00,-999.00,-999.00,-999.00,-999.00,-999.00,-999.00,-999.00,-999.00,-999.00,-999.00,-999.00,-999.00,-999.00,-999.00,-999.00,-999.00,-999.00,-999.00,-999.00,-999.00,14.50,-999,-999.00,-999,-999.00,-999.00,-999.00,927;1544,-999.00,-999.00,-999.00,-999.00,7280.48,0.96,0.27,0.61,124.08,122.90,123.49,48,89.14,48.00,0.06,231.20,226.80,-999.00,-999.00
Primates,Cercopithecidae,Macaca,ochreata,macaca ochreata,3.00,2745.50,-999.00,-999.00,-999.00,-999.00,-999.00,-999.00,-999.00,-999.00,-999.00,-999.00,-999.00,-999.00,-999.00,-999.00,-999.00,-999.00,-999.00,-999.00,15.00,-999.00,-999.00,-999.00,-999,-999.00,-999,-999.00,-999.00,-999.00,1544;1547;2151;2655,-999.00,-999.00,-999.00,-999.00,19033.57,-3.70,-5.70,-4.70,123.22,121.07,122.15,32,45.52,32.00,0.06,244.11,237.65,-999.00,-999.00
Primates,Cercopithecidae,Macaca,pagensis,macaca pagensis,3.00,4534.66,-999.00,450.00,-999.00,-999.00,-999.00,-999.00,4.00,-999.00,-999.00,1.00,-999.00,-999.00,-999.00,1.00,-999.00,360.00,-999.00,-999.00,-999.00,-999.00,1227.12,-999.00,-999,2.00,2,272.20,-999.00,-999.00,1015;1544,-999.00,-999.00,-999.00,-999.00,2155.21,-2.02,-3.34,-2.68,100.47,99.51,99.99,43,60.75,43.00,0.25,-999.00,-999.00,-999.00,-999.00
Primates,Cercopithecidae,Macaca,radiata,macaca radiata,3.00,4999.99,-999.00,475.00,-999.00,1460.00,-999.00,-999.00,-999.00,-999.00,161.56,-999.00,0.88,-999.00,365.00,1.01,-999.00,360.00,367.52,-999.00,8.30,41.00,1785.78,33.50,-999,-999.00,-999,332.25,2000.00,-999.00,91;208;543;1167;1297;1347;1544;1547;1577;1848;1979;2151;2344;2493;2626;2655;2660;2986,-999.00,1.10,-999.00,-999.00,679816.30,21.12,8.06,14.59,81.47,72.65,77.06,82,412.85,142.00,0.08,93.74,264.54,844.93,1589.58
Primates,Cercopithecidae,Macaca,siberu,macaca siberu,-999.00,-999.00,-999.00,-999.00,-999.00,-999.00,-999.00,-999.00,-999.00,-999.00,-999.00,-999.00,-999.00,-999.00,-999.00,-999.00,-999.00,-999.00,-999.00,-999.00,-999.00,-999.00,-999.00,-999.00,-999,-999.00,-999,-999.00,-999.00,-999.00,-999,-999.00,-999.00,-999.00,-999.00,3889.63,-0.91,-1.81,-1.36,99.29,98.58,98.94,51,51.00,51.00,4.0008538120618e-03,340.00,259.00,-999.00,-999.00
Primates,Cercopithecidae,Macaca,silenus,macaca silenus,3.00,5995.25,-999.00,547.35,-999.00,1795.80,-999.00,-999.00,4.00,-999.00,172.00,3.00,0.88,0.86,510.39,1.01,-999.00,480.00,416.11,-999.00,1.01,25.00,1912.19,21.00,-999,2.00,2,362.93,-999.00,-999.00,208;543;899;927;1297;1544;1547;1848;1979;2151;2344;2493;2626;2655;2660;2986,-999.00,0.92,-999.00,-999.00,56995.19,16.17,10.21,13.19,77.69,74.55,76.12,166,314.12,172.00,0.06,88.07,253.03,953.01,1571.86
Primates,Cercopithecidae,Macaca,sinica,macaca sinica,3.00,4655.99,-999.00,480.00,-999.00,-999.00,-999.00,-999.00,2.00,-999.00,180.90,-999.00,0.40,-999.00,547.50,1.01,-999.00,420.00,-999.00,-999.00,30.00,24.70,1894.11,20.10,-999,-999.00,1,-999.00,-999.00,-999.00,208;543;730;1297;1347;1544;1547;1768;1848;2151;2338;2344;2493;2655;2660;2986,-999.00,0.89,-999.00,-999.00,66626.48,9.83,5.91,7.87,81.88,79.69,80.78,68,335.39,74.00,0.07,141.67,258.11,1536.71,1630.08
Primates,Cercopithecidae,Macaca,sylvanus,macaca sylvanus,3.00,11471.53,-999.00,549.99,-999.00,1746.52,-999.00,-999.00,6.00,-999.00,164.84,2.00,2.63,-999.00,431.71,1.02,-999.00,264.00,449.85,-999.00,12.50,18.30,1542.25,18.30,-999,2.00,2,210.25,2318.27,-999.00,208;543;704;730;765;766;927;1297;1347;1544;1547;1611;1763;1767;1848;1976;1979;2344;2489;2493;2655;2660;2986,-999.00,1.01,-999.00,-999.00,95331.43,36.92,31.50,34.21,5.67,-6.93,-0.62,11,155.56,21.00,0.09,45.93,147.84,453.11,1163.53
Primates,Cercopithecidae,Macaca,thibetana,macaca thibetana,3.00,10593.06,-999.00,599.99,-999.00,-999.00,-999.00,-999.00,-999.00,-999.00,169.02,-999.00,-999.00,-999.00,730.00,1.01,-999.00,-999.00,499.99,-999.00,-999.00,-999.00,-999.00,21.00,-999,-999.00,-999,451.79,2409.97,-999.00,927;1297;1544;1547;1766;1767;1848;2344;2655,-999.00,0.77,-999.00,-999.00,1232955.48,33.04,23.72,28.38,121.07,97.51,109.29,3,256.60,5.00,0.06,119.80,129.61,961.24,1031.02
Primates,Cercopithecidae,Macaca,tonkeana,macaca tonkeana,3.00,10035.53,-999.00,599.99,-999.00,-999.00,-999.00,-999.00,-999.00,-999.00,-999.00,-999.00,-999.00,-999.00,-999.00,-999.00,-999.00,-999.00,-999.00,-999.00,10.00,-999.00,-999.00,-999.00,-999,-999.00,-999,-999.00,-999.00,-999.00,1544;1547;1848;2151;2655,-999.00,-999.00,-999.00,-999.00,81338.19,1.35,-3.57,-1.10,123.45,118.75,121.10,17,51.44,17.00,0.10,222.91,204.36,1813.47,1916.92
Chiroptera,Megadermatidae,Macroderma,gigas,macroderma gigas,1.00,124.37,107.00,115.82,-999.00,-999.00,139.12,148.00,2.00,-999.00,-999.00,1.00,-999.00,-999.00,-999.00,1.00,1.00,-999.00,21.61,78.30,-999.00,-999.00,-999.00,-999.00,-999,2.00,3,-999.00,-999.00,-999.00,196;823;824;899;1297;1403;1658;1822;1948;2143;2144;2151;2655;2719;3023,-999.00,-999.00,-999.00,-999.00,1038951.62,-11.11,-24.09,-17.60,150.83,116.68,133.75,0,1.20,0.00,0.03,65.90,251.77,724.23,1686.49
Carnivora,Viverridae,Macrogalidia,musschenbroekii,macrogalidia musschenbroekii,-999.00,5148.86,-999.00,687.94,-999.00,-999.00,-999.00,-999.00,6.00,-999.00,-999.00,1.00,-999.00,-999.00,-999.00,-999.00,-999.00,-999.00,-999.00,-999.00,-999.00,-999.00,-999.00,-999.00,-999,1.00,2,-999.00,-999.00,-999.00,679;1113;2655,-999.00,-999.00,-999.00,-999.00,22966.97,0.95,-2.66,-0.85,124.57,119.98,122.28,17,37.15,17.00,0.10,226.87,197.06,1808.68,1890.62
Rodentia,Muridae,Meriones,dahli,meriones dahli,-999.00,-999.00,-999.00,-999.00,-999.00,-999.00,-999.00,-999.00,-999.00,-999.00,-999.00,-999.00,-999.00,-999.00,-999.00,-999.00,-999.00,-999.00,-999.00,-999.00,-999.00,-999.00,-999.00,-999.00,-999,-999.00,-999,-999.00,-999.00,-999.00,-999,-999.00,-999.00,-999.00,-999.00,4281.47,40.54,39.78,40.16,46.12,45.36,45.74,23,46.64,23.00,0.02,37.15,40.02,513.30,809.28
Rodentia,Muridae,Meriones,grandis,meriones grandis,-999.00,-999.00,-999.00,-999.00,-999.00,-999.00,-999.00,-999.00,-999.00,-999.00,-999.00,-999.00,-999.00,-999.00,-999.00,-999.00,-999.00,-999.00,-999.00,-999.00,-999.00,-999.00,-999.00,-999.00,-999,-999.00,-999,-999.00,-999.00,-999.00,-999,-999.00,-999.00,-999.00,-999.00,-999.00,-999.00,-999.00,-999.00,-999.00,-999.00,-999.00,-999,-999.00,-999.00,-999.00,-999.00,-999.00,-999.00,-999.00
Rodentia,Muridae,Meriones,hurrianae,meriones hurrianae,-999.00,71.02,-999.00,-999.00,14.25,-999.00,64.49,72.30,-999.00,-999.00,29.19,-999.00,1.03565e-04,1.16035e-04,-999.00,4.10,-999.00,-999.00,4.10,-999.00,-999.00,-999.00,46.58,-999.00,-999,-999.00,-999,19.85,-999.00,-999.00,967;1297;1559;1573;2322;2323;2327;2329;2655;2978,-999.00,-999.00,-999.00,-999.00,898859.94,33.67,20.68,27.18,75.02,53.93,64.47,7,164.22,10.00,0.13,26.56,244.95,314.37,1387.97
Rodentia,Muridae,Meriones,libycus,meriones libycus,-999.00,91.33,-999.00,-999.00,-999.00,-999.00,-999.00,-999.00,-999.00,-999.00,25.43,-999.00,-999.00,-999.00,-999.00,4.54,-999.00,-999.00,5.24,-999.00,-999.00,-999.00,92.80,-999.00,-999,-999.00,-999,30.18,45.00,-999.00,1297;2655,-999.00,-999.00,-999.00,-999.00,9242429.83,47.64,21.10,34.37,90.64,-15.02,37.81,0,25.79,0.00,0.10,12.18,177.09,167.30,1088.40
Rodentia,Capromyidae,Mesocapromys,angelcabrerai,mesocapromys angelcabrerai,-999.00,-999.00,-999.00,-999.00,-999.00,-999.00,-999.00,-999.00,3.00,-999.00,-999.00,1.00,-999.00,-999.00,-999.00,-999.00,-999.00,-999.00,-999.00,-999.00,-999.00,-999.00,-999.00,-999.00,-999,2.00,2,-999.00,-999.00,-999.00,2151,-999.00,-999.00,-999.00,-999.00,3.55,21.57,21.53,21.55,-78.75,-78.77,-78.76,87,87.00,87.00,0.07,111.00,246.00,-999.00,-999.00
Rodentia,Capromyidae,Mesocapromys,auritus,mesocapromys auritus,-999.00,-999.00,-999.00,-999.00,-999.00,-999.00,-999.00,-999.00,3.00,-999.00,-999.00,1.00,-999.00,-999.00,-999.00,-999.00,-999.00,-999.00,-999.00,-999.00,-999.00,-999.00,-999.00,-999.00,-999,2.00,2,-999.00,-999.00,-999.00,2151,-999.00,-999.00,-999.00,-999.00,83.40,22.81,22.60,22.70,-79.31,-79.62,-79.47,54,58.50,54.00,-7.8125e-03,123.00,250.00,-999.00,-999.00
Rodentia,Capromyidae,Mesocapromys,melanurus,mesocapromys melanurus,-999.00,-999.00,-999.00,-999.00,-999.00,-999.00,-999.00,-999.00,3.00,-999.00,-999.00,1.00,-999.00,-999.00,222.00,1.75,-999.00,-999.00,-999.00,-999.00,-999.00,-999.00,-999.00,-999.00,-999,2.00,2,6.22,-999.00,-999.00,1297;2151,-999.00,1.41,-999.00,-999.00,24599.31,21.34,19.82,20.58,-75.47,-77.73,-76.60,43,116.44,43.00,0.01,88.48,256.48,1272.25,1761.11
Rodentia,Capromyidae,Mesocapromys,nanus,mesocapromys nanus,-999.00,-999.00,-999.00,-999.00,-999.00,-999.00,-999.00,-999.00,3.00,-999.00,-999.00,1.00,-999.00,-999.00,-999.00,1.00,-999.00,-999.00,-999.00,-999.00,-999.00,-999.00,-999.00,-999.00,4,2.00,2,-999.00,-999.00,-999.00,2151,-999.00,-999.00,-999.00,-999.00,3340.02,22.64,22.05,22.34,-81.13,-82.16,-81.64,2,33.14,2.00,5.48403750289541e-03,113.97,257.99,-999.00,-999.00
Rodentia,Capromyidae,Mesocapromys,sanfelipensis,mesocapromys sanfelipensis,-999.00,-999.00,-999.00,-999.00,-999.00,-999.00,-999.00,-999.00,3.00,-999.00,-999.00,1.00,-999.00,-999.00,-999.00,-999.00,-999.00,-999.00,-999.00,-999.00,-999.00,-999.00,-999.00,-999.00,-999,2.00,2,-999.00,-999.00,-999.00,2151,-999.00,-999.00,-999.00,-999.00,-999.00,-999.00,-999.00,-999.00,-999.00,-999.00,-999.00,-999,-999.00,-999.00,-999.00,-999.00,-999.00,-999.00,-999.00
Rodentia,Cricetidae,Mesocricetus,auratus,mesocricetus auratus,1.00,98.60,-999.00,180.00,-999.00,73.60,-999.00,-999.00,4.00,-999.00,15.49,1.00,-999.00,-999.00,-999.00,8.79,4.00,120.00,2.35,-999.00,-999.00,-999.00,50.97,-999.00,-999,1.00,2,18.65,22.93,-999.00,543;1015;1060;1297;1577;1594;2655,-999.00,-999.00,-999.00,-999.00,904866.93,42.10,31.43,36.76,51.88,28.72,40.30,8,89.74,29.00,0.08,41.84,107.70,395.58,1044.97
Rodentia,Cricetidae,Mesocricetus,brandti,mesocricetus brandti,-999.00,198.00,-999.00,-999.00,-999.00,50.00,-999.00,-999.00,-999.00,-999.00,15.00,-999.00,-999.00,-999.00,-999.00,9.01,3.00,-999.00,-999.00,-999.00,-999.00,-999.00,43.14,-999.00,-999,-999.00,-999,20.00,-999.00,-999.00,1297;2655,-999.00,-999.00,-999.00,-999.00,916587.59,42.81,33.34,38.08,53.70,29.63,41.67,12,83.03,26.00,0.06,46.44,90.46,441.25,968.98
Rodentia,Cricetidae,Mesocricetus,newtoni,mesocricetus newtoni,-999.00,97.50,-999.00,-999.00,-999.00,-999.00,-999.00,-999.00,-999.00,-999.00,-999.00,-999.00,-999.00,-999.00,-999.00,-999.00,-999.00,-999.00,-999.00,-999.00,-999.00,-999.00,-999.00,-999.00,-999,-999.00,-999,-999.00,-999.00,-999.00,2655,-999.00,-999.00,-999.00,-999.00,104825.13,45.45,42.08,43.76,29.69,23.59,26.64,34,91.37,40.00,-0.02,49.08,100.43,530.13,729.30
Rodentia,Cricetidae,Mesocricetus,raddei,mesocricetus raddei,-999.00,-999.00,-999.00,-999.00,-999.00,-999.00,-999.00,-999.00,-999.00,-999.00,-999.00,-999.00,-999.00,-999.00,-999.00,8.99,2.00,-999.00,-999.00,-999.00,-999.00,-999.00,-999.00,-999.00,-999,-999.00,-999,-999.00,-999.00,-999.00,1297,-999.00,-999.00,-999.00,-999.00,151443.03,48.12,41.96,45.04,48.34,37.70,43.02,2,53.41,5.00,0.04,35.42,89.61,443.57,639.87
Rodentia,Echimyidae,Mesomys,hispidus,mesomys hispidus,1.00,175.00,-999.00,184.77,-999.00,-999.00,-999.00,-999.00,3.00,-999.00,-999.00,1.00,-999.00,-999.00,-999.00,0.97,-999.00,-999.00,-999.00,-999.00,-999.00,-999.00,-999.00,1.00,-999,2.00,2,-999.00,-999.00,-999.00,902;905;1297;2151;2655,-999.00,-999.00,-999.00,-999.00,4398504.11,5.48,-15.36,-4.94,-47.94,-77.68,-62.81,0,2.30,0.00,0.15,179.72,252.14,1414.16,1559.88
Rodentia,Echimyidae,Mesomys,leniceps,mesomys leniceps,1.00,108.00,-999.00,-999.00,-999.00,-999.00,-999.00,-999.00,-999.00,-999.00,-999.00,1.00,-999.00,-999.00,-999.00,-999.00,-999.00,-999.00,-999.00,-999.00,-999.00,-999.00,-999.00,-999.00,-999,2.00,-999,-999.00,-999.00,-999.00,2151;2655,-999.00,-999.00,-999.00,-999.00,-999.00,-999.00,-999.00,-999.00,-999.00,-999.00,-999.00,-999,-999.00,-999.00,-999.00,-999.00,-999.00,-999.00,-999.00
Rodentia,Echimyidae,Mesomys,occultus,mesomys occultus,-999.00,-999.00,-999.00,-999.00,-999.00,-999.00,-999.00,-999.00,-999.00,-999.00,-999.00,-999.00,-999.00,-999.00,-999.00,-999.00,-999.00,-999.00,-999.00,-999.00,-999.00,-999.00,-999.00,-999.00,-999,-999.00,-999,-999.00,-999.00,-999.00,-999,-999.00,-999.00,-999.00,-999.00,-999.00,-999.00,-999.00,-999.00,-999.00,-999.00,-999.00,-999,-999.00,-999.00,-999.00,-999.00,-999.00,-999.00,-999.00
Rodentia,Echimyidae,Mesomys,stimulax,mesomys stimulax,1.00,108.00,-999.00,-999.00,-999.00,-999.00,-999.00,-999.00,-999.00,-999.00,-999.00,1.00,-999.00,-999.00,-999.00,-999.00,-999.00,-999.00,-999.00,-999.00,-999.00,-999.00,-999.00,-999.00,-999,2.00,-999,-999.00,-999.00,-999.00,2151;2655,-999.00,-999.00,-999.00,-999.00,775514.32,4.36,-6.96,-1.29,-46.31,-58.86,-52.59,0,5.82,0.00,0.13,176.65,248.90,1405.58,1645.91
Chiroptera,Phyllostomidae,Mesophylla,macconnelli,mesophylla macconnelli,-999.00,6.86,31.62,-999.00,-999.00,-999.00,-999.00,-999.00,1.00,-999.00,-999.00,1.00,-999.00,-999.00,-999.00,0.99,-999.00,-999.00,-999.00,-999.00,-999.00,4.40,-999.00,-999.00,-999,2.00,1,-999.00,-999.00,-999.00,196;889;890;1007;1297;1658;1699;1700;2151;2622;2655;2719,-999.00,-999.00,-999.00,-999.00,8790472.74,12.59,-19.21,-3.31,-46.06,-84.05,-65.06,0,14.90,0.00,0.14,169.03,243.05,1386.57,1572.94
Cetacea,Ziphiidae,Mesoplodon,bidens,mesoplodon bidens,-999.00,3400000.00,-999.00,5030.00,-999.00,-999.00,-999.00,-999.00,-999.00,-999.00,365.00,1.00,-999.00,-999.00,-999.00,1.00,-999.00,-999.00,-999.00,-999.00,-999.00,-999.00,-999.00,-999.00,-999,-999.00,-999,365.00,-999.00,-999.00,1217;1297;2151;2655,-999.00,-999.00,-999.00,-999.00,-999.00,-999.00,-999.00,-999.00,-999.00,-999.00,-999.00,-999,-999.00,-999.00,-999.00,-999.00,-999.00,-999.00,-999.00
Cetacea,Ziphiidae,Mesoplodon,bowdoini,mesoplodon bowdoini,-999.00,2599999.99,-999.00,4260.39,-999.00,-999.00,-999.00,-999.00,-999.00,-999.00,-999.00,1.00,-999.00,-999.00,-999.00,-999.00,-999.00,-999.00,-999.00,2199.99,-999.00,-999.00,-999.00,-999.00,-999,-999.00,-999,-999.00,-999.00,-999.00,165;2151;2655,-999.00,-999.00,106906.53,-999.00,-999.00,-999.00,-999.00,-999.00,-999.00,-999.00,-999.00,-999,-999.00,-999.00,-999.00,-999.00,-999.00,-999.00,-999.00
Cetacea,Ziphiidae,Mesoplodon,carlhubbsi,mesoplodon carlhubbsi,-999.00,3400000.00,-999.00,5396.80,-999.00,-999.00,-999.00,-999.00,-999.00,-999.00,365.00,1.00,-999.00,-999.00,-999.00,0.97,-999.00,-999.00,-999.00,-999.00,-999.00,-999.00,-999.00,-999.00,-999,-999.00,-999,-999.00,-999.00,-999.00,165;1217;1297;2151;2655,-999.00,-999.00,-999.00,-999.00,-999.00,-999.00,-999.00,-999.00,-999.00,-999.00,-999.00,-999,-999.00,-999.00,-999.00,-999.00,-999.00,-999.00,-999.00
Cetacea,Ziphiidae,Mesoplodon,densirostris,mesoplodon densirostris,-999.00,2299999.99,-999.00,4589.82,-999.00,-999.00,-999.00,-999.00,-999.00,-999.00,-999.00,1.00,-999.00,-999.00,-999.00,-999.00,-999.00,324.00,-999.00,-999.00,-999.00,3.00,3788.23,-999.00,-999,-999.00,-999,-999.00,-999.00,-999.00,164;172;543;1217;1297;2151;2655,-999.00,-999.00,-999.00,-999.00,-999.00,-999.00,-999.00,-999.00,-999.00,-999.00,-999.00,-999,-999.00,-999.00,-999.00,-999.00,-999.00,-999.00,-999.00
Cetacea,Ziphiidae,Mesoplodon,europaeus,mesoplodon europaeus,-999.00,5600000.02,-999.00,6710.00,-999.00,-999.00,-999.00,-999.00,-999.00,-999.00,-999.00,1.00,-999.00,-999.00,-999.00,-999.00,-999.00,-999.00,-999.00,-999.00,-999.00,-999.00,-999.00,-999.00,-999,-999.00,-999,-999.00,-999.00,-999.00,1217;2151;2655,-999.00,-999.00,-999.00,-999.00,-999.00,-999.00,-999.00,-999.00,-999.00,-999.00,-999.00,-999,-999.00,-999.00,-999.00,-999.00,-999.00,-999.00,-999.00
Cetacea,Ziphiidae,Mesoplodon,ginkgodens,mesoplodon ginkgodens,-999.00,1500000.00,-999.00,4880.00,-999.00,-999.00,-999.00,-999.00,-999.00,-999.00,-999.00,1.00,-999.00,-999.00,-999.00,-999.00,-999.00,-999.00,-999.00,-999.00,-999.00,-999.00,-999.00,-999.00,-999,-999.00,-999,-999.00,-999.00,-999.00,1217;2151;2655,-999.00,-999.00,-999.00,-999.00,-999.00,-999.00,-999.00,-999.00,-999.00,-999.00,-999.00,-999,-999.00,-999.00,-999.00,-999.00,-999.00,-999.00,-999.00
Cetacea,Ziphiidae,Mesoplodon,grayi,mesoplodon grayi,-999.00,2899999.98,-999.00,-999.00,-999.00,-999.00,-999.00,-999.00,2.00,-999.00,-999.00,1.00,-999.00,-999.00,-999.00,-999.00,-999.00,-999.00,-999.00,-999.00,-999.00,-999.00,-999.00,-999.00,-999,-999.00,3,-999.00,-999.00,-999.00,890;2151;2655,-999.00,-999.00,-999.00,-999.00,-999.00,-999.00,-999.00,-999.00,-999.00,-999.00,-999.00,-999,-999.00,-999.00,-999.00,-999.00,-999.00,-999.00,-999.00
Cetacea,Ziphiidae,Mesoplodon,hectori,mesoplodon hectori,-999.00,1000000.00,-999.00,-999.00,-999.00,-999.00,-999.00,-999.00,-999.00,-999.00,-999.00,1.00,-999.00,-999.00,-999.00,-999.00,-999.00,-999.00,-999.00,-999.00,-999.00,-999.00,-999.00,-999.00,-999,-999.00,-999,-999.00,-999.00,-999.00,2151;2655,-999.00,-999.00,-999.00,-999.00,-999.00,-999.00,-999.00,-999.00,-999.00,-999.00,-999.00,-999,-999.00,-999.00,-999.00,-999.00,-999.00,-999.00,-999.00
Chiroptera,Pteropodidae,Macroglossus,minimus,macroglossus minimus,-999.00,16.30,40.23,68.09,-999.00,212.91,22.32,16.35,2.00,-999.00,125.14,1.00,-999.00,-999.00,-999.00,0.99,3.00,-999.00,3.81,26.28,-999.00,3.00,-999.00,1.00,-999,2.00,1,65.00,-999.00,-999.00,196;205;360;406;679;1297;1309;1369;1386;1388;1439;1621;1658;1752;1950;2017;2143;2150;2151;2280;2501;2622;2655;2719;2763;2910;3023,-999.00,-999.00,-999.00,-999.00,3030953.37,18.65,-21.21,-1.28,162.39,95.18,128.79,0,106.01,0.00,0.12,194.34,248.02,1397.33,1726.13
Chiroptera,Pteropodidae,Macroglossus,sobrinus,macroglossus sobrinus,-999.00,21.80,46.96,-999.00,-999.00,-999.00,-999.00,-999.00,1.00,-999.00,-999.00,1.00,-999.00,-999.00,-999.00,1.00,-999.00,-999.00,-999.00,-999.00,-999.00,5.25,-999.00,1.00,-999,2.00,1,-999.00,-999.00,-999.00,196;212;360;679;1386;1388;1658;2017;2151;2655;3023,-999.00,-999.00,-999.00,-999.00,1987018.44,28.19,-8.96,9.61,116.73,88.00,102.36,2,179.06,8.00,0.09,180.67,236.56,1279.09,1582.09
Chiroptera,Phyllostomidae,Macrophyllum,macrophyllum,macrophyllum macrophyllum,-999.00,8.02,35.63,-999.00,-999.00,-999.00,-999.00,-999.00,1.00,-999.00,-999.00,1.00,-999.00,-999.00,-999.00,1.00,-999.00,-999.00,-999.00,-999.00,-999.00,-999.00,-999.00,-999.00,-999,2.00,3,-999.00,-999.00,-999.00,108;196;889;1297;1658;2151;2622;2655,-999.00,-999.00,-999.00,-999.00,13319743.35,18.28,-28.82,-5.26,-34.79,-93.06,-63.92,0,25.99,0.00,0.11,152.53,237.40,1299.46,1529.88
Diprotodontia,Macropodidae,Macropus,agilis,macropus agilis,-999.00,11815.75,-999.00,646.01,-999.00,410.62,-999.00,-999.00,4.00,-999.00,30.51,1.00,-999.00,-999.00,217.00,1.01,1.80,144.00,0.63,-999.00,17.71,-999.00,404.77,5.50,-999,1.00,1,321.74,2286.70,-999.00,543;730;955;977;1297;1760;1762;1848;1991;2152;2484;2655;2986,-999.00,-999.00,-999.00,-999.00,1144361.05,-2.55,-27.73,-15.14,153.54,121.72,137.63,0,3.42,0.00,0.11,86.21,255.78,855.79,1708.73
Diprotodontia,Macropodidae,Macropus,antilopinus,macropus antilopinus,1.00,27250.10,-999.00,-999.00,-999.00,-999.00,-999.00,-999.00,-999.00,-999.00,34.00,1.00,0.50,0.46,270.00,1.00,-999.00,192.00,0.70,-999.00,21.21,-999.00,909.32,-999.00,-999,1.00,-999,424.79,-999.00,-999.00,543;955;1573;1760;1848;2655;2986,-999.00,1.28,-999.00,-999.00,515289.06,-11.11,-17.36,-14.24,144.59,123.42,134.00,0,0.80,0.00,4.45530716008673e-03,84.75,270.20,849.13,1760.04
Diprotodontia,Macropodidae,Macropus,bernardus,macropus bernardus,-999.00,17000.00,-999.00,-999.00,-999.00,-999.00,-999.00,-999.00,-999.00,-999.00,-999.00,1.00,-999.00,-999.00,-999.00,1.00,-999.00,-999.00,-999.00,-999.00,-999.00,-999.00,-999.00,-999.00,-999,1.00,-999,-999.00,-999.00,-999.00,1760;1848;2655,-999.00,-999.00,-999.00,-999.00,36606.69,-11.72,-14.66,-13.19,133.95,132.40,133.17,0,0.18,0.00,0.00,96.41,262.10,890.28,1807.63
Diprotodontia,Macropodidae,Macropus,dorsalis,macropus dorsalis,-999.00,11249.96,-999.00,-999.00,-999.00,-999.00,-999.00,-999.00,-999.00,-999.00,34.98,1.00,0.71,0.66,211.00,1.00,-999.00,180.00,-999.00,-999.00,110.00,-999.00,476.20,-999.00,-999,1.00,-999,-999.00,1000.00,-999.00,543;955;1297;1573;1760;1848;2655;2986,-999.00,1.45,-999.00,-999.00,657068.02,-18.07,-32.69,-25.38,153.63,144.27,148.95,0,8.45,0.00,0.06,65.52,192.10,780.53,1385.89
Diprotodontia,Macropodidae,Macropus,eugenii,macropus eugenii,-999.00,5278.48,-999.00,-999.00,-999.00,319.37,1385.65,4837.00,-999.00,-999.00,29.89,1.00,-999.00,-999.00,365.00,1.01,1.00,168.00,0.44,-999.00,73.86,-999.00,413.84,8.00,-999,1.00,-999,315.00,1048.80,-999.00,543;682;833;955;1297;1412;1501;1760;1822;1848;2483;2484;2509;2655;2986,-999.00,-999.00,-999.00,-999.00,94354.10,-28.42,-36.07,-32.25,138.13,113.67,125.90,0,7.96,0.00,-4.53515239279162e-03,41.77,154.09,404.73,1081.21
Diprotodontia,Macropodidae,Macropus,fuliginosus,macropus fuliginosus,1.00,25564.70,-999.00,-999.00,-999.00,608.33,-999.00,-999.00,-999.00,-999.00,30.80,1.00,2.52,2.36,372.02,1.00,1.00,240.00,0.86,-999.00,56.00,-999.00,708.84,-999.00,-999,1.00,-999,518.67,7778.17,-999.00,543;955;1297;1573;1760;1848;2484;2655;2986,-999.00,-999.00,-999.00,-999.00,1782181.02,-26.58,-38.43,-32.50,149.30,113.71,131.51,0,2.62,0.00,0.02,28.78,176.04,333.94,1101.35
Diprotodontia,Macropodidae,Macropus,giganteus,macropus giganteus,2.00,33409.89,-999.00,876.16,-999.00,812.60,-999.00,-999.00,2.00,-999.00,36.56,1.00,0.41,4.49,362.79,1.00,1.00,288.00,0.84,-999.00,41.95,76.90,704.86,-999.00,4,1.00,1,510.82,8124.03,-999.00,543;955;1297;1412;1477;1501;1573;1760;1848;2312;2484;2655;2683;2986,-999.00,-999.00,-999.00,-999.00,2210263.58,-14.16,-42.28,-28.22,153.63,139.32,146.48,0,8.81,0.00,0.04,51.16,188.75,581.67,1273.91
Diprotodontia,Macropodidae,Macropus,greyi,macropus greyi,-999.00,10000.00,-999.00,-999.00,-999.00,-999.00,-999.00,-999.00,-999.00,-999.00,-999.00,1.00,-999.00,-999.00,-999.00,1.00,-999.00,-999.00,-999.00,-999.00,-999.00,-999.00,-999.00,-999.00,-999,1.00,-999,-999.00,-999.00,-999.00,1760;1848;2655,-999.00,-999.00,-999.00,-999.00,-999.00,-999.00,-999.00,-999.00,-999.00,-999.00,-999.00,-999,-999.00,-999.00,-999.00,-999.00,-999.00,-999.00,-999.00
Diprotodontia,Macropodidae,Macropus,irma,macropus irma,1.00,8000.00,-999.00,-999.00,-999.00,-999.00,-999.00,-999.00,-999.00,-999.00,-999.00,1.00,-999.00,-999.00,-999.00,1.00,-999.00,-999.00,-999.00,-999.00,26.70,-999.00,-999.00,-999.00,-999,1.00,-999,-999.00,-999.00,-999.00,955;1297;1760;1848;2655;2986,-999.00,-999.00,-999.00,-999.00,142571.52,-27.87,-35.13,-31.50,122.54,114.49,118.52,0,11.10,0.00,0.07,52.21,155.99,431.25,1146.36
Diprotodontia,Macropodidae,Macropus,parma,macropus parma,-999.00,4156.62,-999.00,-999.00,-999.00,380.20,1376.25,3750.00,1.00,-999.00,34.66,1.00,-999.00,-999.00,213.00,0.90,1.30,120.00,0.50,-999.00,-999.00,-999.00,600.21,-999.00,-999,1.00,1,292.33,754.00,-999.00,543;955;1297;1412;1760;1848;2655;2986,-999.00,-999.00,-999.00,-999.00,53268.32,-28.22,-34.83,-31.52,153.16,149.42,151.29,1,24.65,1.00,0.06,86.85,154.42,760.71,1196.50
Diprotodontia,Macropodidae,Macropus,parryi,macropus parryi,1.00,12629.83,-999.00,-999.00,-999.00,-999.00,-999.00,-999.00,1.00,-999.00,37.14,1.00,-999.00,-999.00,266.00,1.00,-999.00,168.00,-999.00,-999.00,40.29,-999.00,763.62,-999.00,-999,1.00,1,443.42,-999.00,-999.00,543;730;955;1297;1760;1848;2655;2986,-999.00,1.29,-999.00,-999.00,364427.09,-16.18,-31.96,-24.07,153.63,145.25,149.44,0,12.80,0.00,0.08,78.38,196.36,904.66,1486.52
Diprotodontia,Macropodidae,Macropus,robustus,macropus robustus,1.00,25978.92,-999.00,-999.00,-999.00,-999.00,5453.50,29650.00,1.00,-999.00,34.59,1.00,0.98,0.71,258.54,1.00,-999.00,288.00,0.70,-999.00,40.00,-999.00,714.30,1.92,-999,1.00,1,366.19,4743.41,-999.00,543;634;730;955;1297;1412;1501;1573;1760;1822;1848;2484;2655,-999.00,1.31,-999.00,-999.00,6741241.31,-11.11,-36.78,-23.95,153.63,113.14,133.39,0,2.47,0.00,0.03,36.44,216.05,446.35,1378.84
Diprotodontia,Macropodidae,Macropus,rufogriseus,macropus rufogriseus,1.00,16850.00,-999.00,-999.00,153.50,501.87,-999.00,-999.00,-999.00,-999.00,30.00,1.00,0.12,0.13,279.87,1.01,1.00,228.00,0.53,-999.00,46.47,-999.00,485.19,1.31,4,1.00,-999,426.22,3199.21,-999.00,543;710;955;983;1297;1340;1497;1498;1573;1760;1848;1992;2483;2484;2655;2986,-999.00,-999.00,-999.00,-999.00,643869.03,-21.97,-43.06,-32.51,153.63,140.11,146.87,0,23.05,0.00,0.04,67.00,157.83,722.82,1183.05
Diprotodontia,Macropodidae,Macropus,rufus,macropus rufus,1.00,38968.39,-999.00,-999.00,-999.00,547.50,5568.64,30617.50,1.00,-999.00,33.99,1.00,4.08,4.41,238.50,1.00,-999.00,360.00,0.81,-999.00,3.14,-999.00,695.03,2.60,-999,1.00,1,359.99,7416.19,-999.00,543;634;730;955;1052;1297;1412;1501;1573;1760;1822;1848;2484;2655;2986,-999.00,1.36,-999.00,-999.00,5285730.12,-16.89,-36.27,-26.58,150.63,113.14,131.89,0,0.17,0.00,-4.02539461629889e-03,26.18,213.03,350.95,1320.08
Macroscelidea,Macroscelididae,Macroscelides,proboscideus,macroscelides proboscideus,2.00,38.64,-999.00,112.96,0.00,-999.00,52.57,38.80,6.00,-999.00,58.49,2.00,0.70,1.00,-999.00,1.93,-999.00,-999.00,-999.00,-999.00,-999.00,-999.00,-999.00,1.00,6,1.00,2,4.99,-999.00,-999.00,1297;1584;1585;1822;2151;2259;2390;2391;2655;3075,-999.00,-999.00,-999.00,-999.00,983287.39,-17.64,-34.83,-26.24,27.56,11.72,19.64,0,13.43,0.00,0.08,18.81,164.87,306.01,1131.07
Rodentia,Nesomyidae,Macrotarsomys,bastardi,macrotarsomys bastardi,1.00,28.45,-999.00,89.99,-999.00,-999.00,-999.00,-999.00,5.00,-999.00,23.99,2.00,-999.00,-999.00,-999.00,2.50,-999.00,-999.00,-999.00,-999.00,-999.00,2.00,-999.00,-999.00,-999,1.00,2,-999.00,-999.00,-999.00,1045;1048;1297;2152;2333;2655,-999.00,-999.00,-999.00,-999.00,94419.33,-15.67,-25.49,-20.58,47.58,43.22,45.40,2,10.98,3.00,0.18,75.62,240.67,859.05,1619.86
Rodentia,Nesomyidae,Macrotarsomys,ingens,macrotarsomys ingens,1.00,54.99,-999.00,120.00,-999.00,-999.00,-999.00,-999.00,-999.00,-999.00,-999.00,3.00,-999.00,-999.00,-999.00,-999.00,-999.00,-999.00,-999.00,-999.00,-999.00,-999.00,-999.00,-999.00,-999,2.00,-999,-999.00,-999.00,-999.00,899;2152;2655,-999.00,-999.00,-999.00,-999.00,321.50,-16.26,-16.45,-16.36,47.17,46.98,47.08,17,23.00,17.00,0.18,129.00,264.50,906.50,1602.00
Peramelemorphia,Thylacomyidae,Macrotis,lagotis,macrotis lagotis,1.00,1229.58,-999.00,375.00,-999.00,-999.00,400.19,1138.00,7.00,-999.00,14.60,2.00,-999.00,-999.00,175.00,1.50,4.00,120.00,-999.00,-999.00,8.00,-999.00,177.68,1.00,-999,1.00,2,93.73,-999.00,-999.00,123;511;543;955;1015;1072;1219;1297;1412;1760;1822;1926;1946;2655;2679;2680;2682,-999.00,-999.00,-999.00,-999.00,1334006.79,-16.36,-27.96,-22.16,141.01,117.56,129.28,0,0.00,0.00,-999.00,24.38,234.87,348.56,1380.47
Peramelemorphia,Thylacomyidae,Macrotis,leucura,macrotis leucura,1.00,364.17,-999.00,-999.00,-999.00,-999.00,-999.00,-999.00,4.00,-999.00,-999.00,2.00,-999.00,-999.00,-999.00,2.00,-999.00,-999.00,-999.00,-999.00,-999.00,-999.00,-999.00,-999.00,-999,1.00,2,-999.00,-999.00,-999.00,955;1072;1760;2655,-999.00,-999.00,-999.00,-999.00,-999.00,-999.00,-999.00,-999.00,-999.00,-999.00,-999.00,-999,-999.00,-999.00,-999.00,-999.00,-999.00,-999.00,-999.00
Chiroptera,Phyllostomidae,Macrotus,californicus,macrotus californicus,-999.00,11.83,50.58,-999.00,-999.00,365.00,14.62,11.70,2.00,-999.00,250.29,1.00,-999.00,-999.00,-999.00,1.00,-999.00,124.80,2.52,37.54,-999.00,-999.00,216.03,-999.00,-999,2.00,2,35.51,-999.00,-999.00,438;508;543;832;984;1297;1405;1658;1705;1822;1948;2143;2151;2215;2622;2655;2789,-999.00,-999.00,-999.00,-999.00,632245.58,36.65,22.86,29.76,-107.01,-117.25,-112.13,0,23.55,0.00,0.14,21.10,179.70,404.57,1207.26
Chiroptera,Phyllostomidae,Macrotus,waterhousii,macrotus waterhousii,-999.00,16.27,51.64,58.36,-999.00,-999.00,-999.00,-999.00,-999.00,-999.00,-999.00,1.00,-999.00,-999.00,-999.00,0.98,-999.00,125.00,0.59,22.27,-999.00,120.00,-999.00,-999.00,-999,2.00,-999,-999.00,-999.00,-999.00,108;502;657;892;1297;1384;1388;1658;2143;2151;2655;3023,-999.00,-999.00,-999.00,-999.00,1814916.35,37.80,13.92,25.86,-65.59,-120.15,-92.87,0,74.50,1.00,0.11,64.49,193.75,771.43,1385.87
Rodentia,Muridae,Macruromys,elegans,macruromys elegans,-999.00,-999.00,-999.00,158.24,-999.00,-999.00,-999.00,-999.00,2.00,-999.00,-999.00,1.00,-999.00,-999.00,-999.00,-999.00,-999.00,-999.00,-999.00,-999.00,-999.00,-999.00,-999.00,-999.00,4,1.00,1,-999.00,-999.00,-999.00,977;2152;2803,116.75,-999.00,-999.00,-999.00,314.57,-3.83,-4.01,-3.92,135.67,135.49,135.58,2,4.33,2.00,0.06,191.66,200.33,1777.00,2107.00
Rodentia,Muridae,Macruromys,major,macruromys major,1.00,357.25,-999.00,241.75,-999.00,-999.00,-999.00,-999.00,2.00,-999.00,-999.00,1.00,-999.00,-999.00,-999.00,-999.00,-999.00,-999.00,-999.00,-999.00,-999.00,-999.00,-999.00,-999.00,4,1.00,1,-999.00,-999.00,-999.00,977;2152;2655;2803,-999.00,-999.00,-999.00,-999.00,107183.11,-3.44,-8.34,-5.89,147.28,138.79,143.03,1,10.42,1.00,0.14,304.67,200.51,1675.25,1682.92
Artiodactyla,Bovidae,Madoqua,guentheri,madoqua guentheri,3.00,4623.70,-999.00,612.07,-999.00,-999.00,-999.00,-999.00,6.00,327.33,175.00,1.00,0.03,0.05,-999.00,0.98,-999.00,168.00,684.00,-999.00,14.01,-999.00,138.60,6.25,4,1.00,1,74.25,-999.00,-999.00,869;1297;1525;1573;1603;1848;2655;2693,-999.00,-999.00,-999.00,-999.00,1526489.41,11.23,-2.54,4.34,50.52,31.43,40.98,1,21.74,1.00,0.08,41.43,237.91,618.60,1634.43
Artiodactyla,Bovidae,Madoqua,kirkii,madoqua kirkii,2.00,4833.40,-999.00,654.27,-999.00,501.87,2145.00,4290.00,5.00,338.82,171.49,1.00,-999.00,-999.00,182.50,0.98,-999.00,198.00,625.82,-999.00,19.00,-999.00,233.47,2.50,4,1.00,1,42.58,1633.49,-999.00,543;730;869;917;1052;1297;1525;1577;1604;1763;1822;1848;2629;2655;2693;2986;3057,-999.00,1.56,-999.00,-999.00,1734714.03,11.03,-24.20,-6.58,50.58,11.71,31.14,0,27.97,1.00,0.11,45.69,222.42,617.04,1577.87
Artiodactyla,Bovidae,Madoqua,piacentinii,madoqua piacentinii,3.00,2500.00,-999.00,-999.00,-999.00,-999.00,-999.00,-999.00,2.00,327.33,-999.00,-999.00,-999.00,-999.00,-999.00,1.00,-999.00,168.00,-999.00,-999.00,-999.00,-999.00,251.71,-999.00,-999,-999.00,1,-999.00,-999.00,-999.00,1848;2655,-999.00,-999.00,-999.00,-999.00,30486.05,6.06,2.20,4.13,48.96,45.62,47.29,4,18.05,4.00,0.05,18.05,264.91,339.62,1993.88
Artiodactyla,Bovidae,Madoqua,saltiana,madoqua saltiana,2.00,3424.47,-999.00,595.00,-999.00,-999.00,-999.00,-999.00,2.00,327.33,-999.00,-999.00,-999.00,-999.00,-999.00,1.00,-999.00,168.00,672.79,-999.00,-999.00,-999.00,253.75,1.50,4,-999.00,1,41.99,-999.00,-999.00,1297;1525;1848;2655;2693,-999.00,-999.00,-999.00,-999.00,1219720.78,19.33,0.20,9.77,51.41,35.96,43.68,1,20.77,3.00,0.09,31.60,244.74,453.34,1717.71
Rodentia,Muridae,Madromys,blanfordi,madromys blanfordi,-999.00,-999.00,-999.00,-999.00,-999.00,-999.00,-999.00,-999.00,-999.00,-999.00,-999.00,-999.00,-999.00,-999.00,-999.00,2.50,-999.00,-999.00,-999.00,-999.00,-999.00,-999.00,-999.00,-999.00,-999,-999.00,-999,68.66,-999.00,-999.00,1297,-999.00,-999.00,-999.00,-999.00,971799.78,25.34,5.91,15.62,86.01,73.00,79.51,39,283.78,96.00,0.08,100.43,257.58,833.45,1520.08
Rodentia,Echimyidae,Makalata,didelphoides,makalata didelphoides,1.00,398.66,-999.00,-999.00,-999.00,-999.00,-999.00,-999.00,-999.00,-999.00,-999.00,1.00,-999.00,-999.00,-999.00,1.00,-999.00,37.20,-999.00,-999.00,155.01,-999.00,-999.00,-999.00,-999,2.00,-999,-999.00,-999.00,-999.00,543;730;1297;2151;2655,-999.00,-999.00,-999.00,-999.00,3346517.79,9.76,-14.81,-2.52,-46.49,-74.87,-60.68,0,5.53,0.00,0.14,169.07,250.29,1468.58,1636.97
Rodentia,Echimyidae,Makalata,grandis,makalata grandis,1.00,584.00,-999.00,-999.00,-999.00,-999.00,-999.00,-999.00,-999.00,-999.00,-999.00,1.00,-999.00,-999.00,-999.00,-999.00,-999.00,-999.00,-999.00,-999.00,-999.00,-999.00,-999.00,-999.00,-999,2.00,-999,-999.00,-999.00,-999.00,890;2655,-999.00,-999.00,-999.00,-999.00,73011.97,-1.40,-3.45,-2.42,-52.63,-58.53,-55.58,1,3.69,1.00,0.13,148.50,259.05,1389.53,1631.92
Rodentia,Echimyidae,Makalata,macrura,makalata macrura,-999.00,439.00,-999.00,-999.00,-999.00,-999.00,-999.00,-999.00,-999.00,-999.00,-999.00,-999.00,-999.00,-999.00,-999.00,-999.00,-999.00,-999.00,-999.00,-999.00,-999.00,-999.00,-999.00,-999.00,-999,-999.00,-999,-999.00,-999.00,-999.00,2655,-999.00,-999.00,-999.00,-999.00,437079.58,-4.98,-14.04,-9.51,-69.05,-76.90,-72.98,0,5.87,0.00,0.12,202.16,225.28,1392.72,1510.47
Rodentia,Echimyidae,Makalata,obscura,makalata obscura,1.00,108.00,-999.00,-999.00,-999.00,-999.00,-999.00,-999.00,-999.00,-999.00,-999.00,1.00,-999.00,-999.00,-999.00,-999.00,-999.00,-999.00,-999.00,-999.00,-999.00,-999.00,-999.00,-999.00,-999,2.00,-999,-999.00,-999.00,-999.00,2151;2655,-999.00,-999.00,-999.00,-999.00,-999.00,-999.00,-999.00,-999.00,-999.00,-999.00,-999.00,-999,-999.00,-999.00,-999.00,-999.00,-999.00,-999.00,-999.00
Rodentia,Echimyidae,Makalata,occasius,makalata occasius,-999.00,-999.00,-999.00,-999.00,-999.00,-999.00,-999.00,-999.00,-999.00,-999.00,-999.00,-999.00,-999.00,-999.00,-999.00,-999.00,-999.00,-999.00,-999.00,-999.00,-999.00,-999.00,-999.00,-999.00,-999,-999.00,-999,-999.00,-999.00,-999.00,-999,-999.00,-999.00,-999.00,-999.00,-999.00,-999.00,-999.00,-999.00,-999.00,-999.00,-999.00,-999,-999.00,-999.00,-999.00,-999.00,-999.00,-999.00,-999.00
Rodentia,Echimyidae,Makalata,rhipidura,makalata rhipidura,-999.00,315.00,-999.00,-999.00,-999.00,-999.00,-999.00,-999.00,-999.00,-999.00,-999.00,-999.00,-999.00,-999.00,-999.00,-999.00,-999.00,-999.00,-999.00,-999.00,-999.00,-999.00,-999.00,-999.00,-999,-999.00,-999,-999.00,-999.00,-999.00,2655,-999.00,-999.00,-999.00,-999.00,26835.71,-3.04,-4.75,-3.89,-72.58,-74.59,-73.59,1,2.75,1.00,0.12,232.38,265.62,1495.68,1495.68
Rodentia,Muridae,Malacomys,cansdalei,malacomys cansdalei,-999.00,-999.00,-999.00,-999.00,-999.00,-999.00,-999.00,-999.00,-999.00,-999.00,-999.00,-999.00,-999.00,-999.00,-999.00,-999.00,-999.00,-999.00,-999.00,-999.00,-999.00,-999.00,-999.00,-999.00,-999,-999.00,-999,-999.00,-999.00,-999.00,-999,-999.00,-999.00,-999.00,-999.00,135469.39,7.57,4.73,6.15,-0.05,-5.53,-2.79,18,122.55,20.00,0.13,118.50,263.75,1363.82,1607.24
Rodentia,Muridae,Malacomys,edwardsi,malacomys edwardsi,-999.00,63.78,-999.00,-999.00,-999.00,-999.00,-999.00,-999.00,-999.00,-999.00,-999.00,-999.00,2.848797e-03,3.633282e-03,-999.00,2.46,-999.00,-999.00,-999.00,-999.00,155.03,-999.00,-999.00,-999.00,-999,-999.00,-999,-999.00,-999.00,-999.00,730;1256;1297;2655,-999.00,-999.00,-999.00,-999.00,387957.64,9.53,4.35,6.94,6.08,-13.29,-3.60,3,125.24,13.00,0.09,172.79,259.00,1310.52,1583.32
Rodentia,Muridae,Malacomys,longipes,malacomys longipes,1.00,95.64,-999.00,-999.00,-999.00,-999.00,-999.00,-999.00,-999.00,-999.00,-999.00,1.00,-999.00,-999.00,-999.00,2.91,-999.00,-999.00,-999.00,-999.00,-999.00,-999.00,-999.00,-999.00,-999,1.00,-999,-999.00,-999.00,-999.00,904;1297;2361;2655,-999.00,-999.00,-999.00,-999.00,3123799.92,7.78,-10.89,-1.55,32.52,-8.73,11.89,0,42.30,1.00,0.13,144.84,243.11,1346.51,1553.25
Rodentia,Nesomyidae,Malacothrix,typica,malacothrix typica,-999.00,17.02,-999.00,-999.00,-999.00,111.00,20.61,21.70,3.00,-999.00,26.37,-999.00,-999.00,-999.00,-999.00,4.04,1.00,-999.00,1.19,26.00,-999.00,-999.00,65.61,-999.00,-999,-999.00,2,31.81,-999.00,-999.00,1297;1584;1822;2655,-999.00,-999.00,-999.00,-999.00,1821447.98,-7.63,-34.83,-21.23,28.08,13.67,20.87,0,12.00,0.00,0.09,38.38,186.15,480.67,1281.22
Rodentia,Muridae,Mallomys,aroaensis,mallomys aroaensis,-999.00,1663.99,-999.00,405.75,-999.00,-999.00,-999.00,-999.00,1.00,-999.00,-999.00,3.00,-999.00,-999.00,-999.00,1.02,-999.00,-999.00,-999.00,-999.00,-999.00,-999.00,-999.00,-999.00,6,2.00,1,-999.00,-999.00,-999.00,661;971;977;2152;2655;2803,-999.00,-999.00,-999.00,-999.00,110553.66,-1.05,-10.21,-5.63,149.80,133.82,141.81,1,12.91,2.00,0.12,298.45,183.30,1668.68,1688.90
Rodentia,Muridae,Mallomys,gunung,mallomys gunung,-999.00,2041.47,-999.00,442.03,-999.00,-999.00,-999.00,-999.00,1.00,-999.00,-999.00,1.00,-999.00,-999.00,-999.00,-999.00,-999.00,-999.00,-999.00,-999.00,-999.00,-999.00,-999.00,-999.00,6,2.00,1,-999.00,-999.00,-999.00,977;2152;2655,-999.00,-999.00,-999.00,-999.00,710.81,-3.69,-4.09,-3.89,138.97,137.66,138.31,6,6.66,6.00,0.17,178.00,140.66,1716.67,1716.67
Rodentia,Muridae,Mallomys,istapantap,mallomys istapantap,-999.00,1990.43,-999.00,416.90,-999.00,-999.00,-999.00,-999.00,2.00,-999.00,-999.00,3.00,-999.00,-999.00,-999.00,1.07,-999.00,-999.00,-999.00,-999.00,-999.00,-999.00,-999.00,-999.00,6,2.00,1,-999.00,-999.00,-999.00,971;977;2152;2655,-999.00,-999.00,-999.00,-999.00,20432.86,-3.82,-8.82,-6.32,147.48,137.08,142.28,2,10.94,2.00,0.14,235.57,147.77,1678.05,1678.05
Rodentia,Muridae,Mallomys,rothschildi,mallomys rothschildi,1.00,1157.50,-999.00,380.85,-999.00,-999.00,-999.00,-999.00,1.00,-999.00,-999.00,2.00,-999.00,-999.00,-999.00,1.02,-999.00,-999.00,-999.00,-999.00,-999.00,-999.00,-999.00,-999.00,6,2.00,1,-999.00,-999.00,348.92,292;456;977;1297;2152;2655;2803,-999.00,-999.00,-999.00,780.77,141297.45,-3.50,-8.86,-6.18,147.57,135.25,141.41,1,9.96,2.00,0.14,267.81,193.87,1683.07,1706.04
Rodentia,Muridae,Malpaisomys,insularis,malpaisomys insularis,-999.00,-999.00,-999.00,-999.00,-999.00,-999.00,-999.00,-999.00,-999.00,-999.00,-999.00,-999.00,-999.00,-999.00,-999.00,-999.00,-999.00,-999.00,-999.00,-999.00,-999.00,-999.00,-999.00,-999.00,-999,-999.00,-999,-999.00,-999.00,-999.00,-999,-999.00,-999.00,-999.00,-999.00,-999.00,-999.00,-999.00,-999.00,-999.00,-999.00,-999.00,-999,-999.00,-999.00,-999.00,-999.00,-999.00,-999.00,-999.00
Rodentia,Muridae,Mammelomys,lanosus,mammelomys lanosus,-999.00,117.10,-999.00,161.13,10.00,-999.00,-999.00,-999.00,3.00,-999.00,-999.00,-999.00,-999.00,-999.00,-999.00,2.68,-999.00,-999.00,-999.00,-999.00,-999.00,-999.00,-999.00,-999.00,3,-999.00,1,20.00,-999.00,-999.00,977;2152;2655;2803,-999.00,-999.00,-999.00,-999.00,12239.07,-3.55,-5.55,-4.55,141.83,138.32,140.08,1,4.58,1.00,0.25,214.53,197.80,1694.06,1694.06
Rodentia,Muridae,Mammelomys,rattoides,mammelomys rattoides,-999.00,209.49,-999.00,204.42,10.00,-999.00,-999.00,-999.00,3.00,-999.00,-999.00,2.00,-999.00,-999.00,-999.00,1.69,-999.00,-999.00,-999.00,-999.00,-999.00,-999.00,185.61,-999.00,3,1.00,1,20.00,-999.00,-999.00,977;2152;2655;2803,-999.00,-999.00,-999.00,-999.00,90705.71,-1.68,-7.40,-4.54,146.96,135.93,141.44,2,7.49,2.00,0.17,234.26,255.35,1705.97,1736.18
Primates,Cercopithecidae,Mandrillus,leucophaeus,mandrillus leucophaeus,3.00,14253.30,-999.00,700.00,-999.00,1825.00,-999.00,-999.00,3.00,-999.00,179.22,1.00,-999.00,-999.00,513.43,1.01,0.50,400.80,718.15,-999.00,-999.00,22.50,1745.96,17.00,-999,1.00,2,486.66,-999.00,-999.00,208;543;899;1297;1544;1547;1848;2344;2489;2493;2655;2660;2986,-999.00,-999.00,-999.00,-999.00,106294.34,7.22,3.20,5.21,11.41,7.93,9.67,7,91.24,10.00,0.10,203.29,242.78,1219.88,1533.71
Primates,Cercopithecidae,Mandrillus,sphinx,mandrillus sphinx,3.00,16685.06,-999.00,758.94,-999.00,1460.00,-999.00,-999.00,4.00,-999.00,173.99,2.00,26.34,-999.00,521.64,1.02,-999.00,555.96,612.89,-999.00,21.40,30.00,2122.11,13.90,-999,2.00,2,348.01,3000.00,-999.00,208;543;899;904;1297;1544;1547;1763;1767;1848;2344;2489;2493;2655;2660;2878;2986,-999.00,0.91,-999.00,-999.00,287896.72,4.49,-6.01,-0.76,13.65,8.69,11.17,1,22.96,1.00,0.08,161.18,243.83,1259.00,1505.11
Pholidota,Manidae,Manis,crassicaudata,manis crassicaudata,1.00,8017.56,-999.00,542.69,0.00,-999.00,1240.98,15910.00,1.00,-999.00,67.50,3.00,-999.00,-999.00,365.00,1.00,1.00,162.00,311.12,191.70,-999.00,-999.00,755.15,-999.00,2,2.00,3,-999.00,-999.00,-999.00,7;543;1297;1304;1822;1848;1947;2151;2655,-999.00,-999.00,-999.00,-999.00,2913173.88,33.23,5.91,19.57,91.38,66.62,79.00,18,368.94,74.00,0.09,91.59,254.18,752.28,1445.98
Pholidota,Manidae,Manis,culionensis,manis culionensis,-999.00,-999.00,-999.00,-999.00,-999.00,-999.00,-999.00,-999.00,-999.00,-999.00,-999.00,-999.00,-999.00,-999.00,-999.00,-999.00,-999.00,-999.00,-999.00,-999.00,-999.00,-999.00,-999.00,-999.00,-999,-999.00,-999,-999.00,-999.00,-999.00,-999,-999.00,-999.00,-999.00,-999.00,11958.33,11.98,8.32,10.15,120.07,117.17,118.62,22,41.52,22.00,0.21,224.00,249.78,-999.00,-999.00
Rodentia,Sciuridae,Marmota,vancouverensis,marmota vancouverensis,3.00,5232.43,-999.00,466.84,-999.00,-999.00,-999.00,-999.00,4.00,714.87,31.65,2.00,-999.00,-999.00,-999.00,3.59,-999.00,-999.00,-999.00,-999.00,-999.00,-999.00,1241.53,8.00,-999,1.00,1,-999.00,-999.00,-999.00,116;511;899;1297;2105;2655,-999.00,-999.00,-999.00,-999.00,6678.32,49.51,48.38,48.95,-123.75,-125.34,-124.55,1,17.86,1.00,0.12,175.79,64.88,486.00,509.00
Carnivora,Mustelidae,Martes,americana,martes americana,2.00,873.69,-999.00,381.36,36.97,365.00,584.85,885.00,1.00,-999.00,27.63,1.00,3.66,3.91,365.00,2.60,-999.00,228.00,31.30,-999.00,0.67,-999.00,456.25,-999.00,4,1.00,3,45.73,386.78,-999.00,367;542;543;730;1113;1297;1573;1822;2655;2986,-999.00,1.10,-999.00,-999.00,7620172.14,69.50,36.20,52.85,-53.62,-161.53,-107.58,0,4.32,0.00,0.05,48.46,-26.12,328.07,407.62
Carnivora,Mustelidae,Martes,flavigula,martes flavigula,3.00,2504.64,-999.00,548.36,32.50,-999.00,-999.00,-999.00,1.00,-999.00,149.65,1.00,-999.00,-999.00,182.50,3.53,-999.00,168.00,57.50,-999.00,-999.00,-999.00,1262.74,-999.00,4,1.00,3,89.49,-999.00,-999.00,543;1113;1297;2655,-999.00,1.56,-999.00,-999.00,5260689.70,50.05,-8.64,20.70,139.18,69.18,104.18,1,141.77,4.00,0.09,134.90,149.09,1019.36,1213.78
Carnivora,Mustelidae,Martes,foina,martes foina,2.00,1675.00,-999.00,458.63,-999.00,365.00,-999.00,-999.00,1.00,-999.00,29.86,1.00,2.15,2.28,365.00,3.78,-999.00,217.20,30.00,-999.00,-999.00,-999.00,742.46,-999.00,4,1.00,3,74.11,-999.00,-999.00,543;1113;1297;1573;2655,-999.00,1.10,-999.00,-999.00,7011029.37,54.21,26.15,40.18,116.03,-9.49,53.26,0,97.94,2.00,0.05,50.11,68.78,443.88,805.81
Carnivora,Mustelidae,Martes,gwatkinsii,martes gwatkinsii,2.00,2038.49,-999.00,511.33,-999.00,-999.00,-999.00,-999.00,3.00,-999.00,-999.00,1.00,-999.00,-999.00,-999.00,-999.00,-999.00,-999.00,-999.00,-999.00,-999.00,1.00,-999.00,-999.00,4,1.00,2,90.73,-999.00,-999.00,1015;1113;2655,-999.00,-999.00,-999.00,-999.00,9366.98,11.19,8.58,9.88,77.39,76.37,76.88,233,509.72,233.00,0.05,155.37,259.98,1154.52,1552.72
Carnivora,Mustelidae,Martes,martes,martes martes,1.00,1299.99,-999.00,457.01,29.96,365.00,948.60,1185.50,1.00,157.50,30.63,1.00,2.15,2.31,365.00,3.49,0.75,204.00,30.00,-999.00,0.44,-999.00,508.47,-999.00,4,1.00,3,54.19,679.99,-999.00,367;542;543;1113;1297;1573;2655;2986,-999.00,-999.00,-999.00,-999.00,8361437.29,70.06,36.65,53.35,84.51,-10.47,37.01,0,75.76,0.00,-6.47706467387921e-04,51.92,42.55,399.41,439.22
Carnivora,Mustelidae,Martes,melampus,martes melampus,-999.00,1000.00,-999.00,440.51,-999.00,-999.00,-999.00,-999.00,-999.00,-999.00,-999.00,1.00,-999.00,-999.00,-999.00,-999.00,-999.00,-999.00,-999.00,-999.00,-999.00,-999.00,-999.00,-999.00,4,1.00,-999,-999.00,-999.00,-999.00,1113;2655,-999.00,-999.00,-999.00,-999.00,377250.77,41.54,30.98,36.26,142.07,126.11,134.09,74,400.13,93.00,4.74927806160193e-03,132.97,103.02,779.57,857.11
Carnivora,Mustelidae,Martes,pennanti,martes pennanti,2.00,3750.00,-999.00,749.51,53.00,730.00,-999.00,-999.00,1.00,150.00,31.28,1.00,14.89,15.96,365.00,3.02,-999.00,121.76,28.97,-999.00,0.17,-999.00,413.84,-999.00,4,1.00,3,76.76,-999.00,-999.00,542;543;730;1113;1297;1573;1577;2655;2986,-999.00,1.10,-999.00,-999.00,3481123.82,61.76,35.73,48.74,-60.96,-133.93,-97.45,0,7.19,0.00,0.04,54.09,9.25,400.43,505.86
Carnivora,Mustelidae,Martes,zibellina,martes zibellina,2.00,1173.91,-999.00,449.90,35.16,-999.00,-999.00,-999.00,6.00,-999.00,30.80,1.00,12.71,15.20,-999.00,3.13,-999.00,180.00,31.22,-999.00,0.07,-999.00,479.51,-999.00,4,1.00,2,52.23,599.99,-999.00,543;1113;1297;2620;2655,-999.00,-999.00,-999.00,-999.00,6492749.47,71.47,39.90,55.69,178.28,55.68,116.98,0,6.04,0.00,-0.01,31.80,-78.28,294.24,327.78
Rodentia,Ctenodactylidae,Massoutiera,mzabi,massoutiera mzabi,3.00,194.00,-999.00,-999.00,0.00,-999.00,-999.00,-999.00,3.00,-999.00,55.72,-999.00,-999.00,-999.00,-999.00,2.04,-999.00,-999.00,20.50,-999.00,-999.00,-999.00,374.16,-999.00,-999,-999.00,1,-999.00,-999.00,-999.00,1297;1810;2655,-999.00,-999.00,-999.00,-999.00,1150302.75,33.05,18.58,25.82,18.49,1.88,10.18,0,0.60,0.00,0.12,2.61,240.71,49.95,1220.58
Rodentia,Muridae,Mastacomys,fuscus,mastacomys fuscus,-999.00,125.72,-999.00,166.26,-999.00,-999.00,-999.00,-999.00,-999.00,-999.00,35.46,-999.00,4.91678e-04,4.61282e-04,-999.00,1.41,-999.00,-999.00,7.25,-999.00,-999.00,-999.00,-999.00,-999.00,4,-999.00,-999,43.54,-999.00,143.39,456;523;1176;1297;1573;2655;2803,-999.00,-999.00,-999.00,81.06,110002.92,-32.56,-42.97,-37.76,151.25,142.63,146.94,0,27.95,1.00,0.03,66.31,116.44,638.04,898.51
Rodentia,Muridae,Mastomys,awashensis,mastomys awashensis,-999.00,-999.00,-999.00,-999.00,-999.00,-999.00,-999.00,-999.00,-999.00,-999.00,-999.00,-999.00,-999.00,-999.00,-999.00,-999.00,-999.00,-999.00,-999.00,-999.00,-999.00,-999.00,-999.00,-999.00,-999,-999.00,-999,-999.00,-999.00,-999.00,-999,-999.00,-999.00,-999.00,-999.00,-999.00,-999.00,-999.00,-999.00,-999.00,-999.00,-999.00,-999,-999.00,-999.00,-999.00,-999.00,-999.00,-999.00,-999.00
Rodentia,Muridae,Mastomys,coucha,mastomys coucha,-999.00,53.81,-999.00,-999.00,-999.00,-999.00,-999.00,-999.00,-999.00,-999.00,-999.00,-999.00,-999.00,-999.00,35.74,7.96,-999.00,-999.00,2.12,-999.00,-999.00,-999.00,-999.00,-999.00,-999,-999.00,-999,-999.00,-999.00,-999.00,456;1731;2655,-999.00,3.56,-999.00,-999.00,636382.99,-17.94,-34.21,-26.07,32.79,16.91,24.85,0,33.86,1.00,0.10,47.20,176.25,635.68,1253.74
Rodentia,Muridae,Mastomys,erythroleucus,mastomys erythroleucus,-999.00,64.07,-999.00,-999.00,-999.00,-999.00,-999.00,-999.00,-999.00,-999.00,21.13,-999.00,-999.00,-999.00,-999.00,11.23,-999.00,-999.00,-999.00,-999.00,775.93,-999.00,89.44,-999.00,-999,-999.00,-999,-999.00,12.00,-999.00,442;730;1297;1400;2655,-999.00,-999.00,-999.00,-999.00,1680829.11,31.97,6.42,19.19,37.00,-17.53,9.73,0,35.99,1.00,0.10,46.14,268.27,534.92,1596.47
Rodentia,Muridae,Mastomys,huberti,mastomys huberti,-999.00,-999.00,-999.00,-999.00,-999.00,-999.00,-999.00,-999.00,-999.00,-999.00,-999.00,-999.00,-999.00,-999.00,-999.00,-999.00,-999.00,-999.00,-999.00,-999.00,-999.00,-999.00,-999.00,-999.00,-999,-999.00,-999,-999.00,-999.00,-999.00,-999,-999.00,-999.00,-999.00,-999.00,5357106.48,14.85,-3.62,5.61,51.41,-17.53,16.93,0,41.43,1.00,0.10,87.00,246.61,890.62,1604.00
Rodentia,Muridae,Mastomys,kollmannspergeri,mastomys kollmannspergeri,-999.00,-999.00,-999.00,-999.00,-999.00,-999.00,-999.00,-999.00,-999.00,-999.00,-999.00,-999.00,-999.00,-999.00,-999.00,-999.00,-999.00,-999.00,-999.00,-999.00,-999.00,-999.00,-999.00,-999.00,-999,-999.00,-999,-999.00,-999.00,-999.00,-999,-999.00,-999.00,-999.00,-999.00,19075.98,12.63,10.11,11.37,15.57,14.19,14.88,24,48.78,24.00,0.17,65.36,279.59,684.18,1650.74
Rodentia,Muridae,Mastomys,natalensis,mastomys natalensis,-999.00,41.85,-999.00,119.66,15.50,88.10,32.97,41.74,2.00,-999.00,23.64,-999.00,9.18251e-04,8.61482e-04,28.00,9.23,2.00,-999.00,1.98,30.70,1305.24,-999.00,60.09,-999.00,-999,-999.00,2,20.00,12.09,-999.00,456;584;730;774;1244;1297;1573;1584;1798;1822;1975;2112;2361;2655;2815;3054,-999.00,-999.00,-999.00,-999.00,1375775.65,13.98,-33.44,-9.72,38.59,-13.93,12.32,0,32.35,1.00,0.12,65.35,206.80,784.37,1393.98
Rodentia,Muridae,Mastomys,pernanus,mastomys pernanus,-999.00,-999.00,-999.00,-999.00,-999.00,-999.00,-999.00,-999.00,-999.00,-999.00,-999.00,-999.00,-999.00,-999.00,-999.00,-999.00,-999.00,-999.00,-999.00,-999.00,-999.00,-999.00,-999.00,-999.00,-999,-999.00,-999,-999.00,-999.00,-999.00,-999,-999.00,-999.00,-999.00,-999.00,24744.58,-1.00,-2.96,-1.98,35.88,30.04,32.96,10,62.59,10.00,0.16,74.76,197.88,1143.55,1579.27
Rodentia,Muridae,Mastomys,shortridgei,mastomys shortridgei,-999.00,46.50,-999.00,-999.00,-999.00,-999.00,-999.00,-999.00,-999.00,-999.00,-999.00,-999.00,-999.00,-999.00,-999.00,-999.00,-999.00,-999.00,-999.00,-999.00,-999.00,-999.00,-999.00,-999.00,-999,-999.00,-999,-999.00,-999.00,-999.00,2655,-999.00,-999.00,-999.00,-999.00,22875.26,-17.53,-18.59,-18.06,21.67,18.93,20.30,1,1.99,1.00,0.00,46.30,234.69,614.78,1498.73
Rodentia,Muridae,Maxomys,alticola,maxomys alticola,-999.00,158.96,-999.00,167.50,-999.00,-999.00,-999.00,-999.00,-999.00,-999.00,-999.00,-999.00,-999.00,-999.00,-999.00,-999.00,-999.00,-999.00,-999.00,-999.00,-999.00,-999.00,-999.00,-999.00,-999,-999.00,-999,-999.00,-999.00,-999.00,2152,-999.00,-999.00,-999.00,-999.00,632.78,6.16,5.43,5.80,116.67,116.36,116.52,5,56.81,5.00,0.29,235.50,225.49,1831.82,1875.16
Rodentia,Muridae,Maxomys,baeodon,maxomys baeodon,-999.00,158.96,-999.00,167.50,-999.00,-999.00,-999.00,-999.00,-999.00,-999.00,-999.00,-999.00,-999.00,-999.00,-999.00,-999.00,-999.00,-999.00,-999.00,-999.00,-999.00,-999.00,-999.00,-999.00,-999,-999.00,-999,-999.00,-999.00,-999.00,2152,-999.00,-999.00,-999.00,-999.00,71553.03,6.30,3.09,4.70,118.45,114.01,116.23,3,20.30,3.00,0.27,282.34,233.75,1746.58,1809.10
Rodentia,Muridae,Maxomys,bartelsii,maxomys bartelsii,-999.00,88.46,-999.00,-999.00,-999.00,-999.00,-999.00,-999.00,-999.00,-999.00,-999.00,-999.00,-999.00,-999.00,-999.00,-999.00,-999.00,-999.00,-999.00,-999.00,-999.00,-999.00,-999.00,-999.00,-999,-999.00,-999,-999.00,-999.00,-999.00,456,-999.00,-999.00,-999.00,-999.00,15245.13,-6.53,-7.40,-6.96,109.54,106.49,108.02,270,785.46,270.00,0.06,232.90,231.16,1624.00,1831.00
Rodentia,Muridae,Maxomys,dollmani,maxomys dollmani,-999.00,-999.00,-999.00,-999.00,-999.00,-999.00,-999.00,-999.00,-999.00,-999.00,-999.00,-999.00,-999.00,-999.00,-999.00,-999.00,-999.00,-999.00,-999.00,-999.00,-999.00,-999.00,-999.00,-999.00,-999,-999.00,-999,-999.00,-999.00,-999.00,-999,-999.00,-999.00,-999.00,-999.00,665.57,-2.84,-3.68,-3.26,121.85,119.55,120.70,33,55.00,33.00,0.02,229.66,166.65,1791.00,2062.45
Rodentia,Muridae,Maxomys,hellwaldii,maxomys hellwaldii,-999.00,-999.00,-999.00,-999.00,-999.00,-999.00,-999.00,-999.00,-999.00,-999.00,-999.00,-999.00,-999.00,-999.00,-999.00,-999.00,-999.00,-999.00,-999.00,-999.00,-999.00,-999.00,-999.00,-999.00,-999,-999.00,-999,-999.00,-999.00,-999.00,-999,-999.00,-999.00,-999.00,-999.00,170486.35,1.75,-5.70,-1.97,125.24,118.75,121.99,17,96.75,17.00,0.08,229.41,215.47,1812.60,1909.15
Rodentia,Muridae,Maxomys,hylomyoides,maxomys hylomyoides,-999.00,-999.00,-999.00,-999.00,-999.00,-999.00,-999.00,-999.00,-999.00,-999.00,-999.00,-999.00,-999.00,-999.00,-999.00,-999.00,-999.00,-999.00,-999.00,-999.00,-999.00,-999.00,-999.00,-999.00,-999,-999.00,-999,-999.00,-999.00,-999.00,-999,-999.00,-999.00,-999.00,-999.00,17894.61,1.02,-2.03,-0.50,101.74,99.55,100.64,36,98.42,36.00,0.09,281.04,226.42,1672.07,1783.76
Rodentia,Muridae,Maxomys,inas,maxomys inas,-999.00,89.99,-999.00,-999.00,-999.00,-999.00,-999.00,-999.00,-999.00,-999.00,-999.00,-999.00,-999.00,-999.00,-999.00,2.91,-999.00,-999.00,-999.00,-999.00,-999.00,-999.00,-999.00,-999.00,-999,-999.00,-999,-999.00,-999.00,-999.00,1297;2655,-999.00,-999.00,-999.00,-999.00,14105.16,5.49,3.60,4.54,102.30,100.87,101.58,12,69.44,12.00,0.07,202.53,250.18,1664.42,1763.41
Rodentia,Muridae,Maxomys,inflatus,maxomys inflatus,-999.00,-999.00,-999.00,-999.00,-999.00,-999.00,-999.00,-999.00,-999.00,-999.00,-999.00,-999.00,-999.00,-999.00,-999.00,-999.00,-999.00,-999.00,-999.00,-999.00,-999.00,-999.00,-999.00,-999.00,-999,-999.00,-999,-999.00,-999.00,-999.00,-999,-999.00,-999.00,-999.00,-999.00,83340.37,2.31,-3.18,-0.43,103.26,98.80,101.03,20,69.43,23.00,0.13,261.89,241.96,1696.43,1742.80
Rodentia,Muridae,Maxomys,moi,maxomys moi,-999.00,-999.00,-999.00,-999.00,-999.00,-999.00,-999.00,-999.00,-999.00,-999.00,-999.00,-999.00,-999.00,-999.00,-999.00,-999.00,-999.00,-999.00,-999.00,-999.00,-999.00,-999.00,-999.00,-999.00,-999,-999.00,-999,-999.00,-999.00,-999.00,-999,-999.00,-999.00,-999.00,-999.00,20733.37,14.80,11.67,13.23,108.79,107.45,108.12,4,57.83,4.00,0.16,179.33,227.36,1178.18,1458.74
Rodentia,Muridae,Maxomys,musschenbroekii,maxomys musschenbroekii,-999.00,-999.00,-999.00,-999.00,-999.00,-999.00,-999.00,-999.00,-999.00,-999.00,-999.00,-999.00,-999.00,-999.00,-999.00,-999.00,-999.00,-999.00,-999.00,-999.00,-999.00,-999.00,-999.00,-999.00,-999,-999.00,-999,-999.00,-999.00,-999.00,-999,-999.00,-999.00,-999.00,-999.00,170486.35,1.75,-5.70,-1.97,125.24,118.75,121.99,17,96.75,17.00,0.08,229.41,215.47,1812.60,1909.15
Rodentia,Muridae,Maxomys,ochraceiventer,maxomys ochraceiventer,-999.00,158.96,-999.00,167.50,-999.00,-999.00,-999.00,-999.00,-999.00,-999.00,-999.00,-999.00,-999.00,-999.00,-999.00,-999.00,-999.00,-999.00,-999.00,-999.00,-999.00,-999.00,-999.00,-999.00,-999,-999.00,-999,-999.00,-999.00,-999.00,2152,-999.00,-999.00,-999.00,-999.00,31248.43,6.23,0.85,3.54,116.94,114.39,115.66,3,20.55,3.00,0.26,270.46,221.44,1763.90,1809.06
Rodentia,Muridae,Maxomys,pagensis,maxomys pagensis,-999.00,-999.00,-999.00,-999.00,-999.00,-999.00,-999.00,-999.00,-999.00,-999.00,-999.00,-999.00,-999.00,-999.00,-999.00,-999.00,-999.00,-999.00,-999.00,-999.00,-999.00,-999.00,-999.00,-999.00,-999,-999.00,-999,-999.00,-999.00,-999.00,-999,-999.00,-999.00,-999.00,-999.00,6044.85,-0.91,-3.34,-2.13,100.47,98.58,99.52,43,55.33,43.00,0.11,340.00,259.00,-999.00,-999.00
Rodentia,Muridae,Maxomys,panglima,maxomys panglima,-999.00,158.96,-999.00,167.50,-999.00,-999.00,-999.00,-999.00,-999.00,-999.00,-999.00,-999.00,-999.00,-999.00,-999.00,-999.00,-999.00,-999.00,-999.00,-999.00,-999.00,-999.00,-999.00,-999.00,-999,-999.00,-999,-999.00,-999.00,-999.00,2152,-999.00,-999.00,-999.00,-999.00,13227.89,12.33,7.80,10.06,120.34,116.93,118.63,22,43.33,25.00,0.21,224.00,249.78,-999.00,-999.00
Rodentia,Muridae,Maxomys,rajah,maxomys rajah,-999.00,150.00,-999.00,167.50,-999.00,-999.00,-999.00,-999.00,-999.00,-999.00,-999.00,-999.00,-999.00,-999.00,-999.00,3.29,-999.00,-999.00,-999.00,-999.00,-999.00,-999.00,-999.00,-999.00,-999,-999.00,-999,-999.00,-999.00,-999.00,900;1297;1849;2152;2655,-999.00,-999.00,-999.00,-999.00,1321289.81,7.26,-5.94,0.65,119.26,95.18,107.22,1,71.36,4.00,0.15,243.54,248.52,1686.88,1743.09
Rodentia,Muridae,Maxomys,surifer,maxomys surifer,-999.00,150.48,-999.00,167.50,-999.00,-999.00,-999.00,-999.00,-999.00,-999.00,-999.00,-999.00,-999.00,-999.00,-999.00,3.54,-999.00,-999.00,-999.00,-999.00,-999.00,-999.00,-999.00,-999.00,-999,-999.00,-999,-999.00,-999.00,-999.00,456;606;2152;2655,-999.00,-999.00,-999.00,-999.00,2762328.02,21.37,-8.78,6.29,119.26,94.19,106.73,1,140.85,4.00,0.12,202.80,245.51,1405.75,1647.29
Rodentia,Muridae,Maxomys,wattsi,maxomys wattsi,-999.00,-999.00,-999.00,-999.00,-999.00,-999.00,-999.00,-999.00,-999.00,-999.00,-999.00,-999.00,-999.00,-999.00,-999.00,-999.00,-999.00,-999.00,-999.00,-999.00,-999.00,-999.00,-999.00,-999.00,-999,-999.00,-999,-999.00,-999.00,-999.00,-999,-999.00,-999.00,-999.00,-999.00,311.03,-1.55,-1.73,-1.64,121.49,121.31,121.40,17,17.00,17.00,0.13,234.00,190.00,1798.00,1831.00
Rodentia,Muridae,Maxomys,whiteheadi,maxomys whiteheadi,-999.00,54.33,-999.00,167.50,-999.00,-999.00,-999.00,-999.00,-999.00,-999.00,-999.00,-999.00,-999.00,-999.00,-999.00,3.00,-999.00,-999.00,-999.00,-999.00,44.28,-999.00,-999.00,-999.00,-999,-999.00,-999,-999.00,-999.00,-999.00,456;730;1297;1849;2152;2655;3019,-999.00,-999.00,-999.00,-999.00,1330551.32,7.98,-5.94,1.02,119.26,95.18,107.22,1,71.67,4.00,0.15,243.11,248.63,1686.88,1743.09
Artiodactyla,Cervidae,Mazama,americana,mazama americana,2.00,20546.86,-999.00,-999.00,-999.00,-999.00,-999.00,-999.00,2.00,-999.00,225.00,1.00,-999.00,-999.00,-999.00,1.22,-999.00,165.60,-999.00,-999.00,9.30,-999.00,-999.00,1.00,-999,1.00,1,-999.00,-999.00,-999.00,200;543;653;730;905;1297;1852;2151;2431;2525;2655;2986;3009;3010,-999.00,-999.00,-999.00,-999.00,12346897.93,12.46,-32.18,-9.86,-34.79,-78.03,-56.41,0,23.26,0.00,0.11,149.07,240.37,1294.79,1520.03
Artiodactyla,Cervidae,Mazama,bororo,mazama bororo,-999.00,-999.00,-999.00,-999.00,-999.00,-999.00,-999.00,-999.00,-999.00,-999.00,-999.00,-999.00,-999.00,-999.00,-999.00,-999.00,-999.00,-999.00,-999.00,-999.00,-999.00,-999.00,-999.00,-999.00,-999,-999.00,-999,-999.00,-999.00,-999.00,-999,-999.00,-999.00,-999.00,-999.00,28312.32,-23.54,-25.75,-24.65,-47.65,-49.64,-48.65,10,59.81,11.00,0.06,152.76,182.81,1240.93,1264.57
Artiodactyla,Cervidae,Mazama,bricenii,mazama bricenii,-999.00,16499.85,-999.00,-999.00,-999.00,-999.00,-999.00,-999.00,-999.00,-999.00,-999.00,1.00,-999.00,-999.00,-999.00,-999.00,-999.00,-999.00,-999.00,-999.00,-999.00,-999.00,-999.00,-999.00,-999,1.00,-999,-999.00,-999.00,-999.00,2151;2655,-999.00,-999.00,-999.00,-999.00,83134.92,10.48,1.88,6.18,-69.31,-75.83,-72.57,2,74.21,6.00,0.09,106.98,193.15,1412.72,1582.86
Artiodactyla,Cervidae,Mazama,chunyi,mazama chunyi,-999.00,16071.74,-999.00,-999.00,-999.00,-999.00,-999.00,-999.00,-999.00,-999.00,243.33,1.00,-999.00,-999.00,-999.00,1.50,-999.00,-999.00,-999.00,-999.00,-999.00,-999.00,-999.00,-999.00,-999,1.00,-999,-999.00,-999.00,-999.00,2151;2655;3010,-999.00,-999.00,-999.00,-999.00,112162.09,-11.16,-17.37,-14.26,-66.87,-73.16,-70.01,0,14.11,1.00,0.07,205.34,174.89,1245.35,1433.88
Artiodactyla,Cervidae,Mazama,gouazoubira,mazama gouazoubira,2.00,16633.17,-999.00,918.25,-999.00,-999.00,-999.00,-999.00,2.00,-999.00,219.86,1.00,-999.00,-999.00,-999.00,1.00,-999.00,144.00,834.46,-999.00,9.21,-999.00,719.06,1.00,-999,1.00,1,-999.00,-999.00,-999.00,200;543;653;730;905;1297;2151;2431;2655;3010,-999.00,-999.00,-999.00,-999.00,12556119.02,11.66,-33.47,-10.90,-34.79,-79.14,-56.96,0,22.64,0.00,0.11,147.65,238.57,1281.02,1512.17
Artiodactyla,Cervidae,Mazama,nana,mazama nana,-999.00,16499.85,-999.00,-999.00,-999.00,-999.00,-999.00,-999.00,-999.00,-999.00,-999.00,1.00,-999.00,-999.00,-999.00,-999.00,-999.00,-999.00,-999.00,-999.00,-999.00,-999.00,-999.00,-999.00,-999,1.00,-999,-999.00,-999.00,-999.00,2151;2655,-999.00,-999.00,-999.00,-999.00,713883.95,-20.15,-29.45,-24.80,-42.26,-55.46,-48.86,1,48.64,7.00,0.07,131.73,196.52,1203.29,1280.36
Artiodactyla,Cervidae,Mazama,pandora,mazama pandora,-999.00,-999.00,-999.00,-999.00,-999.00,-999.00,-999.00,-999.00,-999.00,-999.00,-999.00,-999.00,-999.00,-999.00,-999.00,-999.00,-999.00,-999.00,-999.00,-999.00,-999.00,-999.00,-999.00,-999.00,-999,-999.00,-999,-999.00,-999.00,-999.00,-999,-999.00,-999.00,-999.00,-999.00,30465.15,21.31,19.21,20.26,-88.36,-90.50,-89.43,5,38.17,6.00,0.19,75.83,255.27,1136.87,1571.54
Artiodactyla,Cervidae,Mazama,rufina,mazama rufina,-999.00,21099.25,-999.00,-999.00,-999.00,-999.00,-999.00,-999.00,-999.00,-999.00,231.64,1.00,-999.00,-999.00,-999.00,1.22,-999.00,-999.00,-999.00,-999.00,-999.00,-999.00,-999.00,-999.00,-999,1.00,-999,-999.00,-999.00,-999.00,1297;2151;2655;3010,-999.00,-999.00,-999.00,-999.00,14703.63,0.79,-1.67,-0.43,-77.46,-78.65,-78.05,4,61.14,4.00,0.11,176.24,132.58,1355.00,1399.66
Artiodactyla,Cervidae,Mazama,temama,mazama temama,-999.00,-999.00,-999.00,-999.00,-999.00,-999.00,-999.00,-999.00,-999.00,-999.00,-999.00,-999.00,-999.00,-999.00,-999.00,-999.00,-999.00,-999.00,-999.00,-999.00,-999.00,-999.00,-999.00,-999.00,-999,-999.00,-999,-999.00,-999.00,-999.00,-999,-999.00,-999.00,-999.00,-999.00,586111.82,19.88,-0.82,9.53,-76.10,-94.98,-85.54,2,51.90,3.00,0.15,193.45,240.82,1363.79,1649.84
Rodentia,Nesomyidae,Megadendromus,nikolausi,megadendromus nikolausi,-999.00,52.00,-999.00,-999.00,-999.00,-999.00,-999.00,-999.00,-999.00,-999.00,-999.00,-999.00,-999.00,-999.00,-999.00,-999.00,-999.00,-999.00,-999.00,-999.00,-999.00,-999.00,-999.00,-999.00,-999,-999.00,-999,-999.00,-999.00,-999.00,2655,-999.00,-999.00,-999.00,-999.00,9995.32,7.04,6.12,6.58,40.11,39.05,39.58,5,35.72,5.00,0.12,67.74,14.03,974.35,1400.86
Chiroptera,Megadermatidae,Megaderma,lyra,megaderma lyra,-999.00,39.27,69.50,73.99,0.00,709.72,-999.00,-999.00,2.00,-999.00,152.08,1.00,-999.00,-999.00,-999.00,1.00,1.00,168.00,10.22,-999.00,-999.00,350.00,620.76,-999.00,-999,2.00,3,44.58,-999.00,-999.00,167;196;679;892;1139;1142;1148;1297;1453;1528;1658;1705;1784;2086;2143;2144;2151;2370;2622;2655;2719;3023,-999.00,-999.00,-999.00,-999.00,6486789.90,34.77,1.26,18.01,119.66,67.29,93.48,0,260.94,7.00,0.08,112.70,205.20,872.75,1351.18
Chiroptera,Megadermatidae,Megaderma,spasma,megaderma spasma,-999.00,24.71,56.49,-999.00,-999.00,-999.00,-999.00,-999.00,2.00,-999.00,80.00,1.00,-999.00,-999.00,-999.00,1.41,-999.00,-999.00,-999.00,-999.00,-999.00,-999.00,-999.00,-999.00,-999,2.00,3,31.50,-999.00,-999.00,83;196;679;1297;1439;1621;1658;1970;2144;2151;2655;2719;3023,-999.00,-999.00,-999.00,-999.00,6183811.28,28.28,-8.78,9.75,128.90,69.58,99.24,1,227.44,9.00,0.10,157.00,245.59,1107.31,1546.31
Rodentia,Cricetidae,Megadontomys,cryophilus,megadontomys cryophilus,-999.00,-999.00,-999.00,-999.00,-999.00,-999.00,-999.00,-999.00,-999.00,-999.00,-999.00,-999.00,-999.00,-999.00,-999.00,-999.00,-999.00,-999.00,-999.00,-999.00,-999.00,-999.00,-999.00,-999.00,-999,-999.00,-999,-999.00,-999.00,-999.00,-999,-999.00,-999.00,-999.00,-999.00,6755.29,17.80,16.99,17.39,-96.15,-97.08,-96.62,15,49.03,15.00,0.02,104.40,144.97,996.69,1534.59
Rodentia,Cricetidae,Megadontomys,nelsoni,megadontomys nelsoni,-999.00,-999.00,-999.00,-999.00,-999.00,-999.00,-999.00,-999.00,-999.00,-999.00,-999.00,-999.00,-999.00,-999.00,-999.00,-999.00,-999.00,-999.00,-999.00,-999.00,-999.00,-999.00,-999.00,-999.00,-999,-999.00,-999,-999.00,-999.00,-999.00,-999,-999.00,-999.00,-999.00,-999.00,15398.19,20.47,18.96,19.71,-96.45,-97.77,-97.11,55,146.01,55.00,0.07,132.75,202.58,1164.78,1448.78
Rodentia,Cricetidae,Megadontomys,thomasi,megadontomys thomasi,-999.00,110.52,-999.00,-999.00,19.50,-999.00,124.20,110.90,-999.00,-999.00,-999.00,-999.00,-999.00,-999.00,-999.00,2.60,-999.00,-999.00,4.50,-999.00,-999.00,-999.00,69.52,-999.00,-999,-999.00,-999,29.88,-999.00,-999.00,835;1297;1755;1822;2655,-999.00,-999.00,-999.00,-999.00,17943.47,18.36,16.96,17.66,-98.89,-100.31,-99.60,17,66.73,17.00,0.09,107.66,209.36,835.45,1620.59
Chiroptera,Pteropodidae,Megaerops,ecaudatus,megaerops ecaudatus,-999.00,26.29,54.50,-999.00,-999.00,-999.00,-999.00,-999.00,1.00,-999.00,-999.00,1.00,-999.00,-999.00,-999.00,-999.00,-999.00,-999.00,-999.00,-999.00,-999.00,-999.00,-999.00,1.00,-999,2.00,1,-999.00,-999.00,-999.00,196;360;1343;1658;2017;2151;2655;2719;2910,-999.00,-999.00,-999.00,-999.00,1398642.31,19.40,-5.94,6.73,119.26,95.18,107.22,1,106.38,4.00,0.14,221.55,247.74,1501.60,1701.70
Carnivora,Mustelidae,Melogale,everetti,melogale everetti,2.00,-999.00,-999.00,-999.00,-999.00,-999.00,-999.00,-999.00,6.00,-999.00,-999.00,1.00,-999.00,-999.00,-999.00,2.00,-999.00,-999.00,-999.00,-999.00,-999.00,-999.00,-999.00,-999.00,-999,1.00,2,-999.00,-999.00,-999.00,1113,-999.00,-999.00,-999.00,-999.00,213.93,6.15,6.00,6.08,116.62,116.47,116.54,29,89.50,29.00,0.30,227.50,236.50,1840.00,1842.00
Carnivora,Mustelidae,Melogale,moschata,melogale moschata,2.00,938.50,-999.00,383.82,-999.00,-999.00,-999.00,-999.00,6.00,-999.00,-999.00,1.00,-999.00,-999.00,-999.00,2.00,-999.00,126.00,-999.00,-999.00,-999.00,-999.00,-999.00,-999.00,4,1.00,2,-999.00,-999.00,-999.00,543;1113;2655,-999.00,-999.00,-999.00,-999.00,1476533.73,31.83,19.71,25.77,122.13,93.69,107.91,4,325.78,68.00,0.06,120.32,163.76,1067.41,1135.67
Carnivora,Mustelidae,Melogale,orientalis,melogale orientalis,-999.00,-999.00,-999.00,-999.00,-999.00,-999.00,-999.00,-999.00,-999.00,-999.00,-999.00,-999.00,-999.00,-999.00,-999.00,-999.00,-999.00,-999.00,-999.00,-999.00,-999.00,-999.00,-999.00,-999.00,-999,-999.00,-999,-999.00,-999.00,-999.00,-999,-999.00,-999.00,-999.00,-999.00,13388.78,-6.19,-8.84,-7.52,115.71,106.22,110.97,297,984.27,404.00,0.06,201.99,238.22,1512.17,1659.30
Carnivora,Mustelidae,Melogale,personata,melogale personata,2.00,1845.26,-999.00,398.22,-999.00,-999.00,-999.00,-999.00,6.00,-999.00,-999.00,1.00,-999.00,-999.00,-999.00,2.50,-999.00,-999.00,-999.00,-999.00,-999.00,-999.00,-999.00,-999.00,4,1.00,2,-999.00,-999.00,-999.00,1113;1297;2655,-999.00,-999.00,-999.00,-999.00,312496.33,27.82,8.55,18.19,109.46,86.44,97.95,5,193.50,12.00,0.09,160.00,228.12,1104.87,1509.61
Rodentia,Muridae,Melomys,aerosus,melomys aerosus,-999.00,-999.00,-999.00,152.15,-999.00,-999.00,-999.00,-999.00,-999.00,-999.00,-999.00,-999.00,-999.00,-999.00,-999.00,-999.00,-999.00,-999.00,-999.00,-999.00,-999.00,-999.00,-999.00,-999.00,4,-999.00,-999,-999.00,-999.00,-999.00,2803,104.24,-999.00,-999.00,-999.00,10170.05,-2.88,-3.68,-3.28,130.82,128.21,129.52,23,23.00,23.00,0.04,277.83,244.33,-999.00,-999.00
Rodentia,Muridae,Melomys,arcium,melomys arcium,-999.00,-999.00,-999.00,139.98,-999.00,-999.00,-999.00,-999.00,-999.00,-999.00,-999.00,-999.00,-999.00,-999.00,-999.00,-999.00,-999.00,-999.00,-999.00,-999.00,-999.00,-999.00,-999.00,-999.00,4,-999.00,-999,-999.00,-999.00,-999.00,2803,81.94,-999.00,-999.00,-999.00,296.37,-11.29,-11.42,-11.35,154.28,153.97,154.12,12,12.00,12.00,0.09,-999.00,-999.00,-999.00,-999.00
Rodentia,Muridae,Melomys,bannisteri,melomys bannisteri,-999.00,-999.00,-999.00,-999.00,-999.00,-999.00,-999.00,-999.00,-999.00,-999.00,-999.00,-999.00,-999.00,-999.00,-999.00,-999.00,-999.00,-999.00,-999.00,-999.00,-999.00,-999.00,-999.00,-999.00,-999,-999.00,-999,-999.00,-999.00,-999.00,-999,-999.00,-999.00,-999.00,-999.00,-999.00,-999.00,-999.00,-999.00,-999.00,-999.00,-999.00,-999,-999.00,-999.00,-999.00,-999.00,-999.00,-999.00,-999.00
Rodentia,Muridae,Melomys,bougainville,melomys bougainville,-999.00,85.99,-999.00,146.44,-999.00,-999.00,-999.00,-999.00,-999.00,-999.00,-999.00,-999.00,-999.00,-999.00,-999.00,-999.00,-999.00,-999.00,-999.00,-999.00,-999.00,-999.00,-999.00,-999.00,-999,-999.00,-999,-999.00,-999.00,-999.00,2655;2803,-999.00,-999.00,-999.00,-999.00,12465.16,-5.00,-7.41,-6.21,157.55,154.51,156.03,13,17.00,13.00,0.14,182.39,261.39,-999.00,-999.00
Rodentia,Muridae,Melomys,burtoni,melomys burtoni,-999.00,71.29,-999.00,103.19,-999.00,-999.00,-999.00,-999.00,-999.00,-999.00,-999.00,-999.00,-999.00,-999.00,-999.00,2.50,-999.00,-999.00,-999.00,-999.00,-999.00,-999.00,-999.00,-999.00,-999,-999.00,-999,-999.00,23.45,-999.00,456;1297;2655;2803,-999.00,-999.00,-999.00,-999.00,433347.82,-10.69,-33.47,-22.08,153.63,123.42,138.53,0,9.62,0.00,0.08,95.87,237.49,936.14,1670.99
Rodentia,Muridae,Melomys,capensis,melomys capensis,-999.00,70.00,-999.00,136.61,-999.00,-999.00,-999.00,-999.00,-999.00,-999.00,-999.00,-999.00,-999.00,-999.00,-999.00,-999.00,-999.00,-999.00,-999.00,-999.00,-999.00,-999.00,-999.00,-999.00,-999,-999.00,-999,-999.00,-999.00,-999.00,2655;2803,-999.00,-999.00,-999.00,-999.00,44665.92,-10.69,-14.19,-12.44,143.62,141.59,142.60,0,0.39,0.00,0.16,119.04,267.84,905.71,1744.15
Rodentia,Muridae,Melomys,caurinus,melomys caurinus,-999.00,-999.00,-999.00,172.44,-999.00,-999.00,-999.00,-999.00,-999.00,-999.00,-999.00,-999.00,-999.00,-999.00,-999.00,-999.00,-999.00,-999.00,-999.00,-999.00,-999.00,-999.00,-999.00,-999.00,4,-999.00,-999,-999.00,-999.00,-999.00,2803,149.63,-999.00,-999.00,-999.00,-999.00,-999.00,-999.00,-999.00,-999.00,-999.00,-999.00,-999,-999.00,-999.00,-999.00,-999.00,-999.00,-999.00,-999.00
Rodentia,Muridae,Melomys,cervinipes,melomys cervinipes,1.00,71.20,-999.00,133.66,-999.00,-999.00,-999.00,-999.00,-999.00,-999.00,35.83,2.00,-999.00,-999.00,-999.00,2.20,1.30,-999.00,-999.00,-999.00,590.81,-999.00,149.23,-999.00,4,2.00,-999,38.47,17.50,-999.00,456;699;730;1297;2152;2655;2803;2812;3074,-999.00,-999.00,-999.00,-999.00,182871.40,-14.53,-29.27,-21.90,153.63,144.55,149.09,0,18.53,0.00,0.09,97.37,204.51,1048.31,1595.70
Rodentia,Muridae,Melomys,cooperae,melomys cooperae,-999.00,-999.00,-999.00,-999.00,-999.00,-999.00,-999.00,-999.00,-999.00,-999.00,-999.00,-999.00,-999.00,-999.00,-999.00,-999.00,-999.00,-999.00,-999.00,-999.00,-999.00,-999.00,-999.00,-999.00,-999,-999.00,-999,-999.00,-999.00,-999.00,-999,-999.00,-999.00,-999.00,-999.00,-999.00,-999.00,-999.00,-999.00,-999.00,-999.00,-999.00,-999,-999.00,-999.00,-999.00,-999.00,-999.00,-999.00,-999.00
Rodentia,Muridae,Melomys,dollmani,melomys dollmani,-999.00,-999.00,-999.00,131.69,-999.00,-999.00,-999.00,-999.00,-999.00,-999.00,-999.00,-999.00,-999.00,-999.00,-999.00,-999.00,-999.00,-999.00,-999.00,-999.00,-999.00,-999.00,-999.00,-999.00,-999,-999.00,-999,-999.00,-999.00,-999.00,2803,68.70,-999.00,-999.00,-999.00,22399.90,-5.31,-8.63,-6.97,147.76,142.31,145.04,1,14.10,4.00,0.13,355.32,166.55,1635.65,1668.76
Rodentia,Muridae,Melomys,fraterculus,melomys fraterculus,-999.00,-999.00,-999.00,-999.00,-999.00,-999.00,-999.00,-999.00,-999.00,-999.00,-999.00,-999.00,-999.00,-999.00,-999.00,-999.00,-999.00,-999.00,-999.00,-999.00,-999.00,-999.00,-999.00,-999.00,-999,-999.00,-999,-999.00,-999.00,-999.00,-999,-999.00,-999.00,-999.00,-999.00,2505.38,-2.96,-3.33,-3.14,129.87,129.10,129.49,23,23.00,23.00,0.04,280.50,233.50,-999.00,-999.00
Rodentia,Muridae,Melomys,frigicola,melomys frigicola,-999.00,-999.00,-999.00,127.76,-999.00,-999.00,-999.00,-999.00,-999.00,-999.00,-999.00,-999.00,-999.00,-999.00,-999.00,-999.00,-999.00,-999.00,-999.00,-999.00,-999.00,-999.00,-999.00,-999.00,-999,-999.00,-999,-999.00,-999.00,-999.00,2803,62.95,-999.00,-999.00,-999.00,-999.00,-999.00,-999.00,-999.00,-999.00,-999.00,-999.00,-999,-999.00,-999.00,-999.00,-999.00,-999.00,-999.00,-999.00
Rodentia,Muridae,Melomys,fulgens,melomys fulgens,-999.00,-999.00,-999.00,147.42,-999.00,-999.00,-999.00,-999.00,-999.00,-999.00,-999.00,-999.00,-999.00,-999.00,-999.00,-999.00,-999.00,-999.00,-999.00,-999.00,-999.00,-999.00,-999.00,-999.00,4,-999.00,-999,-999.00,-999.00,-999.00,2803,95.16,-999.00,-999.00,-999.00,-999.00,-999.00,-999.00,-999.00,-999.00,-999.00,-999.00,-999,-999.00,-999.00,-999.00,-999.00,-999.00,-999.00,-999.00
Rodentia,Muridae,Melomys,howi,melomys howi,-999.00,-999.00,-999.00,-999.00,-999.00,-999.00,-999.00,-999.00,-999.00,-999.00,-999.00,-999.00,-999.00,-999.00,-999.00,-999.00,-999.00,-999.00,-999.00,-999.00,-999.00,-999.00,-999.00,-999.00,-999,-999.00,-999,-999.00,-999.00,-999.00,-999,-999.00,-999.00,-999.00,-999.00,-999.00,-999.00,-999.00,-999.00,-999.00,-999.00,-999.00,-999,-999.00,-999.00,-999.00,-999.00,-999.00,-999.00,-999.00
Rodentia,Muridae,Melomys,leucogaster,melomys leucogaster,-999.00,104.17,-999.00,153.32,10.00,-999.00,-999.00,-999.00,3.00,-999.00,-999.00,2.00,-999.00,-999.00,-999.00,2.15,-999.00,-999.00,-999.00,-999.00,-999.00,-999.00,-999.00,-999.00,4,2.00,1,20.00,-999.00,-999.00,456;977;1297;2152;2655;2803,-999.00,-999.00,-999.00,-999.00,188251.48,-4.60,-10.16,-7.38,148.15,138.39,143.27,1,5.31,1.00,0.15,266.38,251.27,1627.02,1656.83
Rodentia,Muridae,Melomys,lutillus,melomys lutillus,-999.00,-999.00,-999.00,104.82,10.00,-999.00,-999.00,-999.00,3.00,-999.00,-999.00,2.00,-999.00,-999.00,-999.00,2.50,-999.00,-999.00,-999.00,-999.00,-999.00,-999.00,-999.00,-999.00,4,2.00,1,20.00,-999.00,-999.00,977;2152;2803,35.55,-999.00,-999.00,-999.00,-999.00,-999.00,-999.00,-999.00,-999.00,-999.00,-999.00,-999,-999.00,-999.00,-999.00,-999.00,-999.00,-999.00,-999.00
Rodentia,Muridae,Melomys,matambuai,melomys matambuai,-999.00,144.99,-999.00,-999.00,-999.00,-999.00,-999.00,-999.00,-999.00,-999.00,-999.00,-999.00,-999.00,-999.00,-999.00,-999.00,-999.00,-999.00,-999.00,-999.00,-999.00,-999.00,-999.00,-999.00,-999,-999.00,-999,-999.00,-999.00,-999.00,2655,-999.00,-999.00,-999.00,-999.00,-999.00,-999.00,-999.00,-999.00,-999.00,-999.00,-999.00,-999,-999.00,-999.00,-999.00,-999.00,-999.00,-999.00,-999.00
Rodentia,Muridae,Melomys,obiensis,melomys obiensis,-999.00,71.00,-999.00,136.94,-999.00,-999.00,-999.00,-999.00,-999.00,-999.00,-999.00,-999.00,-999.00,-999.00,-999.00,-999.00,-999.00,-999.00,-999.00,-999.00,-999.00,-999.00,-999.00,-999.00,4,-999.00,-999,-999.00,-999.00,-999.00,2655;2803,-999.00,-999.00,-999.00,-999.00,2726.69,-1.17,-1.74,-1.45,128.16,127.37,127.76,5,53.19,5.00,0.02,280.00,249.00,-999.00,-999.00
Rodentia,Muridae,Melomys,paveli,melomys paveli,-999.00,-999.00,-999.00,-999.00,-999.00,-999.00,-999.00,-999.00,-999.00,-999.00,-999.00,-999.00,-999.00,-999.00,-999.00,-999.00,-999.00,-999.00,-999.00,-999.00,-999.00,-999.00,-999.00,-999.00,-999,-999.00,-999,-999.00,-999.00,-999.00,-999,-999.00,-999.00,-999.00,-999.00,-999.00,-999.00,-999.00,-999.00,-999.00,-999.00,-999.00,-999,-999.00,-999.00,-999.00,-999.00,-999.00,-999.00,-999.00
Rodentia,Muridae,Melomys,rubicola,melomys rubicola,-999.00,100.00,-999.00,147.42,-999.00,-999.00,-999.00,-999.00,-999.00,-999.00,-999.00,-999.00,-999.00,-999.00,-999.00,-999.00,-999.00,-999.00,-999.00,-999.00,-999.00,-999.00,-999.00,-999.00,4,-999.00,-999,-999.00,-999.00,-999.00,2655;2803,-999.00,-999.00,-999.00,-999.00,1.873513e-04,-9.13,-9.13,-9.13,143.86,143.86,143.86,5,5.00,5.00,0.25,-999.00,-999.00,-999.00,-999.00
Rodentia,Muridae,Melomys,rufescens,melomys rufescens,-999.00,60.10,-999.00,136.94,10.00,-999.00,-999.00,-999.00,3.00,-999.00,-999.00,2.00,-999.00,-999.00,-999.00,2.17,-999.00,-999.00,-999.00,-999.00,-999.00,-999.00,-999.00,-999.00,4,2.00,1,20.00,-999.00,-999.00,456;865;977;1297;1954;2152;2655;2803,-999.00,-999.00,-999.00,-999.00,674650.74,-7.690122e-03,-10.70,-5.35,153.11,130.20,141.66,1,7.40,1.00,0.14,246.91,237.26,1670.54,1709.89
Rodentia,Muridae,Melomys,spechti,melomys spechti,-999.00,-999.00,-999.00,-999.00,-999.00,-999.00,-999.00,-999.00,-999.00,-999.00,-999.00,-999.00,-999.00,-999.00,-999.00,-999.00,-999.00,-999.00,-999.00,-999.00,-999.00,-999.00,-999.00,-999.00,-999,-999.00,-999,-999.00,-999.00,-999.00,-999,-999.00,-999.00,-999.00,-999.00,-999.00,-999.00,-999.00,-999.00,-999.00,-999.00,-999.00,-999,-999.00,-999.00,-999.00,-999.00,-999.00,-999.00,-999.00
Rodentia,Muridae,Melomys,talaudium,melomys talaudium,-999.00,-999.00,-999.00,152.15,-999.00,-999.00,-999.00,-999.00,-999.00,-999.00,-999.00,-999.00,-999.00,-999.00,-999.00,-999.00,-999.00,-999.00,-999.00,-999.00,-999.00,-999.00,-999.00,-999.00,4,-999.00,-999,-999.00,-999.00,-999.00,2803,104.24,-999.00,-999.00,-999.00,-999.00,-999.00,-999.00,-999.00,-999.00,-999.00,-999.00,-999,-999.00,-999.00,-999.00,-999.00,-999.00,-999.00,-999.00
Chiroptera,Pteropodidae,Melonycteris,fardoulisi,melonycteris fardoulisi,-999.00,-999.00,-999.00,-999.00,-999.00,-999.00,-999.00,-999.00,-999.00,-999.00,-999.00,-999.00,-999.00,-999.00,-999.00,-999.00,-999.00,-999.00,-999.00,-999.00,-999.00,-999.00,-999.00,-999.00,-999,-999.00,-999,-999.00,-999.00,-999.00,-999,-999.00,-999.00,-999.00,-999.00,16713.06,-7.56,-10.85,-9.21,162.39,156.49,159.44,13,13.00,13.00,0.18,200.97,258.44,-999.00,-999.00
Chiroptera,Pteropodidae,Melonycteris,melanops,melonycteris melanops,-999.00,47.59,59.99,94.13,-999.00,-999.00,43.18,53.30,1.00,-999.00,-999.00,1.00,-999.00,-999.00,-999.00,-999.00,2.00,-999.00,-999.00,-999.00,-999.00,-999.00,-999.00,-999.00,-999,2.00,1,-999.00,-999.00,-999.00,196;360;405;406;1658;1950;2151;2655,-999.00,-999.00,-999.00,-999.00,45403.57,-2.35,-6.30,-4.33,153.11,146.98,150.05,8,10.44,8.00,0.18,214.16,251.86,-999.00,-999.00
Chiroptera,Pteropodidae,Melonycteris,woodfordi,melonycteris woodfordi,-999.00,36.20,53.73,88.28,-999.00,-999.00,-999.00,-999.00,1.00,-999.00,-999.00,1.00,-999.00,-999.00,-999.00,0.98,-999.00,-999.00,-999.00,-999.00,-999.00,-999.00,-999.00,-999.00,-999,2.00,1,-999.00,-999.00,-999.00,196;360;406;1297;1658;1673;2151;2280;2655,-999.00,-999.00,-999.00,-999.00,12286.51,-5.07,-9.14,-7.11,160.30,154.59,157.45,13,15.13,13.00,0.16,185.99,265.11,-999.00,-999.00
Carnivora,Ursidae,Melursus,ursinus,melursus ursinus,2.00,99999.99,-999.00,1595.23,21.00,-999.00,12694.20,100747.02,6.00,914.25,203.36,1.00,7.69,8.15,1095.00,1.54,-999.00,480.00,-999.00,-999.00,0.13,-999.00,1262.74,-999.00,-999,1.00,2,194.67,-999.00,-999.00,367;543;730;1113;1297;1573;2655,-999.00,0.63,-999.00,-999.00,417387.69,30.38,6.13,18.25,96.87,73.38,85.13,3,235.88,25.00,0.09,119.46,241.79,876.57,1432.48
Rodentia,Sciuridae,Menetes,berdmorei,menetes berdmorei,-999.00,-999.00,-999.00,-999.00,-999.00,-999.00,-999.00,-999.00,-999.00,-999.00,-999.00,1.00,-999.00,-999.00,-999.00,-999.00,-999.00,51.60,-999.00,-999.00,-999.00,-999.00,-999.00,-999.00,-999,2.00,-999,-999.00,-999.00,-999.00,32;543,-999.00,-999.00,-999.00,-999.00,997766.73,23.87,6.65,15.26,108.41,96.38,102.39,2,100.06,8.00,0.08,153.34,238.34,1117.63,1565.55
Carnivora,Mephitidae,Mephitis,macroura,mephitis macroura,2.00,1097.76,-999.00,307.05,-999.00,-999.00,-999.00,-999.00,1.00,-999.00,58.20,1.00,-999.00,-999.00,-999.00,4.68,-999.00,-999.00,-999.00,-999.00,-999.00,-999.00,-999.00,-999.00,12,1.00,3,-999.00,-999.00,-999.00,1113;1297;2655,-999.00,-999.00,-999.00,-999.00,1791883.52,34.90,12.25,23.58,-85.14,-113.35,-99.25,0,53.35,1.00,0.11,61.11,187.66,724.66,1340.24
Carnivora,Mephitidae,Mephitis,mephitis,mephitis mephitis,1.00,2399.99,-999.00,399.55,21.98,-999.00,638.40,2400.00,6.00,84.00,63.29,1.00,2.32,2.18,365.00,5.70,2.00,155.00,33.19,-999.00,8.15,-999.00,355.18,-999.00,12,1.00,2,55.15,-999.00,-999.00,367;543;730;966;1113;1297;1573;2338;2620;2655;2986,-999.00,-999.00,-999.00,-999.00,12277338.73,62.13,24.16,43.15,-60.96,-128.82,-94.89,0,28.88,0.00,0.05,52.67,75.97,531.54,768.85
Rodentia,Muridae,Meriones,arimalius,meriones arimalius,-999.00,-999.00,-999.00,-999.00,-999.00,-999.00,-999.00,-999.00,-999.00,-999.00,-999.00,-999.00,-999.00,-999.00,-999.00,-999.00,-999.00,-999.00,-999.00,-999.00,-999.00,-999.00,-999.00,-999.00,-999,-999.00,-999,-999.00,-999.00,-999.00,-999,-999.00,-999.00,-999.00,-999.00,117976.58,24.13,21.93,23.03,54.39,47.17,50.78,2,5.67,2.00,0.05,7.30,254.94,123.01,1251.46
Rodentia,Muridae,Meriones,chengi,meriones chengi,-999.00,-999.00,-999.00,-999.00,-999.00,-999.00,-999.00,-999.00,-999.00,-999.00,-999.00,-999.00,-999.00,-999.00,-999.00,-999.00,-999.00,-999.00,-999.00,-999.00,-999.00,-999.00,-999.00,-999.00,-999,-999.00,-999,-999.00,-999.00,-999.00,-999,-999.00,-999.00,-999.00,-999.00,77321.17,47.66,41.56,44.61,90.59,88.71,89.65,2,8.01,3.00,0.05,16.77,54.70,142.52,611.84
Rodentia,Muridae,Meriones,crassus,meriones crassus,1.00,69.94,-999.00,150.00,-999.00,-999.00,-999.00,-999.00,4.00,-999.00,23.50,2.00,-999.00,-999.00,67.00,4.21,2.00,67.20,3.34,-999.00,-999.00,-999.00,68.97,-999.00,-999,1.00,1,30.24,-999.00,-999.00,543;1297;1650;2655,-999.00,-999.00,-999.00,-999.00,10220122.80,36.36,17.16,26.76,70.45,-17.10,26.67,0,19.64,0.00,0.12,7.01,219.30,108.69,1226.55
Rodentia,Cricetidae,Microtus,lusitanicus,microtus lusitanicus,-999.00,-999.00,-999.00,-999.00,-999.00,-999.00,-999.00,-999.00,-999.00,-999.00,20.00,-999.00,-999.00,-999.00,23.40,2.09,-999.00,-999.00,1.70,-999.00,-999.00,-999.00,39.68,-999.00,-999,-999.00,-999,19.85,-999.00,-999.00,1297,-999.00,4.42,-999.00,-999.00,235534.50,43.85,36.98,40.41,-0.94,-9.49,-5.22,3,104.96,10.00,-0.01,61.30,123.99,509.50,870.21
Rodentia,Cricetidae,Microtus,majori,microtus majori,-999.00,-999.00,-999.00,-999.00,-999.00,-999.00,-999.00,-999.00,-999.00,-999.00,-999.00,-999.00,-999.00,-999.00,-999.00,3.60,-999.00,-999.00,-999.00,-999.00,-999.00,-999.00,-999.00,-999.00,-999,-999.00,-999,-999.00,-999.00,-999.00,1297,-999.00,-999.00,-999.00,-999.00,345482.75,45.14,38.05,41.59,47.95,26.06,37.00,9,113.20,17.00,0.02,59.98,62.31,539.73,811.66
Rodentia,Cricetidae,Microtus,maximowiczii,microtus maximowiczii,-999.00,-999.00,-999.00,-999.00,-999.00,-999.00,-999.00,-999.00,-999.00,-999.00,-999.00,-999.00,-999.00,-999.00,-999.00,6.80,-999.00,-999.00,-999.00,-999.00,-999.00,-999.00,-999.00,-999.00,-999,-999.00,-999,-999.00,-999.00,-999.00,1297,-999.00,-999.00,-999.00,-999.00,1688706.30,59.64,43.65,51.65,142.33,106.53,124.43,0,17.42,0.00,2.12425798103926e-03,34.64,-46.71,387.52,438.73
Rodentia,Cricetidae,Microtus,mexicanus,microtus mexicanus,-999.00,34.88,-999.00,111.23,-999.00,-999.00,46.94,28.80,-999.00,-999.00,-999.00,-999.00,8.76185e-04,7.55801e-04,-999.00,2.33,-999.00,-999.00,-999.00,-999.00,1483.67,-999.00,-999.00,-999.00,-999,-999.00,-999,-999.00,-999.00,-999.00,481;730;926;1297;1332;1351;1822;1949;2655,-999.00,-999.00,-999.00,-999.00,606483.23,31.30,15.90,23.60,-95.85,-109.31,-102.58,1,74.81,2.00,0.08,58.45,169.49,751.43,1329.22
Rodentia,Cricetidae,Microtus,middendorffii,microtus middendorffii,-999.00,-999.00,-999.00,-999.00,-999.00,-999.00,-999.00,-999.00,-999.00,-999.00,-999.00,-999.00,-999.00,-999.00,-999.00,5.49,2.50,-999.00,-999.00,-999.00,-999.00,-999.00,61.87,-999.00,-999,-999.00,-999,-999.00,-999.00,-999.00,1297;2299,-999.00,-999.00,-999.00,-999.00,4433033.92,77.73,59.74,68.73,168.80,61.65,115.22,0,0.26,0.00,-0.19,21.03,-129.31,182.67,202.28
Rodentia,Cricetidae,Microtus,miurus,microtus miurus,-999.00,41.00,-999.00,119.36,-999.00,-999.00,-999.00,-999.00,-999.00,-999.00,21.00,-999.00,8.71042e-04,8.01402e-04,21.00,3.89,-999.00,-999.00,2.78,-999.00,-999.00,-999.00,-999.00,-999.00,-999,-999.00,-999,-999.00,-999.00,-999.00,215;1297;1332;2655,-999.00,4.67,-999.00,-999.00,1425664.82,70.88,58.39,64.64,-124.28,-168.12,-146.20,0,0.29,0.00,0.06,38.67,-91.63,205.45,216.08
Rodentia,Cricetidae,Microtus,mongolicus,microtus mongolicus,-999.00,-999.00,-999.00,-999.00,-999.00,-999.00,-999.00,-999.00,-999.00,-999.00,-999.00,-999.00,-999.00,-999.00,-999.00,-999.00,-999.00,-999.00,-999.00,-999.00,-999.00,-999.00,-999.00,-999.00,-999,-999.00,-999,-999.00,-999.00,-999.00,-999,-999.00,-999.00,-999.00,-999.00,872986.49,53.35,45.42,49.39,133.42,98.76,116.09,1,13.03,1.00,0.06,28.99,-31.19,383.88,480.77
Rodentia,Cricetidae,Microtus,montanus,microtus montanus,2.00,42.85,-999.00,124.17,-999.00,-999.00,81.62,30.80,-999.00,-999.00,21.13,-999.00,1.18315e-04,1.11001e-04,22.25,5.54,4.76,-999.00,3.89,-999.00,3160.00,-999.00,24.91,-999.00,-999,-999.00,-999,15.00,9.33,-999.00,730;786;1215;1284;1297;1332;1444;1573;1811;1822;1831;1930;1949;2119;2120;2655;2919;3112,-999.00,-999.00,-999.00,-999.00,1453963.15,52.88,33.02,42.95,-104.01,-123.25,-113.63,0,8.26,0.00,0.09,31.01,59.59,353.61,830.13
Rodentia,Cricetidae,Microtus,montebelli,microtus montebelli,-999.00,29.49,-999.00,-999.00,-999.00,-999.00,-999.00,-999.00,-999.00,-999.00,22.24,-999.00,-999.00,-999.00,18.00,4.30,-999.00,-999.00,2.81,-999.00,-999.00,-999.00,-999.00,-999.00,-999,-999.00,-999,17.25,17.60,-999.00,1297;1579;3112,-999.00,5.05,-999.00,-999.00,266801.29,43.88,30.98,37.43,146.92,129.55,138.24,7,391.27,98.00,9.34099788614022e-03,143.02,104.30,784.99,830.18
Rodentia,Cricetidae,Microtus,mujanensis,microtus mujanensis,-999.00,-999.00,-999.00,-999.00,-999.00,-999.00,-999.00,-999.00,-999.00,-999.00,-999.00,-999.00,-999.00,-999.00,-999.00,-999.00,-999.00,-999.00,-999.00,-999.00,-999.00,-999.00,-999.00,-999.00,-999,-999.00,-999,-999.00,-999.00,-999.00,-999,-999.00,-999.00,-999.00,-999.00,80.08,56.46,56.33,56.40,115.67,115.55,115.61,0,0.00,0.00,-999.00,30.00,-92.00,321.00,337.00
Rodentia,Cricetidae,Microtus,multiplex,microtus multiplex,-999.00,23.16,-999.00,-999.00,-999.00,-999.00,-999.00,-999.00,-999.00,-999.00,-999.00,-999.00,-999.00,-999.00,-999.00,3.00,-999.00,-999.00,-999.00,-999.00,-999.00,-999.00,-999.00,-999.00,-999,-999.00,-999,-999.00,-999.00,-999.00,1297;2655,-999.00,-999.00,-999.00,-999.00,-999.00,-999.00,-999.00,-999.00,-999.00,-999.00,-999.00,-999,-999.00,-999.00,-999.00,-999.00,-999.00,-999.00,-999.00
Rodentia,Cricetidae,Microtus,oaxacensis,microtus oaxacensis,-999.00,36.52,-999.00,121.05,-999.00,-999.00,-999.00,-999.00,-999.00,-999.00,-999.00,-999.00,-999.00,-999.00,-999.00,1.20,-999.00,-999.00,-999.00,-999.00,-999.00,-999.00,-999.00,-999.00,6,-999.00,-999,-999.00,-999.00,-999.00,1023;1297;2655,-999.00,-999.00,-999.00,-999.00,1590.42,17.96,17.50,17.73,-96.07,-96.46,-96.26,32,32.00,32.00,0.03,117.00,221.00,1023.00,1584.00
Rodentia,Cricetidae,Microtus,ochrogaster,microtus ochrogaster,1.00,42.50,-999.00,121.87,8.25,-999.00,82.47,47.40,4.00,-999.00,21.50,2.00,2.55014e-04,3.08478e-04,26.00,3.87,4.07,-999.00,2.94,32.49,8990.59,-999.00,36.19,2.75,6,1.00,2,21.00,15.14,-999.00,652;730;784;786;960;1061;1102;1209;1211;1278;1297;1332;1490;1573;1822;1892;1932;1949;2005;2655;2703;2783;2964;3112,-999.00,-999.00,-999.00,-999.00,3234309.14,55.99,29.07,42.53,-80.93,-116.34,-98.63,0,24.17,0.00,0.02,53.29,82.89,612.30,753.87
Rodentia,Cricetidae,Microtus,oeconomus,microtus oeconomus,2.00,33.10,-999.00,116.04,9.00,42.00,100.66,33.70,-999.00,-999.00,21.51,-999.00,1.176411e-03,1.500364e-03,23.15,5.62,3.50,21.60,2.34,-999.00,3985.97,-999.00,44.86,-999.00,-999,-999.00,-999,20.00,15.60,-999.00,412;543;730;1223;1297;1332;1444;1577;1666;1822;1949;2299;2655;2802;3012;3112,-999.00,-999.00,-999.00,-999.00,19309332.16,73.45,43.03,58.24,179.99,-179.99,-1.00351e-04,0,11.35,0.00,-0.01,31.16,-55.31,274.56,320.89
Rodentia,Cricetidae,Microtus,oregoni,microtus oregoni,-999.00,20.35,-999.00,99.22,10.77,-999.00,-999.00,-999.00,2.00,-999.00,23.83,2.00,5.33681e-04,6.63792e-04,38.75,3.32,4.80,15.00,1.69,-999.00,551.70,-999.00,34.23,-999.00,-999,1.00,1,13.91,-999.00,-999.00,546;694;1057;1297;1332;1444;2655,-999.00,-999.00,-999.00,-999.00,206882.62,49.37,39.15,44.26,-120.15,-124.73,-122.44,0,45.73,1.00,0.08,91.61,73.96,430.73,730.88
Rodentia,Cricetidae,Microtus,paradoxus,microtus paradoxus,-999.00,-999.00,-999.00,-999.00,-999.00,-999.00,-999.00,-999.00,-999.00,-999.00,-999.00,-999.00,-999.00,-999.00,-999.00,-999.00,-999.00,-999.00,-999.00,-999.00,-999.00,-999.00,-999.00,-999.00,-999,-999.00,-999,-999.00,-999.00,-999.00,-999,-999.00,-999.00,-999.00,-999.00,-999.00,-999.00,-999.00,-999.00,-999.00,-999.00,-999.00,-999,-999.00,-999.00,-999.00,-999.00,-999.00,-999.00,-999.00
Rodentia,Cricetidae,Microtus,pennsylvanicus,microtus pennsylvanicus,2.00,42.53,-999.00,117.93,8.00,45.00,105.57,58.10,5.00,-999.00,21.24,-999.00,2.77446e-04,2.55843e-04,21.19,5.16,2.70,11.00,2.40,-999.00,2537.98,-999.00,31.74,-999.00,-999,-999.00,2,12.92,13.14,-999.00,72;142;184;293;373;412;693;730;786;810;1061;1099;1100;1116;1124;1230;1234;1266;1297;1332;1444;1519;1573;1790;1822;1831;1849;1949;1955;22442245;2341;2410;2481;2655;2837;2979;3094;3112,-999.00,-999.00,-999.00,-999.00,11959647.25,70.25,32.64,51.44,-55.61,-160.96,-108.29,0,17.45,0.00,0.03,49.44,0.62,407.50,489.46
Rodentia,Cricetidae,Microtus,pinetorum,microtus pinetorum,2.00,25.95,-999.00,99.05,10.50,-999.00,55.93,24.50,5.00,-999.00,23.99,2.00,1.048491e-03,1.293333e-03,26.05,2.47,2.50,33.60,2.42,-999.00,1460.00,-999.00,74.82,-999.00,4,1.00,1,20.08,9.55,-999.00,254;543;1116;1123;1231;1297;1332;1573;1777;1804;1822;1849;1933;1949;2029;2554;2655;2658;3112;3128,-999.00,-999.00,-999.00,-999.00,2752944.64,45.78,29.06,37.42,-69.98,-99.84,-84.91,1,70.62,5.00,0.04,87.16,135.34,836.77,931.58
Rodentia,Cricetidae,Microtus,qazvinensis,microtus qazvinensis,-999.00,-999.00,-999.00,-999.00,-999.00,-999.00,-999.00,-999.00,-999.00,-999.00,-999.00,-999.00,-999.00,-999.00,-999.00,-999.00,-999.00,-999.00,-999.00,-999.00,-999.00,-999.00,-999.00,-999.00,-999,-999.00,-999,-999.00,-999.00,-999.00,-999,-999.00,-999.00,-999.00,-999.00,-999.00,-999.00,-999.00,-999.00,-999.00,-999.00,-999.00,-999,-999.00,-999.00,-999.00,-999.00,-999.00,-999.00,-999.00
Rodentia,Cricetidae,Microtus,quasiater,microtus quasiater,-999.00,40.00,-999.00,-999.00,-999.00,-999.00,-999.00,-999.00,-999.00,-999.00,-999.00,-999.00,-999.00,-999.00,-999.00,1.40,-999.00,-999.00,-999.00,-999.00,-999.00,-999.00,-999.00,-999.00,-999,-999.00,-999,-999.00,-999.00,-999.00,1297;2655,-999.00,-999.00,-999.00,-999.00,47131.29,21.60,17.91,19.76,-96.44,-99.51,-97.98,22,139.16,27.00,0.08,102.42,202.85,1080.26,1413.04
Rodentia,Cricetidae,Microtus,richardsoni,microtus richardsoni,-999.00,85.50,-999.00,154.66,12.00,-999.00,128.11,65.70,2.00,-999.00,22.29,2.00,2.85368e-04,2.53734e-04,-999.00,5.93,2.00,18.00,5.48,-999.00,620.00,-999.00,-999.00,-999.00,8,1.00,1,-999.00,-999.00,-999.00,85;486;543;1297;1476;1573;1822;1830;1831;1949;2655,-999.00,-999.00,-999.00,-999.00,860149.48,54.01,37.94,45.98,-106.84,-123.59,-115.22,0,11.53,0.00,0.09,43.56,34.99,373.89,703.51
Rodentia,Cricetidae,Microtus,sachalinensis,microtus sachalinensis,-999.00,-999.00,-999.00,-999.00,-999.00,-999.00,-999.00,-999.00,-999.00,-999.00,-999.00,-999.00,-999.00,-999.00,-999.00,7.89,1.00,-999.00,-999.00,-999.00,-999.00,-999.00,-999.00,-999.00,-999,-999.00,-999,-999.00,-999.00,-999.00,1297,-999.00,-999.00,-999.00,-999.00,58787.82,52.15,45.88,49.02,144.75,141.62,143.18,1,10.40,1.00,-0.12,49.29,-13.67,413.88,424.92
Rodentia,Cricetidae,Microtus,savii,microtus savii,-999.00,20.00,-999.00,-999.00,-999.00,-999.00,-999.00,-999.00,-999.00,-999.00,-999.00,-999.00,-999.00,-999.00,-999.00,-999.00,-999.00,-999.00,-999.00,-999.00,-999.00,-999.00,-999.00,-999.00,-999,-999.00,-999,-999.00,-999.00,-999.00,2655,-999.00,-999.00,-999.00,-999.00,-999.00,-999.00,-999.00,-999.00,-999.00,-999.00,-999.00,-999,-999.00,-999.00,-999.00,-999.00,-999.00,-999.00,-999.00
Rodentia,Cricetidae,Microtus,schelkovnikovi,microtus schelkovnikovi,-999.00,-999.00,-999.00,-999.00,-999.00,-999.00,-999.00,-999.00,-999.00,-999.00,-999.00,-999.00,-999.00,-999.00,-999.00,-999.00,-999.00,-999.00,-999.00,-999.00,-999.00,-999.00,-999.00,-999.00,-999,-999.00,-999,-999.00,-999.00,-999.00,-999,-999.00,-999.00,-999.00,-999.00,83449.22,39.12,35.66,37.39,54.85,47.70,51.27,6,116.22,7.00,0.07,74.00,80.06,525.79,1061.32
Rodentia,Cricetidae,Microtus,schidlovskii,microtus schidlovskii,-999.00,-999.00,-999.00,-999.00,-999.00,-999.00,-999.00,-999.00,-999.00,-999.00,-999.00,-999.00,-999.00,-999.00,-999.00,-999.00,-999.00,-999.00,-999.00,-999.00,-999.00,-999.00,-999.00,-999.00,-999,-999.00,-999,-999.00,-999.00,-999.00,-999,-999.00,-999.00,-999.00,-999.00,-999.00,-999.00,-999.00,-999.00,-999.00,-999.00,-999.00,-999,-999.00,-999.00,-999.00,-999.00,-999.00,-999.00,-999.00
Rodentia,Cricetidae,Microtus,socialis,microtus socialis,-999.00,48.00,-999.00,-999.00,-999.00,52.50,-999.00,-999.00,-999.00,-999.00,19.50,-999.00,-999.00,-999.00,32.50,5.51,5.00,-999.00,2.10,-999.00,-999.00,-999.00,-999.00,-999.00,-999,-999.00,-999,24.11,-999.00,-999.00,1297;2655,-999.00,-999.00,-999.00,-999.00,2182268.79,50.16,34.40,42.28,91.01,31.56,61.29,0,36.93,0.00,0.04,29.22,69.86,329.61,748.39
Rodentia,Cricetidae,Microtus,subterraneus,microtus subterraneus,-999.00,17.74,-999.00,-999.00,-999.00,-999.00,49.48,17.80,-999.00,-999.00,21.00,-999.00,-999.00,-999.00,24.19,2.46,5.50,-999.00,1.49,-999.00,-999.00,-999.00,101.87,-999.00,-999,-999.00,-999,23.23,9.43,-999.00,1297;1577;1822;2655,-999.00,-999.00,-999.00,-999.00,3140750.54,61.73,39.88,50.81,42.24,-4.79,18.72,2,105.07,5.00,2.38240999797797e-03,53.64,64.38,467.01,518.32
Rodentia,Cricetidae,Microtus,tatricus,microtus tatricus,-999.00,-999.00,-999.00,-999.00,-999.00,-999.00,-999.00,-999.00,-999.00,-999.00,-999.00,-999.00,-999.00,-999.00,-999.00,2.91,-999.00,-999.00,-999.00,-999.00,-999.00,-999.00,-999.00,-999.00,-999,-999.00,-999,-999.00,-999.00,-999.00,1297,-999.00,-999.00,-999.00,-999.00,95800.84,50.00,46.74,48.37,25.62,18.41,22.02,50,112.28,56.00,1.32066281269774e-03,60.87,55.71,537.62,547.20
Rodentia,Cricetidae,Microtus,thomasi,microtus thomasi,-999.00,-999.00,-999.00,-999.00,-999.00,-999.00,-999.00,-999.00,-999.00,-999.00,-999.00,-999.00,-999.00,-999.00,-999.00,4.32,-999.00,-999.00,-999.00,-999.00,-999.00,-999.00,-999.00,-999.00,-999,-999.00,-999,-999.00,-999.00,-999.00,1297,-999.00,-999.00,-999.00,-999.00,135652.46,43.60,36.38,39.99,24.08,18.11,21.10,24,126.54,31.00,5.04267471103259e-03,75.94,104.48,550.22,937.54
Rodentia,Cricetidae,Microtus,townsendii,microtus townsendii,2.00,52.02,-999.00,138.02,-999.00,-999.00,90.41,52.20,2.00,-999.00,23.20,3.00,5.76965e-04,6.18272e-04,-999.00,5.06,-999.00,-999.00,-999.00,-999.00,34348.94,-999.00,51.29,-999.00,-999,1.00,1,15.44,-999.00,-999.00,411;412;685;730;1297;1332;1822;1851;2655;3112,-999.00,-999.00,-999.00,-999.00,214060.15,50.87,40.25,45.56,-120.70,-128.43,-124.56,0,44.34,1.00,0.08,108.76,72.85,444.79,701.37
Rodentia,Cricetidae,Microtus,transcaspicus,microtus transcaspicus,-999.00,-999.00,-999.00,-999.00,-999.00,-999.00,-999.00,-999.00,-999.00,-999.00,-999.00,-999.00,-999.00,-999.00,-999.00,2.10,-999.00,-999.00,2.79,-999.00,-999.00,-999.00,-999.00,-999.00,-999,-999.00,-999,-999.00,-999.00,-999.00,1297,-999.00,-999.00,-999.00,-999.00,186224.86,38.72,28.34,33.53,60.19,53.30,56.75,2,21.61,2.00,0.09,31.29,129.44,329.37,1044.59
Rodentia,Cricetidae,Microtus,umbrosus,microtus umbrosus,-999.00,41.99,-999.00,118.39,-999.00,-999.00,-999.00,-999.00,-999.00,-999.00,-999.00,-999.00,-999.00,-999.00,-999.00,-999.00,-999.00,-999.00,-999.00,-999.00,-999.00,-999.00,-999.00,-999.00,4,-999.00,-999,-999.00,-999.00,-999.00,1024;2655,-999.00,-999.00,-999.00,-999.00,2683.32,17.25,16.73,16.99,-95.87,-96.42,-96.15,12,20.49,12.00,0.02,95.73,181.24,1042.25,1640.52
Rodentia,Cricetidae,Microtus,xanthognathus,microtus xanthognathus,-999.00,92.65,-999.00,156.36,-999.00,-999.00,98.64,68.50,3.00,-999.00,-999.00,-999.00,1.022511e-03,1.304084e-03,-999.00,8.10,2.00,-999.00,3.49,-999.00,1000.00,-999.00,-999.00,-999.00,-999,-999.00,1,30.41,-999.00,-999.00,669;825;1297;1332;1822;1831;1949;2655,-999.00,-999.00,-999.00,-999.00,2255416.57,70.57,52.33,61.45,-91.52,-157.04,-124.28,0,0.20,0.00,0.04,26.08,-69.81,252.27,298.53
Rodentia,Muridae,Millardia,gleadowi,millardia gleadowi,-999.00,-999.00,-999.00,-999.00,-999.00,-999.00,-999.00,-999.00,-999.00,-999.00,-999.00,-999.00,-999.00,-999.00,-999.00,2.30,-999.00,48.00,-999.00,-999.00,-999.00,-999.00,-999.00,-999.00,-999,-999.00,-999,-999.00,-999.00,-999.00,543;1297,-999.00,-999.00,-999.00,-999.00,554509.48,33.62,20.68,27.15,74.83,63.71,69.27,7,155.18,12.00,0.11,30.50,244.55,351.20,1386.03
Rodentia,Muridae,Millardia,kathleenae,millardia kathleenae,-999.00,-999.00,-999.00,-999.00,-999.00,-999.00,-999.00,-999.00,-999.00,-999.00,-999.00,-999.00,-999.00,-999.00,-999.00,-999.00,-999.00,-999.00,-999.00,-999.00,-999.00,-999.00,-999.00,-999.00,-999,-999.00,-999,-999.00,-999.00,-999.00,-999,-999.00,-999.00,-999.00,-999.00,3965.74,22.89,22.27,22.58,95.73,95.05,95.39,99,159.81,99.00,0.05,69.23,270.76,979.51,1388.79
Rodentia,Muridae,Millardia,kondana,millardia kondana,-999.00,-999.00,-999.00,-999.00,-999.00,-999.00,-999.00,-999.00,-999.00,-999.00,-999.00,-999.00,-999.00,-999.00,-999.00,-999.00,-999.00,-999.00,-999.00,-999.00,-999.00,-999.00,-999.00,-999.00,-999,-999.00,-999,-999.00,-999.00,-999.00,-999,-999.00,-999.00,-999.00,-999.00,852.02,18.47,18.01,18.24,73.90,73.69,73.80,466,466.00,466.00,0.12,72.00,243.00,763.00,1574.00
Rodentia,Muridae,Millardia,meltada,millardia meltada,-999.00,67.17,-999.00,-999.00,-999.00,114.06,58.63,67.40,-999.00,-999.00,20.00,-999.00,9.26123e-04,1.107405e-03,-999.00,5.72,6.89,-999.00,-999.00,-999.00,-999.00,-999.00,75.84,-999.00,-999,-999.00,-999,-999.00,-999.00,-999.00,366;456;1297;1822;1849;2329;2655,-999.00,-999.00,-999.00,-999.00,1468438.13,34.29,5.91,20.10,86.10,66.11,76.10,7,290.92,62.00,0.09,81.36,253.37,694.90,1469.64
Chiroptera,Vespertilionidae,Mimetillus,moloneyi,mimetillus moloneyi,-999.00,8.89,28.00,-999.00,-999.00,-999.00,-999.00,-999.00,-999.00,-999.00,-999.00,1.00,-999.00,-999.00,-999.00,0.98,-999.00,-999.00,-999.00,-999.00,-999.00,-999.00,-999.00,-999.00,-999,2.00,-999,-999.00,-999.00,-999.00,1297;1658;2143;2151;2655,-999.00,-999.00,-999.00,-999.00,6842919.59,9.85,-18.64,-4.39,40.84,-13.17,13.83,0,44.03,1.00,0.13,124.06,237.87,1186.22,1552.98
Chiroptera,Phyllostomidae,Mimon,bennettii,mimon bennettii,-999.00,12.90,56.00,-999.00,-999.00,-999.00,-999.00,-999.00,2.00,-999.00,-999.00,2.00,-999.00,-999.00,-999.00,-999.00,-999.00,-999.00,-999.00,-999.00,-999.00,-999.00,-999.00,-999.00,-999,2.00,2,-999.00,-999.00,-999.00,889;890;1658;2151;2622,-999.00,-999.00,-999.00,-999.00,2103098.89,6.82,-28.68,-10.92,-34.79,-58.95,-46.87,0,68.90,0.00,0.07,139.13,232.30,1207.48,1528.16
Chiroptera,Phyllostomidae,Mimon,cozumelae,mimon cozumelae,-999.00,-999.00,65.20,-999.00,-999.00,-999.00,-999.00,-999.00,-999.00,-999.00,-999.00,-999.00,-999.00,-999.00,-999.00,0.98,-999.00,-999.00,-999.00,-999.00,-999.00,-999.00,-999.00,-999.00,-999,-999.00,-999,-999.00,-999.00,-999.00,108;1297,39.49,-999.00,-999.00,-999.00,812740.52,21.62,3.32,12.47,-72.00,-97.31,-84.65,0,57.85,3.00,0.14,170.19,235.51,1381.97,1593.20
Chiroptera,Phyllostomidae,Mimon,crenulatum,mimon crenulatum,-999.00,13.91,48.84,-999.00,-999.00,-999.00,-999.00,-999.00,2.00,-999.00,-999.00,1.00,-999.00,-999.00,-999.00,0.99,-999.00,-999.00,-999.00,-999.00,-999.00,-999.00,-999.00,-999.00,-999,2.00,2,-999.00,-999.00,-999.00,108;196;889;1297;1658;2143;2151;2295;2622;2655;2719;2751;2752,-999.00,-999.00,-999.00,-999.00,10073417.99,19.67,-14.93,2.36,-34.79,-90.07,-62.43,0,19.59,0.00,0.12,163.06,244.41,1336.32,1574.05
Chiroptera,Phyllostomidae,Mimon,koepckeae,mimon koepckeae,-999.00,-999.00,-999.00,-999.00,-999.00,-999.00,-999.00,-999.00,-999.00,-999.00,-999.00,-999.00,-999.00,-999.00,-999.00,-999.00,-999.00,-999.00,-999.00,-999.00,-999.00,-999.00,-999.00,-999.00,-999,-999.00,-999,-999.00,-999.00,-999.00,-999,-999.00,-999.00,-999.00,-999.00,113389.51,-8.32,-13.67,-10.99,-72.44,-77.18,-74.81,2,17.57,2.00,0.07,115.61,171.04,1057.38,1444.39
Chiroptera,Vespertilionidae,Miniopterus,africanus,miniopterus africanus,-999.00,-999.00,-999.00,-999.00,-999.00,-999.00,-999.00,-999.00,-999.00,-999.00,-999.00,-999.00,-999.00,-999.00,-999.00,-999.00,-999.00,-999.00,-999.00,-999.00,-999.00,-999.00,-999.00,-999.00,-999,-999.00,-999,-999.00,-999.00,-999.00,-999,-999.00,-999.00,-999.00,-999.00,807098.25,15.78,-21.37,-2.79,41.37,19.25,30.31,0,67.41,1.00,0.13,76.22,198.32,888.00,1481.72
Chiroptera,Vespertilionidae,Miniopterus,australis,miniopterus australis,-999.00,7.40,40.50,-999.00,-999.00,-999.00,-999.00,-999.00,1.00,-999.00,132.74,1.00,-999.00,-999.00,-999.00,0.99,1.00,-999.00,-999.00,-999.00,-999.00,4900.00,413.84,-999.00,-999,2.00,3,-999.00,-999.00,-999.00,196;863;1297;1384;1439;1658;1784;2143;2151;2436;2622;2655;2719;3023,-999.00,-999.00,-999.00,-999.00,1516450.59,18.65,-32.12,-6.73,169.90,-176.21,-3.15,0,118.73,0.00,0.12,206.96,228.09,1402.71,1661.07
Chiroptera,Vespertilionidae,Miniopterus,fraterculus,miniopterus fraterculus,-999.00,7.38,42.50,-999.00,-999.00,-999.00,-999.00,-999.00,-999.00,-999.00,155.09,1.00,-999.00,-999.00,-999.00,1.00,-999.00,-999.00,-999.00,-999.00,-999.00,-999.00,-999.00,-999.00,-999,2.00,-999,-999.00,-999.00,-999.00,276;1297;1346;1658;2151;2622;2655,-999.00,-999.00,-999.00,-999.00,1360062.01,-13.89,-34.21,-24.05,50.48,15.31,32.90,0,42.89,1.00,0.16,79.70,197.79,900.54,1378.66
Chiroptera,Vespertilionidae,Miniopterus,fuscus,miniopterus fuscus,-999.00,-999.00,41.49,-999.00,-999.00,-999.00,-999.00,-999.00,-999.00,-999.00,-999.00,1.00,-999.00,-999.00,-999.00,-999.00,-999.00,-999.00,-999.00,-999.00,-999.00,-999.00,-999.00,-999.00,-999,2.00,-999,-999.00,-999.00,-999.00,1658;2151;2655,10.82,-999.00,-999.00,-999.00,2590.39,28.51,24.24,26.38,129.72,123.66,126.69,365,365.00,365.00,0.04,-999.00,-999.00,-999.00,-999.00
Chiroptera,Vespertilionidae,Miniopterus,gleni,miniopterus gleni,-999.00,-999.00,-999.00,-999.00,-999.00,-999.00,-999.00,-999.00,-999.00,-999.00,-999.00,-999.00,-999.00,-999.00,-999.00,-999.00,-999.00,-999.00,-999.00,-999.00,-999.00,-999.00,-999.00,-999.00,-999,-999.00,-999,-999.00,-999.00,-999.00,-999,-999.00,-999.00,-999.00,-999.00,239526.09,-11.94,-25.60,-18.77,50.48,43.63,47.05,3,40.27,8.00,0.18,142.72,204.43,1208.38,1599.87
Chiroptera,Vespertilionidae,Miniopterus,inflatus,miniopterus inflatus,-999.00,14.90,48.09,-999.00,-999.00,-999.00,-999.00,-999.00,1.00,-999.00,91.24,1.00,-999.00,-999.00,-999.00,0.99,-999.00,-999.00,-999.00,-999.00,-999.00,-999.00,742.46,-999.00,-999,2.00,3,-999.00,-999.00,-999.00,196;1297;1346;1658;2143;2151;2655;2719;2900,-999.00,-999.00,-999.00,-999.00,2563885.05,9.38,-20.75,-5.68,39.26,9.37,24.32,0,48.07,3.00,0.15,84.10,218.37,943.84,1492.35
Chiroptera,Vespertilionidae,Miniopterus,macrocneme,miniopterus macrocneme,-999.00,7.53,42.94,-999.00,-999.00,-999.00,-999.00,-999.00,-999.00,-999.00,-999.00,-999.00,-999.00,-999.00,-999.00,1.00,-999.00,-999.00,-999.00,-999.00,-999.00,-999.00,-999.00,-999.00,-999,-999.00,-999,-999.00,-999.00,-999.00,1621,-999.00,-999.00,-999.00,-999.00,358072.30,-1.95,-22.39,-12.17,169.50,131.08,150.29,1,10.63,2.00,0.13,260.02,221.17,1685.82,1713.28
Chiroptera,Vespertilionidae,Miniopterus,magnater,miniopterus magnater,-999.00,14.14,49.99,-999.00,-999.00,-999.00,-999.00,-999.00,-999.00,-999.00,-999.00,1.00,-999.00,-999.00,-999.00,-999.00,-999.00,-999.00,-999.00,-999.00,-999.00,-999.00,-999.00,-999.00,-999,2.00,-999,-999.00,-999.00,-999.00,196;1658;2151;2622;2655,-999.00,-999.00,-999.00,-999.00,781666.55,24.80,-10.37,7.21,147.86,95.77,121.82,1,104.32,2.00,0.08,196.74,230.09,1364.06,1621.73
Chiroptera,Vespertilionidae,Miniopterus,majori,miniopterus majori,-999.00,-999.00,44.60,-999.00,-999.00,-999.00,-999.00,-999.00,1.00,-999.00,-999.00,-999.00,-999.00,-999.00,-999.00,-999.00,-999.00,-999.00,-999.00,-999.00,-999.00,-999.00,-999.00,-999.00,-999,-999.00,3,-999.00,-999.00,-999.00,1048;1346,13.31,-999.00,-999.00,-999.00,265692.41,-11.94,-25.60,-18.77,50.48,43.57,47.03,3,38.18,6.00,0.18,137.45,206.71,1185.45,1593.44
Chiroptera,Vespertilionidae,Miniopterus,manavi,miniopterus manavi,-999.00,-999.00,37.03,-999.00,-999.00,-999.00,-999.00,-999.00,1.00,-999.00,-999.00,-999.00,-999.00,-999.00,-999.00,-999.00,-999.00,-999.00,-999.00,-999.00,-999.00,-999.00,-999.00,-999.00,-999,-999.00,3,-999.00,-999.00,-999.00,1048;1346;1658,7.81,-999.00,-999.00,-999.00,594962.84,-11.36,-25.60,-18.48,50.48,43.21,46.84,2,28.87,3.00,0.19,120.91,219.78,1075.65,1581.19
Chiroptera,Vespertilionidae,Miniopterus,medius,miniopterus medius,-999.00,11.40,-999.00,-999.00,-999.00,-999.00,-999.00,-999.00,-999.00,-999.00,-999.00,-999.00,-999.00,-999.00,-999.00,1.00,-999.00,-999.00,-999.00,-999.00,-999.00,-999.00,-999.00,-999.00,-999,-999.00,-999,-999.00,-999.00,-999.00,152;196;1297;2622,-999.00,-999.00,-999.00,-999.00,1208567.75,9.33,-10.70,-0.68,152.35,98.80,125.57,1,150.76,3.00,0.13,252.85,238.15,1652.50,1718.76
Chiroptera,Vespertilionidae,Miniopterus,minor,miniopterus minor,-999.00,-999.00,-999.00,-999.00,-999.00,-999.00,-999.00,-999.00,-999.00,-999.00,-999.00,-999.00,-999.00,-999.00,-999.00,-999.00,-999.00,-999.00,-999.00,-999.00,-999.00,-999.00,-999.00,-999.00,-999,-999.00,-999,-999.00,-999.00,-999.00,-999,-999.00,-999.00,-999.00,-999.00,347309.18,4.85,-16.10,-5.62,40.16,6.47,23.31,1,50.14,1.00,0.12,64.51,242.26,844.83,1534.32
Chiroptera,Vespertilionidae,Miniopterus,natalensis,miniopterus natalensis,-999.00,10.43,45.00,-999.00,-999.00,-999.00,-999.00,-999.00,1.00,-999.00,126.88,-999.00,-999.00,-999.00,-999.00,1.00,1.00,-999.00,3.00,-999.00,-999.00,-999.00,-999.00,-999.00,-999,-999.00,3,58.59,-999.00,-999.00,196;1658;2719;2889;2892;2893;2896;2901,-999.00,-999.00,-999.00,-999.00,-999.00,-999.00,-999.00,-999.00,-999.00,-999.00,-999.00,-999,-999.00,-999.00,-999.00,-999.00,-999.00,-999.00,-999.00
Chiroptera,Vespertilionidae,Miniopterus,paululus,miniopterus paululus,-999.00,-999.00,35.99,-999.00,-999.00,-999.00,-999.00,-999.00,-999.00,-999.00,-999.00,-999.00,-999.00,-999.00,-999.00,-999.00,-999.00,-999.00,-999.00,-999.00,-999.00,-999.00,-999.00,-999.00,-999,-999.00,-999,-999.00,-999.00,-999.00,1658,7.20,-999.00,-999.00,-999.00,-999.00,-999.00,-999.00,-999.00,-999.00,-999.00,-999.00,-999,-999.00,-999.00,-999.00,-999.00,-999.00,-999.00,-999.00
Chiroptera,Vespertilionidae,Miniopterus,pusillus,miniopterus pusillus,-999.00,8.95,41.99,-999.00,-999.00,-999.00,-999.00,-999.00,-999.00,-999.00,-999.00,1.00,-999.00,-999.00,-999.00,-999.00,-999.00,-999.00,-999.00,-999.00,-999.00,-999.00,-999.00,-999.00,-999,2.00,-999,-999.00,-999.00,-999.00,196;1658;2151;2622;2655,-999.00,-999.00,-999.00,-999.00,147746.63,28.19,-10.37,8.91,130.87,74.83,102.85,5,297.74,17.00,0.08,154.37,233.56,1247.21,1605.38
Chiroptera,Vespertilionidae,Miniopterus,robustior,miniopterus robustior,-999.00,-999.00,41.00,-999.00,-999.00,-999.00,-999.00,-999.00,-999.00,-999.00,-999.00,1.00,-999.00,-999.00,-999.00,-999.00,-999.00,-999.00,-999.00,-999.00,-999.00,-999.00,-999.00,-999.00,-999,2.00,-999,-999.00,-999.00,-999.00,1658;2151,10.46,-999.00,-999.00,-999.00,1837.63,-20.67,-21.65,-21.16,168.12,167.00,167.56,10,10.00,10.00,0.11,-999.00,-999.00,-999.00,-999.00
Chiroptera,Vespertilionidae,Miniopterus,schreibersii,miniopterus schreibersii,-999.00,11.46,45.99,-999.00,-999.00,723.66,-999.00,-999.00,1.00,-999.00,182.50,1.00,-999.00,-999.00,-999.00,0.99,1.00,168.00,2.86,26.50,-999.00,4040.00,666.44,-999.00,-999,2.00,3,60.19,12.50,-999.00,107;152;196;276;283;284;286;287;289;489;543;860;863;1031;1147;1257;1297;1384;1388;1439;1621;1658;1668;1704;1705;2143;2151;2295;2436;25832622;2655;2719;2889;2900;3014;3023,-999.00,-999.00,-999.00,-999.00,49430485.11,50.89,-39.13,5.87,162.39,-17.53,72.43,0,94.58,0.00,0.10,74.56,198.74,679.41,1335.68
Chiroptera,Vespertilionidae,Miniopterus,shortridgei,miniopterus shortridgei,-999.00,-999.00,-999.00,-999.00,-999.00,-999.00,-999.00,-999.00,-999.00,-999.00,-999.00,-999.00,-999.00,-999.00,-999.00,-999.00,-999.00,-999.00,-999.00,-999.00,-999.00,-999.00,-999.00,-999.00,-999,-999.00,-999,-999.00,-999.00,-999.00,-999,-999.00,-999.00,-999.00,-999.00,-999.00,-999.00,-999.00,-999.00,-999.00,-999.00,-999.00,-999,-999.00,-999.00,-999.00,-999.00,-999.00,-999.00,-999.00
Chiroptera,Vespertilionidae,Miniopterus,tristis,miniopterus tristis,-999.00,15.17,51.00,-999.00,-999.00,-999.00,-999.00,-999.00,-999.00,-999.00,-999.00,1.00,-999.00,-999.00,-999.00,-999.00,-999.00,-999.00,-999.00,-999.00,-999.00,-999.00,-999.00,-999.00,-999,2.00,-999,-999.00,-999.00,-999.00,196;1439;1658;2151;2622;2655,-999.00,-999.00,-999.00,-999.00,632956.74,18.65,-10.28,4.18,150.05,118.75,134.40,1,134.08,5.00,0.10,240.58,224.65,1618.07,1746.05
Primates,Cercopithecidae,Miopithecus,ogouensis,miopithecus ogouensis,-999.00,-999.00,-999.00,-999.00,-999.00,-999.00,-999.00,-999.00,-999.00,-999.00,-999.00,-999.00,-999.00,-999.00,-999.00,-999.00,-999.00,-999.00,-999.00,-999.00,-999.00,-999.00,-999.00,-999.00,-999,-999.00,-999,-999.00,-999.00,-999.00,-999,-999.00,-999.00,-999.00,-999.00,446721.33,4.03,-5.28,-0.62,15.39,8.69,12.04,1,14.44,1.00,0.08,160.61,242.52,1291.73,1504.19
Artiodactyla,Cervidae,Muntiacus,feae,muntiacus feae,-999.00,21999.99,-999.00,-999.00,-999.00,-999.00,-999.00,-999.00,4.00,-999.00,195.57,-999.00,-999.00,-999.00,-999.00,1.22,-999.00,-999.00,-999.00,-999.00,-999.00,-999.00,-999.00,-999.00,-999,-999.00,2,-999.00,-999.00,-999.00,899;2655;3010,-999.00,-999.00,-999.00,-999.00,14346.43,16.39,13.64,15.02,98.87,97.86,98.37,5,57.19,5.00,0.05,393.21,245.37,1107.53,1687.57
Artiodactyla,Cervidae,Muntiacus,gongshanensis,muntiacus gongshanensis,-999.00,18590.01,-999.00,-999.00,-999.00,-999.00,-999.00,-999.00,4.00,-999.00,-999.00,-999.00,-999.00,-999.00,-999.00,-999.00,-999.00,-999.00,-999.00,-999.00,-999.00,-999.00,-999.00,-999.00,-999,-999.00,2,-999.00,-999.00,-999.00,653;899,-999.00,-999.00,-999.00,-999.00,170.54,29.65,27.52,28.59,98.85,96.25,97.55,2,8.56,2.00,0.03,188.44,-21.62,870.87,1006.82
Artiodactyla,Cervidae,Muntiacus,muntjak,muntiacus muntjak,2.00,17611.59,-999.00,994.99,-999.00,-999.00,-999.00,-999.00,3.00,-999.00,210.00,-999.00,-999.00,-999.00,241.00,1.00,-999.00,211.20,1371.39,-999.00,3.12,-999.00,338.33,-999.00,-999,-999.00,1,-999.00,-999.00,-999.00,200;543;653;730;1297;2152;2525;2655;3010,-999.00,1.35,-999.00,-999.00,7321434.07,32.36,-8.78,11.79,119.66,72.05,95.86,0,236.51,6.00,0.10,150.35,224.08,1094.18,1471.74
Artiodactyla,Cervidae,Muntiacus,puhoatensis,muntiacus puhoatensis,-999.00,-999.00,-999.00,-999.00,-999.00,-999.00,-999.00,-999.00,-999.00,-999.00,-999.00,-999.00,-999.00,-999.00,-999.00,-999.00,-999.00,-999.00,-999.00,-999.00,-999.00,-999.00,-999.00,-999.00,-999,-999.00,-999,-999.00,-999.00,-999.00,-999,-999.00,-999.00,-999.00,-999.00,1860.05,19.69,19.24,19.46,105.08,104.63,104.86,22,103.77,22.00,0.10,115.00,211.50,1061.77,1252.50
Artiodactyla,Cervidae,Muntiacus,putaoensis,muntiacus putaoensis,-999.00,-999.00,-999.00,-999.00,-999.00,-999.00,-999.00,-999.00,-999.00,-999.00,-999.00,-999.00,-999.00,-999.00,-999.00,-999.00,-999.00,-999.00,-999.00,-999.00,-999.00,-999.00,-999.00,-999.00,-999,-999.00,-999,-999.00,-999.00,-999.00,-999,-999.00,-999.00,-999.00,-999.00,42695.33,27.89,25.55,26.72,98.61,95.97,97.29,1,7.79,1.00,0.05,194.24,142.94,1188.00,1274.60
Artiodactyla,Cervidae,Muntiacus,reevesi,muntiacus reevesi,-999.00,13499.94,-999.00,-999.00,-999.00,-999.00,-999.00,-999.00,2.00,-999.00,214.24,-999.00,0.12,0.11,215.25,0.98,-999.00,-999.00,1050.00,-999.00,0.67,-999.00,295.12,-999.00,-999,-999.00,1,-999.00,-999.00,-999.00,200;653;789;1297;1573;2525;2655;2986;3010,-999.00,1.43,-999.00,-999.00,1767640.73,34.11,20.22,27.17,122.13,104.67,113.40,41,356.66,94.00,0.06,109.52,157.10,1016.93,1071.65
Artiodactyla,Cervidae,Muntiacus,rooseveltorum,muntiacus rooseveltorum,-999.00,10762.64,-999.00,-999.00,-999.00,-999.00,-999.00,-999.00,-999.00,-999.00,212.49,-999.00,-999.00,-999.00,-999.00,1.00,-999.00,-999.00,-999.00,-999.00,-999.00,-999.00,-999.00,-999.00,-999,-999.00,-999,-999.00,-999.00,-999.00,3010,-999.00,-999.00,-999.00,-999.00,7016.69,19.91,18.88,19.40,104.26,103.55,103.91,5,12.82,5.00,0.11,128.18,195.20,996.13,1241.99
Artiodactyla,Cervidae,Muntiacus,truongsonensis,muntiacus truongsonensis,-999.00,-999.00,-999.00,-999.00,-999.00,-999.00,-999.00,-999.00,-999.00,-999.00,-999.00,-999.00,-999.00,-999.00,-999.00,-999.00,-999.00,-999.00,-999.00,-999.00,-999.00,-999.00,-999.00,-999.00,-999,-999.00,-999,-999.00,-999.00,-999.00,-999,-999.00,-999.00,-999.00,-999.00,10016.59,16.51,15.03,15.77,107.65,106.86,107.26,7,63.78,7.00,0.14,256.48,212.70,1410.97,1656.22
Artiodactyla,Cervidae,Muntiacus,vuquangensis,muntiacus vuquangensis,-999.00,36690.82,-999.00,-999.00,-999.00,-999.00,-999.00,-999.00,-999.00,-999.00,-999.00,-999.00,-999.00,-999.00,-999.00,-999.00,-999.00,-999.00,-999.00,-999.00,-999.00,-999.00,-999.00,-999.00,-999,-999.00,-999,-999.00,-999.00,-999.00,653,-999.00,-999.00,-999.00,-999.00,55431.64,18.54,13.43,15.99,107.71,104.22,105.96,3,34.31,4.00,0.13,217.86,228.32,1241.00,1524.63
Dasyuromorphia,Dasyuridae,Murexechinus,melanurus,murexechinus melanurus,2.00,38.02,-999.00,108.11,-999.00,-999.00,-999.00,-999.00,1.00,-999.00,-999.00,1.00,-999.00,-999.00,-999.00,3.49,1.00,-999.00,-999.00,-999.00,150.00,-999.00,374.16,-999.00,4,1.00,3,-999.00,-999.00,-999.00,955;977;1297;1760;1848;1991;2152;2655,-999.00,-999.00,-999.00,-999.00,198231.10,-1.02,-10.30,-5.66,149.73,133.74,141.74,1,10.16,2.00,0.12,264.71,201.58,1686.80,1700.08
Dasyuromorphia,Dasyuridae,Murexia,longicaudata,murexia longicaudata,2.00,126.79,-999.00,180.43,-999.00,-999.00,-999.00,-999.00,1.00,-999.00,-999.00,2.00,-999.00,-999.00,-999.00,-999.00,-999.00,-999.00,-999.00,-999.00,-999.00,-999.00,-999.00,-999.00,-999,2.00,3,-999.00,-999.00,-999.00,977;1760;1991;2152;2655;3083,-999.00,-999.00,-999.00,-999.00,155022.96,-1.59,-9.75,-5.67,147.90,135.22,141.56,1,10.99,2.00,0.11,265.83,201.44,1688.84,1726.03
Rodentia,Cricetidae,Necromys,punctulatus,necromys punctulatus,-999.00,37.30,-999.00,-999.00,-999.00,-999.00,-999.00,-999.00,-999.00,-999.00,-999.00,-999.00,-999.00,-999.00,-999.00,-999.00,-999.00,-999.00,-999.00,-999.00,-999.00,-999.00,-999.00,-999.00,-999,-999.00,-999,-999.00,-999.00,-999.00,2655,-999.00,-999.00,-999.00,-999.00,-999.00,-999.00,-999.00,-999.00,-999.00,-999.00,-999.00,-999,-999.00,-999.00,-999.00,-999.00,-999.00,-999.00,-999.00
Rodentia,Cricetidae,Necromys,temchuki,necromys temchuki,-999.00,47.20,-999.00,-999.00,-999.00,-999.00,-999.00,-999.00,-999.00,-999.00,-999.00,-999.00,-999.00,-999.00,-999.00,-999.00,-999.00,-999.00,-999.00,-999.00,-999.00,-999.00,-999.00,-999.00,-999,-999.00,-999,-999.00,-999.00,-999.00,2655,-999.00,-999.00,-999.00,-999.00,108564.06,-24.80,-28.58,-26.69,-54.01,-61.24,-57.62,1,20.45,2.00,0.09,105.35,210.82,1139.58,1219.83
Rodentia,Cricetidae,Necromys,urichi,necromys urichi,2.00,44.84,-999.00,-999.00,-999.00,-999.00,-999.00,-999.00,4.00,-999.00,-999.00,1.00,-999.00,-999.00,-999.00,5.18,3.60,-999.00,-999.00,-999.00,304.58,-999.00,84.23,-999.00,-999,1.00,2,-999.00,-999.00,-999.00,730;890;1297;2159;2655,-999.00,-999.00,-999.00,-999.00,229420.40,10.76,1.32,6.04,-61.01,-72.46,-66.74,0,70.64,0.00,0.17,145.69,234.28,1483.19,1706.59
Soricomorpha,Soricidae,Nectogale,elegans,nectogale elegans,-999.00,38.82,-999.00,109.00,-999.00,-999.00,-999.00,-999.00,2.00,-999.00,-999.00,3.00,-999.00,-999.00,-999.00,-999.00,-999.00,-999.00,-999.00,-999.00,-999.00,-999.00,-999.00,-999.00,-999,1.00,3,-999.00,-999.00,-999.00,626;630;1456;2655,-999.00,-999.00,-999.00,-999.00,509363.88,34.24,26.94,30.59,108.45,89.22,98.83,1,134.05,2.00,0.07,126.95,84.60,862.65,1023.02
Rodentia,Cricetidae,Nectomys,apicalis,nectomys apicalis,-999.00,-999.00,-999.00,-999.00,-999.00,-999.00,-999.00,-999.00,-999.00,-999.00,-999.00,-999.00,-999.00,-999.00,-999.00,-999.00,-999.00,-999.00,-999.00,-999.00,-999.00,-999.00,-999.00,-999.00,-999,-999.00,-999,-999.00,-999.00,-999.00,-999,-999.00,-999.00,-999.00,-999.00,-999.00,-999.00,-999.00,-999.00,-999.00,-999.00,-999.00,-999,-999.00,-999.00,-999.00,-999.00,-999.00,-999.00,-999.00
Rodentia,Cricetidae,Nectomys,magdalenae,nectomys magdalenae,-999.00,-999.00,-999.00,-999.00,-999.00,-999.00,-999.00,-999.00,-999.00,-999.00,-999.00,-999.00,-999.00,-999.00,-999.00,-999.00,-999.00,-999.00,-999.00,-999.00,-999.00,-999.00,-999.00,-999.00,-999,-999.00,-999,-999.00,-999.00,-999.00,-999,-999.00,-999.00,-999.00,-999.00,-999.00,-999.00,-999.00,-999.00,-999.00,-999.00,-999.00,-999,-999.00,-999.00,-999.00,-999.00,-999.00,-999.00,-999.00
Rodentia,Cricetidae,Nectomys,palmipes,nectomys palmipes,1.00,-999.00,-999.00,-999.00,-999.00,-999.00,-999.00,-999.00,-999.00,-999.00,-999.00,1.00,-999.00,-999.00,-999.00,-999.00,-999.00,-999.00,-999.00,-999.00,-999.00,-999.00,-999.00,-999.00,-999,1.00,-999,-999.00,-999.00,-999.00,2151,-999.00,-999.00,-999.00,-999.00,76476.81,10.76,4.57,7.67,-59.84,-64.67,-62.26,0,30.71,1.00,0.16,126.21,236.97,1517.20,1770.52
Rodentia,Cricetidae,Nectomys,rattus,nectomys rattus,1.00,248.80,-999.00,-999.00,-999.00,-999.00,-999.00,-999.00,3.00,-999.00,-999.00,1.00,-999.00,-999.00,-999.00,-999.00,-999.00,-999.00,-999.00,-999.00,-999.00,-999.00,-999.00,1.00,-999,1.00,2,-999.00,-999.00,-999.00,905;2151;2655,-999.00,-999.00,-999.00,-999.00,1283.17,4.77,4.40,4.59,-52.26,-52.62,-52.44,0,9.99,0.00,0.30,307.99,242.99,1560.74,1816.50
Rodentia,Cricetidae,Nectomys,squamipes,nectomys squamipes,1.00,184.98,-999.00,182.42,-999.00,-999.00,-999.00,-999.00,7.00,-999.00,-999.00,2.00,1.55313e-03,2.2e-03,-999.00,4.50,-999.00,-999.00,-999.00,-999.00,212.58,-999.00,-999.00,1.00,8,1.00,2,-999.00,-999.00,-999.00,730;890;905;910;1297;1843;2151;2655,-999.00,-999.00,-999.00,-999.00,-999.00,-999.00,-999.00,-999.00,-999.00,-999.00,-999.00,-999,-999.00,-999.00,-999.00,-999.00,-999.00,-999.00,-999.00
Rodentia,Muridae,Muriculus,imberbis,muriculus imberbis,-999.00,18.50,-999.00,-999.00,-999.00,-999.00,-999.00,-999.00,-999.00,-999.00,-999.00,-999.00,-999.00,-999.00,-999.00,-999.00,-999.00,-999.00,-999.00,-999.00,-999.00,-999.00,-999.00,-999.00,-999,-999.00,-999,-999.00,-999.00,-999.00,2655,-999.00,-999.00,-999.00,-999.00,106402.32,14.25,7.06,10.65,39.95,36.78,38.37,16,112.62,25.00,0.14,97.68,163.08,929.65,1473.00
Chiroptera,Vespertilionidae,Murina,aenea,murina aenea,-999.00,7.50,35.49,-999.00,-999.00,-999.00,-999.00,-999.00,-999.00,-999.00,-999.00,1.00,-999.00,-999.00,-999.00,-999.00,-999.00,-999.00,-999.00,-999.00,-999.00,-999.00,-999.00,-999.00,-999,2.00,-999,-999.00,-999.00,-999.00,1658;2151;2622;2655,-999.00,-999.00,-999.00,-999.00,74408.21,6.50,1.89,4.19,117.63,100.97,109.30,3,81.16,4.00,0.16,220.26,246.65,1706.86,1824.23
Chiroptera,Vespertilionidae,Murina,aurata,murina aurata,-999.00,-999.00,30.00,-999.00,-999.00,-999.00,-999.00,-999.00,-999.00,-999.00,-999.00,1.00,-999.00,-999.00,-999.00,-999.00,-999.00,-999.00,-999.00,-999.00,-999.00,-999.00,-999.00,-999.00,-999,2.00,-999,-999.00,-999.00,-999.00,1658;2151,4.27,-999.00,-999.00,-999.00,705211.65,33.21,23.60,28.41,105.59,82.88,94.23,1,107.28,2.00,0.08,157.33,108.65,970.00,1155.72
Chiroptera,Vespertilionidae,Murina,cyclotis,murina cyclotis,-999.00,9.35,34.44,-999.00,-999.00,-999.00,-999.00,-999.00,-999.00,-999.00,-999.00,1.00,-999.00,-999.00,-999.00,1.98,-999.00,-999.00,-999.00,-999.00,-999.00,-999.00,-999.00,-999.00,-999,2.00,-999,-999.00,-999.00,-999.00,196;1297;1439;1621;1658;2151;2655,-999.00,-999.00,-999.00,-999.00,2366110.37,28.15,-8.84,9.65,126.60,77.07,101.83,1,159.85,7.00,0.10,167.16,230.97,1174.10,1528.34
Chiroptera,Vespertilionidae,Murina,florium,murina florium,-999.00,4.41,34.50,-999.00,-999.00,-999.00,-999.00,-999.00,-999.00,-999.00,-999.00,1.00,-999.00,-999.00,-999.00,-999.00,-999.00,-999.00,-999.00,-999.00,-999.00,-999.00,-999.00,-999.00,-999,2.00,-999,-999.00,-999.00,-999.00,1658;2151;2622;2655,-999.00,-999.00,-999.00,-999.00,216194.08,0.84,-19.42,-9.28,148.08,116.71,132.40,0,32.77,0.00,0.08,217.06,230.17,1438.21,1699.29
Chiroptera,Vespertilionidae,Murina,fusca,murina fusca,-999.00,-999.00,-999.00,-999.00,-999.00,-999.00,-999.00,-999.00,-999.00,-999.00,-999.00,1.00,-999.00,-999.00,-999.00,-999.00,-999.00,-999.00,-999.00,-999.00,-999.00,-999.00,-999.00,-999.00,-999,2.00,-999,-999.00,-999.00,-999.00,2151,-999.00,-999.00,-999.00,-999.00,58971.74,41.48,37.96,39.72,113.29,110.19,111.74,25,131.76,28.00,0.06,28.77,32.23,442.72,747.92
Chiroptera,Vespertilionidae,Murina,grisea,murina grisea,-999.00,-999.00,32.99,-999.00,-999.00,-999.00,-999.00,-999.00,-999.00,-999.00,-999.00,1.00,-999.00,-999.00,-999.00,-999.00,-999.00,-999.00,-999.00,-999.00,-999.00,-999.00,-999.00,-999.00,-999,2.00,-999,-999.00,-999.00,-999.00,1658;2151,5.61,-999.00,-999.00,-999.00,867.06,30.43,30.11,30.27,78.25,77.93,78.09,350,448.50,350.00,0.11,171.00,219.00,991.50,1280.00
Chiroptera,Vespertilionidae,Murina,hilgendorfi,murina hilgendorfi,-999.00,-999.00,-999.00,-999.00,-999.00,-999.00,-999.00,-999.00,-999.00,-999.00,-999.00,-999.00,-999.00,-999.00,-999.00,-999.00,-999.00,-999.00,-999.00,-999.00,-999.00,-999.00,-999.00,-999.00,-999,-999.00,-999,-999.00,-999.00,-999.00,-999,-999.00,-999.00,-999.00,-999.00,606874.57,57.74,30.98,44.36,144.75,86.54,115.64,0,149.00,1.00,1.24336398042902e-03,69.27,16.48,530.05,563.52
Chiroptera,Vespertilionidae,Murina,huttoni,murina huttoni,-999.00,7.56,33.50,-999.00,-999.00,-999.00,-999.00,-999.00,-999.00,-999.00,-999.00,1.00,-999.00,-999.00,-999.00,-999.00,-999.00,-999.00,-999.00,-999.00,-999.00,-999.00,-999.00,-999.00,-999,2.00,-999,-999.00,-999.00,-999.00,196;1658;2151;2622;2655,-999.00,-999.00,-999.00,-999.00,2092289.14,37.55,2.78,20.17,113.85,72.22,93.03,0,124.90,1.00,0.09,126.31,128.62,947.78,1221.97
Chiroptera,Vespertilionidae,Murina,leucogaster,murina leucogaster,-999.00,7.54,41.99,-999.00,-999.00,-999.00,-999.00,-999.00,-999.00,-999.00,-999.00,1.00,-999.00,-999.00,-999.00,-999.00,-999.00,-999.00,-999.00,-999.00,-999.00,-999.00,-999.00,-999.00,-999,2.00,-999,-999.00,-999.00,-999.00,1658;2151;2622;2655,-999.00,-999.00,-999.00,-999.00,644305.67,34.59,14.33,24.46,120.10,84.67,102.38,3,249.08,7.00,0.06,121.31,122.73,909.96,1043.44
Chiroptera,Vespertilionidae,Murina,puta,murina puta,-999.00,-999.00,35.49,-999.00,-999.00,-999.00,-999.00,-999.00,-999.00,-999.00,-999.00,1.00,-999.00,-999.00,-999.00,-999.00,-999.00,-999.00,-999.00,-999.00,-999.00,-999.00,-999.00,-999.00,-999,2.00,-999,-999.00,-999.00,-999.00,1658;2151,6.91,-999.00,-999.00,-999.00,36065.98,25.29,21.90,23.60,122.00,120.04,121.02,70,676.60,73.00,0.03,160.50,165.80,-999.00,-999.00
Chiroptera,Vespertilionidae,Murina,rozendaali,murina rozendaali,-999.00,-999.00,32.99,-999.00,-999.00,-999.00,-999.00,-999.00,-999.00,-999.00,-999.00,1.00,-999.00,-999.00,-999.00,-999.00,-999.00,-999.00,-999.00,-999.00,-999.00,-999.00,-999.00,-999.00,-999,2.00,-999,-999.00,-999.00,-999.00,1658;2151,5.61,-999.00,-999.00,-999.00,80063.86,5.81,1.85,3.83,118.15,100.59,109.37,3,98.92,7.00,0.11,210.06,252.35,1687.92,1818.47
Chiroptera,Vespertilionidae,Murina,ryukyuana,murina ryukyuana,-999.00,-999.00,-999.00,-999.00,-999.00,-999.00,-999.00,-999.00,-999.00,-999.00,-999.00,-999.00,-999.00,-999.00,-999.00,-999.00,-999.00,-999.00,-999.00,-999.00,-999.00,-999.00,-999.00,-999.00,-999,-999.00,-999,-999.00,-999.00,-999.00,-999,-999.00,-999.00,-999.00,-999.00,1209.87,26.87,26.07,26.47,128.32,127.63,127.98,365,365.00,365.00,0.04,-999.00,-999.00,-999.00,-999.00
Chiroptera,Vespertilionidae,Murina,silvatica,murina silvatica,-999.00,-999.00,30.50,-999.00,-999.00,-999.00,-999.00,-999.00,-999.00,-999.00,-999.00,1.00,-999.00,-999.00,-999.00,-999.00,-999.00,-999.00,-999.00,-999.00,-999.00,-999.00,-999.00,-999.00,-999,2.00,-999,-999.00,-999.00,-999.00,1658;2151,4.48,-999.00,-999.00,-999.00,305747.47,45.52,33.42,39.47,145.82,130.86,138.34,56,323.22,73.00,0.01,125.10,83.36,743.50,799.35
Chiroptera,Vespertilionidae,Murina,suilla,murina suilla,-999.00,4.00,30.00,-999.00,-999.00,-999.00,-999.00,-999.00,-999.00,-999.00,-999.00,1.00,-999.00,-999.00,-999.00,-999.00,-999.00,-999.00,-999.00,-999.00,-999.00,-999.00,-999.00,-999.00,-999,2.00,-999,-999.00,-999.00,-999.00,1658;2151;2622;2655,-999.00,-999.00,-999.00,-999.00,385996.37,6.11,-7.88,-0.88,118.46,97.05,107.76,1,123.25,3.00,0.16,251.05,236.82,1660.95,1704.85
Chiroptera,Vespertilionidae,Murina,tenebrosa,murina tenebrosa,-999.00,-999.00,34.50,-999.00,-999.00,-999.00,-999.00,-999.00,-999.00,-999.00,-999.00,1.00,-999.00,-999.00,-999.00,-999.00,-999.00,-999.00,-999.00,-999.00,-999.00,-999.00,-999.00,-999.00,-999,2.00,-999,-999.00,-999.00,-999.00,1658;2151,6.38,-999.00,-999.00,-999.00,450.62,34.70,34.29,34.49,129.49,129.23,129.36,318,318.00,318.00,-0.01,-999.00,-999.00,-999.00,-999.00
Cetacea,Ziphiidae,Mesoplodon,layardii,mesoplodon layardii,-999.00,1500000.00,-999.00,-999.00,-999.00,-999.00,-999.00,-999.00,-999.00,-999.00,-999.00,1.00,-999.00,-999.00,-999.00,-999.00,-999.00,-999.00,-999.00,-999.00,-999.00,-999.00,-999.00,-999.00,-999,-999.00,-999,-999.00,-999.00,-999.00,2151;2655,-999.00,-999.00,-999.00,-999.00,-999.00,-999.00,-999.00,-999.00,-999.00,-999.00,-999.00,-999,-999.00,-999.00,-999.00,-999.00,-999.00,-999.00,-999.00
Cetacea,Ziphiidae,Mesoplodon,mirus,mesoplodon mirus,-999.00,2099999.99,-999.00,5179.99,-999.00,-999.00,-999.00,-999.00,-999.00,-999.00,-999.00,1.00,-999.00,-999.00,-999.00,0.97,-999.00,-999.00,-999.00,-999.00,-999.00,-999.00,-999.00,-999.00,-999,-999.00,-999,-999.00,-999.00,-999.00,1217;1297;2151;2655,-999.00,-999.00,-999.00,-999.00,-999.00,-999.00,-999.00,-999.00,-999.00,-999.00,-999.00,-999,-999.00,-999.00,-999.00,-999.00,-999.00,-999.00,-999.00
Cetacea,Ziphiidae,Mesoplodon,perrini,mesoplodon perrini,-999.00,-999.00,-999.00,-999.00,-999.00,-999.00,-999.00,-999.00,-999.00,-999.00,-999.00,-999.00,-999.00,-999.00,-999.00,-999.00,-999.00,-999.00,-999.00,-999.00,-999.00,-999.00,-999.00,-999.00,-999,-999.00,-999,-999.00,-999.00,-999.00,-999,-999.00,-999.00,-999.00,-999.00,-999.00,-999.00,-999.00,-999.00,-999.00,-999.00,-999.00,-999,-999.00,-999.00,-999.00,-999.00,-999.00,-999.00,-999.00
Cetacea,Ziphiidae,Mesoplodon,peruvianus,mesoplodon peruvianus,-999.00,-999.00,-999.00,3719.99,-999.00,-999.00,-999.00,-999.00,-999.00,-999.00,-999.00,1.00,-999.00,-999.00,-999.00,-999.00,-999.00,-999.00,-999.00,-999.00,-999.00,-999.00,-999.00,-999.00,-999,-999.00,-999,-999.00,-999.00,-999.00,164;2151,1061721.24,-999.00,-999.00,-999.00,-999.00,-999.00,-999.00,-999.00,-999.00,-999.00,-999.00,-999,-999.00,-999.00,-999.00,-999.00,-999.00,-999.00,-999.00
Cetacea,Ziphiidae,Mesoplodon,stejnegeri,mesoplodon stejnegeri,-999.00,4800000.02,-999.00,6090.00,-999.00,-999.00,-999.00,-999.00,-999.00,-999.00,-999.00,1.00,-999.00,-999.00,-999.00,-999.00,-999.00,-999.00,-999.00,-999.00,-999.00,-999.00,-999.00,-999.00,-999,-999.00,-999,-999.00,-999.00,-999.00,1217;2151;2655,-999.00,-999.00,-999.00,-999.00,-999.00,-999.00,-999.00,-999.00,-999.00,-999.00,-999.00,-999,-999.00,-999.00,-999.00,-999.00,-999.00,-999.00,-999.00
Cetacea,Ziphiidae,Mesoplodon,traversii,mesoplodon traversii,-999.00,-999.00,-999.00,-999.00,-999.00,-999.00,-999.00,-999.00,-999.00,-999.00,-999.00,-999.00,-999.00,-999.00,-999.00,-999.00,-999.00,-999.00,-999.00,-999.00,-999.00,-999.00,-999.00,-999.00,-999,-999.00,-999,-999.00,-999.00,-999.00,-999,-999.00,-999.00,-999.00,-999.00,-999.00,-999.00,-999.00,-999.00,-999.00,-999.00,-999.00,-999,-999.00,-999.00,-999.00,-999.00,-999.00,-999.00,-999.00
Didelphimorphia,Didelphidae,Metachirus,nudicaudatus,metachirus nudicaudatus,1.00,363.77,-999.00,260.69,-999.00,-999.00,204.96,336.00,4.00,-999.00,-999.00,2.00,-999.00,-999.00,365.00,3.87,-999.00,48.00,-999.00,-999.00,25.59,-999.00,-999.00,1.00,9,2.00,2,-999.00,-999.00,-999.00,543;569;730;889;890;905;955;1297;1412;1425;1822;2151;2431;2545;2655,-999.00,1.10,-999.00,-999.00,8833791.02,16.59,-27.26,-5.33,-37.90,-91.61,-64.76,0,19.89,0.00,0.13,162.56,242.98,1365.68,1539.31
Rodentia,Muridae,Micaelamys,granti,micaelamys granti,-999.00,40.00,-999.00,-999.00,-999.00,-999.00,-999.00,-999.00,-999.00,-999.00,-999.00,-999.00,-999.00,-999.00,-999.00,-999.00,-999.00,-999.00,-999.00,-999.00,-999.00,-999.00,-999.00,-999.00,-999,-999.00,-999,-999.00,-999.00,-999.00,2655,-999.00,-999.00,-999.00,-999.00,141399.15,-30.23,-32.92,-31.57,25.64,19.35,22.49,0,1.80,0.00,0.09,19.65,157.45,329.72,1018.06
Rodentia,Muridae,Micaelamys,namaquensis,micaelamys namaquensis,1.00,57.10,-999.00,-999.00,12.00,-999.00,48.13,57.30,-999.00,-999.00,21.99,-999.00,-999.00,-999.00,-999.00,3.49,2.00,-999.00,2.50,-999.00,1378.90,-999.00,-999.00,-999.00,-999,-999.00,-999,27.50,12.50,-999.00,456;730;1297;1798;1822;1974;1975;2121;2442;2655,-999.00,-999.00,-999.00,-999.00,3334236.98,-13.40,-32.92,-23.16,38.07,13.96,26.01,0,19.50,0.00,0.12,49.06,201.75,624.94,1360.42
Didelphimorphia,Didelphidae,Micoureus,alstoni,micoureus alstoni,1.00,132.30,-999.00,192.50,-999.00,-999.00,-999.00,-999.00,-999.00,-999.00,-999.00,-999.00,-999.00,-999.00,-999.00,-999.00,-999.00,-999.00,-999.00,-999.00,-999.00,-999.00,-999.00,-999.00,-999,-999.00,-999,-999.00,-999.00,-999.00,889;1760;2655,-999.00,-999.00,-999.00,-999.00,196544.91,17.19,9.39,13.29,-82.79,-89.21,-86.00,2,38.82,3.00,0.20,209.32,230.63,1387.21,1651.01
Didelphimorphia,Didelphidae,Micoureus,constantiae,micoureus constantiae,1.00,92.69,-999.00,161.70,-999.00,-999.00,-999.00,-999.00,-999.00,-999.00,-999.00,1.00,-999.00,-999.00,-999.00,8.00,-999.00,-999.00,-999.00,-999.00,-999.00,-999.00,-999.00,-999.00,15,2.00,-999,-999.00,-999.00,-999.00,889;890;1297;1760;2655,-999.00,-999.00,-999.00,-999.00,299842.88,-16.95,-23.99,-20.47,-55.04,-64.10,-59.57,0,4.57,0.00,0.08,89.78,234.80,1071.17,1414.58
Didelphimorphia,Didelphidae,Micoureus,demerarae,micoureus demerarae,1.00,102.28,-999.00,168.60,-999.00,-999.00,-999.00,-999.00,1.00,-999.00,-999.00,2.00,-999.00,-999.00,-999.00,6.29,-999.00,-999.00,-999.00,-999.00,26.38,-999.00,323.13,-999.00,11,2.00,3,-999.00,-999.00,-999.00,890;955;1760;2655,-999.00,-999.00,-999.00,-999.00,10966042.03,10.41,-27.45,-8.52,-34.79,-77.93,-56.36,0,19.39,0.00,0.11,153.67,242.73,1302.74,1531.63
Didelphimorphia,Didelphidae,Micoureus,paraguayanus,micoureus paraguayanus,1.00,112.43,-999.00,168.60,-999.00,-999.00,-999.00,-999.00,1.00,-999.00,-999.00,2.00,-999.00,-999.00,-999.00,5.56,-999.00,-999.00,-999.00,-999.00,30.82,-999.00,-999.00,-999.00,11,2.00,3,-999.00,-999.00,-999.00,730;889;1297;1843;2225;2431;2790,-999.00,-999.00,-999.00,-999.00,-999.00,-999.00,-999.00,-999.00,-999.00,-999.00,-999.00,-999,-999.00,-999.00,-999.00,-999.00,-999.00,-999.00,-999.00
Didelphimorphia,Didelphidae,Micoureus,phaeus,micoureus phaeus,-999.00,-999.00,-999.00,137.00,-999.00,-999.00,-999.00,-999.00,-999.00,-999.00,-999.00,-999.00,-999.00,-999.00,-999.00,-999.00,-999.00,-999.00,-999.00,-999.00,-999.00,-999.00,-999.00,-999.00,-999,-999.00,-999,-999.00,-999.00,-999.00,889,77.01,-999.00,-999.00,-999.00,-999.00,-999.00,-999.00,-999.00,-999.00,-999.00,-999.00,-999,-999.00,-999.00,-999.00,-999.00,-999.00,-999.00,-999.00
Didelphimorphia,Didelphidae,Micoureus,regina,micoureus regina,1.00,118.60,-999.00,230.00,-999.00,-999.00,-999.00,-999.00,-999.00,-999.00,-999.00,-999.00,-999.00,-999.00,-999.00,-999.00,-999.00,-999.00,-999.00,-999.00,-999.00,-999.00,-999.00,-999.00,-999,-999.00,-999,-999.00,-999.00,-999.00,889;890;1760;2655,-999.00,-999.00,-999.00,-999.00,668331.62,4.96,-14.24,-4.64,-68.81,-78.05,-73.43,0,16.97,0.00,0.12,197.15,235.89,1445.65,1497.13
Rodentia,Cricetidae,Microakodontomys,transitorius,microakodontomys transitorius,-999.00,-999.00,-999.00,-999.00,-999.00,-999.00,-999.00,-999.00,-999.00,-999.00,-999.00,-999.00,-999.00,-999.00,-999.00,-999.00,-999.00,-999.00,-999.00,-999.00,-999.00,-999.00,-999.00,-999.00,-999,-999.00,-999,-999.00,-999.00,-999.00,-999,-999.00,-999.00,-999.00,-999.00,-999.00,-999.00,-999.00,-999.00,-999.00,-999.00,-999.00,-999,-999.00,-999.00,-999.00,-999.00,-999.00,-999.00,-999.00
Rodentia,Caviidae,Microcavia,australis,microcavia australis,3.00,261.49,-999.00,200.00,-999.00,-999.00,-999.00,-999.00,5.00,-999.00,54.91,3.00,2.938105e-03,3.434799e-03,54.60,2.48,4.50,-999.00,30.39,95.92,2116.99,-999.00,89.57,-999.00,-999,2.00,1,20.86,-999.00,-999.00,730;890;1297;1849;2151;2456;2478;2479;2655;2855,-999.00,-999.00,-999.00,-999.00,1516378.14,-22.18,-53.54,-37.86,-60.91,-73.51,-67.21,0,5.92,0.00,0.10,34.24,102.79,410.88,818.50
Rodentia,Caviidae,Microcavia,niata,microcavia niata,-999.00,254.67,-999.00,-999.00,-999.00,-999.00,175.83,255.20,2.00,-999.00,54.00,-999.00,-999.00,-999.00,55.00,3.16,5.00,-999.00,-999.00,-999.00,-999.00,-999.00,-999.00,-999.00,-999,-999.00,1,20.88,-999.00,-999.00,424;1822;1880;2151;2655,-999.00,-999.00,-999.00,-999.00,204842.27,-17.03,-22.83,-19.93,-64.48,-69.53,-67.00,0,7.86,0.00,0.03,43.26,33.40,424.11,1263.32
Rodentia,Caviidae,Microcavia,shiptoni,microcavia shiptoni,-999.00,185.00,-999.00,-999.00,-999.00,-999.00,-999.00,-999.00,-999.00,-999.00,54.00,-999.00,-999.00,-999.00,55.00,3.16,5.00,-999.00,-999.00,-999.00,-999.00,-999.00,-999.00,-999.00,-999,-999.00,-999,20.88,-999.00,-999.00,2151;2655,-999.00,-999.00,-999.00,-999.00,35972.81,-22.82,-27.32,-25.07,-64.81,-66.22,-65.52,2,26.60,2.00,0.14,66.12,53.72,686.33,1307.68
Primates,Cheirogaleidae,Microcebus,berthae,microcebus berthae,-999.00,33.45,-999.00,-999.00,-999.00,-999.00,-999.00,-999.00,-999.00,-999.00,-999.00,-999.00,-999.00,-999.00,-999.00,-999.00,-999.00,-999.00,-999.00,-999.00,-999.00,-999.00,-999.00,-999.00,-999,-999.00,-999,-999.00,-999.00,-999.00,1547,-999.00,-999.00,-999.00,-999.00,236.07,-19.99,-20.15,-20.07,44.75,44.59,44.67,6,8.49,6.00,0.21,78.01,247.50,910.05,1572.00
Primates,Cheirogaleidae,Microcebus,griseorufus,microcebus griseorufus,-999.00,70.24,-999.00,-999.00,-999.00,-999.00,-999.00,-999.00,-999.00,-999.00,-999.00,-999.00,-999.00,-999.00,-999.00,-999.00,-999.00,-999.00,-999.00,-999.00,-999.00,-999.00,-999.00,-999.00,-999,-999.00,-999,-999.00,-999.00,-999.00,1547,-999.00,-999.00,-999.00,-999.00,17072.63,-22.17,-23.71,-22.94,44.72,43.23,43.97,5,17.13,5.00,0.19,49.90,238.80,693.40,1668.06
Primates,Cheirogaleidae,Microcebus,murinus,microcebus murinus,1.00,69.00,-999.00,143.61,-999.00,380.20,125.84,101.05,5.00,-999.00,60.34,1.00,0.01,0.01,365.00,2.00,-999.00,186.00,4.78,43.08,461.00,3.50,355.53,1.00,-999,2.00,2,40.45,-999.00,-999.00,208;511;543;730;1046;1048;1167;1261;1297;1544;1547;1611;1848;2041;2151;2256;2344;2428;2489;2493;2511;2560;2655;2660;2986,-999.00,1.10,-999.00,-999.00,122051.83,-12.33,-25.58,-18.95,49.60,43.22,46.41,2,12.01,3.00,0.19,85.12,240.86,897.10,1624.72
Primates,Cheirogaleidae,Microcebus,myoxinus,microcebus myoxinus,1.00,31.23,-999.00,141.42,-999.00,-999.00,-999.00,-999.00,4.00,-999.00,59.99,1.00,-999.00,-999.00,-999.00,2.00,-999.00,-999.00,-999.00,-999.00,-999.00,-999.00,-999.00,1.00,-999,2.00,2,-999.00,-999.00,-999.00,1015;1046;1544;1545;1547;1848;2344;2655,-999.00,-999.00,-999.00,-999.00,2721.78,-19.81,-20.36,-20.08,45.12,44.56,44.84,6,7.74,6.00,0.18,82.26,247.50,930.04,1565.99
Primates,Cheirogaleidae,Microcebus,ravelobensis,microcebus ravelobensis,-999.00,58.60,-999.00,-999.00,-999.00,-999.00,-999.00,-999.00,-999.00,-999.00,-999.00,-999.00,-999.00,-999.00,-999.00,-999.00,-999.00,-999.00,-999.00,-999.00,-999.00,-999.00,-999.00,-999.00,-999,-999.00,-999,-999.00,-999.00,-999.00,1547;2655,-999.00,-999.00,-999.00,-999.00,1362.43,-16.10,-16.50,-16.30,47.14,46.71,46.92,17,21.33,17.00,0.16,129.99,267.32,932.95,1602.66
Primates,Cheirogaleidae,Microcebus,rufus,microcebus rufus,1.00,48.39,-999.00,143.61,-999.00,-999.00,-999.00,-999.00,5.00,-999.00,59.99,1.00,0.01,0.01,-999.00,2.52,-999.00,144.00,6.50,-999.00,167.80,3.25,-999.00,1.00,-999,2.00,2,40.00,-999.00,-999.00,543;1046;1048;1261;1297;1544;1547;1848;2151;2344;2511;2655,-999.00,-999.00,-999.00,-999.00,105086.84,-13.46,-25.19,-19.32,50.46,46.58,48.52,5,37.74,8.00,0.18,171.44,199.61,1319.63,1595.19
Primates,Cheirogaleidae,Microcebus,sambiranensis,microcebus sambiranensis,-999.00,49.06,-999.00,-999.00,-999.00,-999.00,-999.00,-999.00,-999.00,-999.00,-999.00,-999.00,-999.00,-999.00,-999.00,-999.00,-999.00,-999.00,-999.00,-999.00,-999.00,-999.00,-999.00,-999.00,-999,-999.00,-999,-999.00,-999.00,-999.00,1547,-999.00,-999.00,-999.00,-999.00,134.75,-13.99,-14.11,-14.05,48.33,48.21,48.27,8,15.50,8.00,0.14,146.50,234.00,1103.06,1808.72
Primates,Cheirogaleidae,Microcebus,tavaratra,microcebus tavaratra,-999.00,68.01,-999.00,-999.00,-999.00,-999.00,-999.00,-999.00,-999.00,-999.00,-999.00,-999.00,-999.00,-999.00,-999.00,-999.00,-999.00,-999.00,-999.00,-999.00,-999.00,-999.00,-999.00,-999.00,-999,-999.00,-999,-999.00,-999.00,-999.00,1547,-999.00,-999.00,-999.00,-999.00,198.50,-12.99,-13.14,-13.06,49.13,48.98,49.06,14,20.66,14.00,0.16,105.98,246.99,1215.00,1527.00
Rodentia,Muridae,Microdillus,peeli,microdillus peeli,-999.00,-999.00,-999.00,67.99,-999.00,-999.00,-999.00,-999.00,-999.00,-999.00,-999.00,-999.00,-999.00,-999.00,-999.00,-999.00,-999.00,-999.00,-999.00,-999.00,-999.00,-999.00,-999.00,-999.00,-999,-999.00,-999,-999.00,-999.00,-999.00,899,10.18,-999.00,-999.00,-999.00,18197.00,10.21,4.07,7.14,46.83,45.03,45.93,9,13.67,9.00,0.06,13.69,253.22,318.70,1795.19
Rodentia,Heteromyidae,Microdipodops,megacephalus,microdipodops megacephalus,1.00,12.30,-999.00,72.99,-999.00,-999.00,30.82,11.00,2.00,-999.00,-999.00,2.00,4.385806e-03,4.699803e-03,-999.00,3.94,-999.00,65.00,-999.00,-999.00,-999.00,-999.00,-999.00,-999.00,-999,1.00,2,-999.00,-999.00,-999.00,543;808;1214;1215;1297;1514;1822;2162;2655,-999.00,-999.00,-999.00,-999.00,226286.76,44.50,37.13,40.82,-112.42,-121.11,-116.76,0,1.80,0.00,0.06,21.26,71.85,273.63,883.72
Rodentia,Heteromyidae,Microdipodops,pallidus,microdipodops pallidus,1.00,13.36,-999.00,75.00,-999.00,-999.00,19.50,15.00,2.00,-999.00,-999.00,2.00,-999.00,-999.00,-999.00,3.89,-999.00,-999.00,1.00,-999.00,-999.00,-999.00,-999.00,-999.00,-999,1.00,2,-999.00,-999.00,-999.00,1215;1297;1514;1749;1822;1944;2163;2655,-999.00,-999.00,-999.00,-999.00,31277.67,40.15,36.99,38.57,-115.68,-119.27,-117.47,0,0.93,0.00,-0.02,18.04,87.74,238.32,1005.07
Afrosoricida,Tenrecidae,Microgale,brevicaudata,microgale brevicaudata,1.00,8.99,-999.00,-999.00,-999.00,-999.00,-999.00,-999.00,1.00,-999.00,-999.00,2.00,-999.00,-999.00,-999.00,4.50,-999.00,-999.00,-999.00,-999.00,-999.00,1.00,-999.00,-999.00,-999,1.00,3,-999.00,-999.00,-999.00,1045;2151;2655,-999.00,-999.00,-999.00,-999.00,137477.30,-12.30,-24.44,-18.37,50.46,43.84,47.15,2,25.20,3.00,0.17,132.30,222.08,1127.12,1590.76
Afrosoricida,Tenrecidae,Microgale,cowani,microgale cowani,-999.00,12.27,-999.00,59.99,-999.00,-999.00,-999.00,-999.00,-999.00,-999.00,-999.00,1.00,-999.00,-999.00,-999.00,-999.00,-999.00,-999.00,-999.00,-999.00,-999.00,-999.00,-999.00,-999.00,-999,1.00,-999,-999.00,-999.00,-999.00,2151;2333;2655;2786,-999.00,-999.00,-999.00,-999.00,94309.70,-13.75,-22.99,-18.37,50.47,46.79,48.63,8,47.53,11.00,0.18,175.91,195.89,1332.61,1577.34
Afrosoricida,Tenrecidae,Microgale,dobsoni,microgale dobsoni,-999.00,36.66,-999.00,-999.00,-999.00,-999.00,41.92,44.60,1.00,-999.00,61.64,1.00,-999.00,-999.00,-999.00,2.66,-999.00,67.20,3.89,-999.00,-999.00,1.00,680.59,-999.00,-999,1.00,3,27.87,-999.00,-999.00,543;886;1297;1822;2151;2333;2655;2720;2786,-999.00,-999.00,-999.00,-999.00,100500.66,-14.01,-23.12,-18.56,50.48,46.69,48.58,8,46.83,11.00,0.18,178.65,195.92,1337.07,1580.28
Afrosoricida,Tenrecidae,Microgale,drouhardi,microgale drouhardi,-999.00,10.50,-999.00,73.49,-999.00,-999.00,-999.00,-999.00,-999.00,-999.00,-999.00,-999.00,-999.00,-999.00,-999.00,-999.00,-999.00,-999.00,-999.00,-999.00,-999.00,-999.00,-999.00,-999.00,-999,-999.00,-999,-999.00,-999.00,-999.00,1485;2655,-999.00,-999.00,-999.00,-999.00,89926.07,-12.27,-23.07,-17.67,50.48,46.63,48.56,8,34.21,10.00,0.18,175.85,201.02,1353.87,1604.95
Afrosoricida,Tenrecidae,Microgale,dryas,microgale dryas,-999.00,40.00,-999.00,-999.00,-999.00,-999.00,-999.00,-999.00,-999.00,-999.00,-999.00,-999.00,-999.00,-999.00,-999.00,-999.00,-999.00,-999.00,-999.00,-999.00,-999.00,-999.00,-999.00,-999.00,-999,-999.00,-999,-999.00,-999.00,-999.00,2655,-999.00,-999.00,-999.00,-999.00,87.50,-16.47,-16.56,-16.52,49.12,49.03,49.07,16,19.99,16.00,0.17,201.95,196.00,1473.97,1562.51
Afrosoricida,Tenrecidae,Microgale,fotsifotsy,microgale fotsifotsy,-999.00,7.70,-999.00,72.45,-999.00,-999.00,-999.00,-999.00,-999.00,-999.00,-999.00,-999.00,-999.00,-999.00,-999.00,-999.00,-999.00,-999.00,-999.00,-999.00,-999.00,-999.00,-999.00,-999.00,-999,-999.00,-999,-999.00,-999.00,-999.00,1485;2655,-999.00,-999.00,-999.00,-999.00,97995.01,-13.52,-25.18,-19.35,50.46,46.65,48.56,6,37.17,8.00,0.18,180.28,197.99,1354.56,1605.33
Afrosoricida,Tenrecidae,Microgale,gracilis,microgale gracilis,-999.00,23.30,-999.00,-999.00,-999.00,-999.00,-999.00,-999.00,-999.00,-999.00,-999.00,1.00,-999.00,-999.00,-999.00,-999.00,-999.00,-999.00,-999.00,-999.00,-999.00,-999.00,-999.00,-999.00,-999,1.00,-999,-999.00,-999.00,-999.00,2151;2655,-999.00,-999.00,-999.00,-999.00,9350.81,-20.88,-22.81,-21.84,47.58,46.81,47.20,8,43.97,8.00,0.18,167.57,188.02,1326.39,1512.80
Afrosoricida,Tenrecidae,Microgale,gymnorhyncha,microgale gymnorhyncha,-999.00,18.20,-999.00,-999.00,-999.00,-999.00,-999.00,-999.00,-999.00,-999.00,-999.00,-999.00,-999.00,-999.00,-999.00,-999.00,-999.00,-999.00,-999.00,-999.00,-999.00,-999.00,-999.00,-999.00,-999,-999.00,-999,-999.00,-999.00,-999.00,2655,-999.00,-999.00,-999.00,-999.00,79719.29,-14.07,-23.01,-18.54,50.46,46.70,48.58,8,43.14,11.00,0.18,184.92,196.78,1359.06,1596.96
Afrosoricida,Tenrecidae,Microgale,longicaudata,microgale longicaudata,1.00,8.08,-999.00,-999.00,-999.00,-999.00,-999.00,-999.00,1.00,-999.00,-999.00,2.00,-999.00,-999.00,-999.00,-999.00,-999.00,-999.00,-999.00,-999.00,-999.00,1.00,-999.00,-999.00,-999,2.00,3,-999.00,-999.00,-999.00,1045;2151;2655,-999.00,-999.00,-999.00,-999.00,78758.03,-12.36,-23.00,-17.68,50.43,46.71,48.57,8,38.53,11.00,0.17,178.07,198.87,1358.09,1590.94
Afrosoricida,Tenrecidae,Microgale,monticola,microgale monticola,-999.00,13.90,-999.00,-999.00,-999.00,-999.00,-999.00,-999.00,-999.00,-999.00,-999.00,-999.00,-999.00,-999.00,-999.00,-999.00,-999.00,-999.00,-999.00,-999.00,-999.00,-999.00,-999.00,-999.00,-999,-999.00,-999,-999.00,-999.00,-999.00,2655,-999.00,-999.00,-999.00,-999.00,2571.38,-14.29,-14.89,-14.59,49.88,49.30,49.59,11,25.24,11.00,0.15,139.24,178.24,1375.45,1703.99
Afrosoricida,Tenrecidae,Microgale,nasoloi,microgale nasoloi,-999.00,-999.00,-999.00,-999.00,-999.00,-999.00,-999.00,-999.00,-999.00,-999.00,-999.00,-999.00,-999.00,-999.00,-999.00,-999.00,-999.00,-999.00,-999.00,-999.00,-999.00,-999.00,-999.00,-999.00,-999,-999.00,-999,-999.00,-999.00,-999.00,-999,-999.00,-999.00,-999.00,-999.00,2483.33,-22.36,-22.89,-22.63,44.96,44.09,44.53,5,7.49,5.00,0.20,57.75,229.25,710.78,1544.26
Afrosoricida,Tenrecidae,Microgale,parvula,microgale parvula,-999.00,3.53,-999.00,56.80,-999.00,-999.00,-999.00,-999.00,-999.00,-999.00,-999.00,2.00,-999.00,-999.00,-999.00,-999.00,-999.00,-999.00,-999.00,-999.00,-999.00,-999.00,-999.00,-999.00,-999,2.00,-999,-999.00,-999.00,-999.00,1485;2151;2655;2723,-999.00,-999.00,-999.00,-999.00,109243.49,-12.29,-25.06,-18.67,50.45,46.53,48.49,6,37.93,8.00,0.18,170.29,200.01,1327.95,1601.02
Afrosoricida,Tenrecidae,Microgale,principula,microgale principula,-999.00,10.20,-999.00,-999.00,-999.00,-999.00,-999.00,-999.00,-999.00,-999.00,-999.00,-999.00,-999.00,-999.00,-999.00,-999.00,-999.00,-999.00,-999.00,-999.00,-999.00,-999.00,-999.00,-999.00,-999,-999.00,-999,-999.00,-999.00,-999.00,2655,-999.00,-999.00,-999.00,-999.00,96125.86,-13.70,-25.20,-19.45,50.47,46.51,48.49,6,34.89,8.00,0.18,177.02,197.75,1355.63,1608.89
Afrosoricida,Tenrecidae,Microgale,pusilla,microgale pusilla,-999.00,3.40,-999.00,52.00,-999.00,-999.00,-999.00,-999.00,-999.00,-999.00,-999.00,2.00,-999.00,-999.00,-999.00,-999.00,-999.00,-999.00,-999.00,-999.00,-999.00,-999.00,-999.00,-999.00,-999,2.00,-999,-999.00,-999.00,-999.00,1485;2151;2655,-999.00,-999.00,-999.00,-999.00,61204.09,-17.36,-24.30,-20.83,49.21,43.88,46.55,6,54.32,9.00,0.18,162.43,202.05,1196.18,1575.59
Afrosoricida,Tenrecidae,Microgale,soricoides,microgale soricoides,-999.00,18.70,-999.00,-999.00,-999.00,-999.00,-999.00,-999.00,-999.00,-999.00,-999.00,-999.00,-999.00,-999.00,-999.00,-999.00,-999.00,-999.00,-999.00,-999.00,-999.00,-999.00,-999.00,-999.00,-999,-999.00,-999,-999.00,-999.00,-999.00,2655,-999.00,-999.00,-999.00,-999.00,56884.74,-14.07,-22.91,-18.49,50.05,46.82,48.44,8,36.80,11.00,0.18,177.21,192.33,1341.31,1575.42
Afrosoricida,Tenrecidae,Microgale,taiva,microgale taiva,-999.00,12.40,-999.00,-999.00,-999.00,-999.00,-999.00,-999.00,-999.00,-999.00,-999.00,-999.00,-999.00,-999.00,-999.00,-999.00,-999.00,-999.00,-999.00,-999.00,-999.00,-999.00,-999.00,-999.00,-999,-999.00,-999,-999.00,-999.00,-999.00,2655,-999.00,-999.00,-999.00,-999.00,14300.46,-20.54,-23.08,-21.81,47.89,46.77,47.33,8,46.64,8.00,0.17,177.70,197.09,1339.27,1498.65
Afrosoricida,Tenrecidae,Microgale,talazaci,microgale talazaci,-999.00,43.07,-999.00,150.00,-999.00,425.83,43.56,44.00,1.00,-999.00,60.74,2.00,-999.00,-999.00,-999.00,2.23,-999.00,70.00,3.64,-999.00,-999.00,2.00,394.57,-999.00,-999,2.00,3,29.38,-999.00,-999.00,543;886;1297;1822;2151;2333;2655;2720;2723;2786,-999.00,-999.00,-999.00,-999.00,96252.65,-12.45,-22.93,-17.69,50.39,46.74,48.57,8,42.85,10.00,0.18,169.39,200.78,1324.60,1585.95
Afrosoricida,Tenrecidae,Microgale,thomasi,microgale thomasi,-999.00,22.90,-999.00,-999.00,-999.00,-999.00,-999.00,-999.00,-999.00,-999.00,-999.00,1.00,-999.00,-999.00,-999.00,-999.00,-999.00,-999.00,-999.00,-999.00,-999.00,-999.00,-999.00,-999.00,-999,1.00,-999,-999.00,-999.00,-999.00,2151;2655,-999.00,-999.00,-999.00,-999.00,14411.05,-20.76,-23.10,-21.93,48.00,46.67,47.33,8,42.83,8.00,0.17,183.00,195.84,1359.73,1528.12
Rodentia,Muridae,Microhydromys,musseri,microhydromys musseri,-999.00,-999.00,-999.00,106.14,-999.00,-999.00,-999.00,-999.00,1.00,-999.00,-999.00,1.00,-999.00,-999.00,-999.00,-999.00,-999.00,-999.00,-999.00,-999.00,-999.00,-999.00,-999.00,-999.00,-999,1.00,3,-999.00,-999.00,-999.00,977;2152,36.86,-999.00,-999.00,-999.00,312.94,-3.45,-3.63,-3.54,142.52,142.34,142.43,5,5.24,5.00,0.18,232.49,298.25,1695.00,1695.50
Rodentia,Muridae,Microhydromys,richardsoni,microhydromys richardsoni,-999.00,10.25,-999.00,81.57,-999.00,-999.00,-999.00,-999.00,1.00,-999.00,-999.00,1.00,-999.00,-999.00,-999.00,-999.00,-999.00,-999.00,-999.00,-999.00,-999.00,-999.00,-999.00,-999.00,4,1.00,3,-999.00,-999.00,-999.00,977;2152;2655;2803,-999.00,-999.00,-999.00,-999.00,1886.09,-3.24,-9.70,-6.47,147.61,138.72,143.17,1,9.97,1.00,0.23,263.67,206.55,1724.98,1758.75
Dasyuromorphia,Dasyuridae,Micromurexia,habbema,micromurexia habbema,1.00,-999.00,-999.00,110.07,-999.00,-999.00,-999.00,-999.00,-999.00,-999.00,-999.00,2.00,-999.00,-999.00,-999.00,-999.00,-999.00,-999.00,-999.00,-999.00,-999.00,-999.00,-999.00,-999.00,-999,1.00,-999,-999.00,-999.00,-999.00,977;3083;3084,40.94,-999.00,-999.00,-999.00,27671.72,-3.93,-6.54,-5.23,145.38,137.73,141.56,3,16.49,4.00,0.14,334.09,158.86,1642.10,1643.55
Rodentia,Muridae,Micromys,minutus,micromys minutus,-999.00,6.99,-999.00,59.00,8.00,52.00,21.07,7.37,-999.00,-999.00,21.00,-999.00,-999.00,-999.00,21.00,4.92,2.50,60.00,0.77,-999.00,-999.00,-999.00,37.37,-999.00,-999,-999.00,-999,15.00,-999.00,-999.00,456;543;1297;1577;1665;1822;2655;2678,-999.00,-999.00,-999.00,-999.00,18108428.74,67.66,18.98,43.32,142.07,-5.72,68.17,0,119.93,0.00,0.02,57.71,44.32,525.92,612.57
Chiroptera,Phyllostomidae,Micronycteris,brosseti,micronycteris brosseti,-999.00,-999.00,-999.00,-999.00,-999.00,-999.00,-999.00,-999.00,-999.00,-999.00,-999.00,-999.00,-999.00,-999.00,-999.00,-999.00,-999.00,-999.00,-999.00,-999.00,-999.00,-999.00,-999.00,-999.00,-999,-999.00,-999,-999.00,-999.00,-999.00,-999,-999.00,-999.00,-999.00,-999.00,474381.36,5.47,-26.89,-10.70,-47.84,-75.20,-61.52,0,19.72,0.00,0.08,157.23,232.23,1375.49,1464.13
Chiroptera,Phyllostomidae,Micronycteris,hirsuta,micronycteris hirsuta,-999.00,12.89,43.30,-999.00,-999.00,-999.00,-999.00,-999.00,2.00,-999.00,-999.00,1.00,-999.00,-999.00,-999.00,0.99,-999.00,-999.00,-999.00,-999.00,-999.00,-999.00,-999.00,-999.00,-999,2.00,2,-999.00,-999.00,-999.00,108;889;1297;1658;2151;2622;2655;2751,-999.00,-999.00,-999.00,-999.00,4915005.84,14.24,-12.97,0.63,-55.21,-87.68,-71.45,0,17.16,0.00,0.11,173.72,251.33,1460.05,1618.03
Chiroptera,Phyllostomidae,Micronycteris,homezi,micronycteris homezi,-999.00,-999.00,-999.00,-999.00,-999.00,-999.00,-999.00,-999.00,-999.00,-999.00,-999.00,-999.00,-999.00,-999.00,-999.00,-999.00,-999.00,-999.00,-999.00,-999.00,-999.00,-999.00,-999.00,-999.00,-999,-999.00,-999,-999.00,-999.00,-999.00,-999,-999.00,-999.00,-999.00,-999.00,881659.34,9.94,-1.90,4.01,-54.49,-62.92,-58.70,0,3.15,0.00,0.14,133.95,254.08,1479.13,1692.86
Chiroptera,Phyllostomidae,Micronycteris,matses,micronycteris matses,-999.00,-999.00,-999.00,-999.00,-999.00,-999.00,-999.00,-999.00,-999.00,-999.00,-999.00,-999.00,-999.00,-999.00,-999.00,-999.00,-999.00,-999.00,-999.00,-999.00,-999.00,-999.00,-999.00,-999.00,-999,-999.00,-999,-999.00,-999.00,-999.00,-999,-999.00,-999.00,-999.00,-999.00,972.50,-5.13,-5.45,-5.29,-72.99,-73.31,-73.15,0,0.50,0.00,0.00,215.50,258.00,1525.00,1525.00
Chiroptera,Phyllostomidae,Micronycteris,megalotis,micronycteris megalotis,-999.00,6.40,33.95,-999.00,-999.00,-999.00,-999.00,-999.00,2.00,-999.00,121.66,1.00,-999.00,-999.00,-999.00,0.98,-999.00,-999.00,-999.00,-999.00,-999.00,9.50,-999.00,-999.00,-999,2.00,2,-999.00,-999.00,-999.00,59;108;196;889;1089;1297;1325;1658;2143;2151;2655,-999.00,-999.00,-999.00,-999.00,11229124.06,13.37,-24.51,-5.56,-34.79,-81.35,-58.07,0,25.86,0.00,0.11,155.74,240.54,1309.36,1551.68
Chiroptera,Phyllostomidae,Micronycteris,microtis,micronycteris microtis,-999.00,-999.00,-999.00,-999.00,-999.00,-999.00,-999.00,-999.00,-999.00,-999.00,-999.00,-999.00,-999.00,-999.00,-999.00,-999.00,-999.00,-999.00,-999.00,-999.00,-999.00,-999.00,-999.00,-999.00,-999,-999.00,-999,-999.00,-999.00,-999.00,-999,-999.00,-999.00,-999.00,-999.00,2664514.34,23.50,-0.32,11.59,-54.94,-105.08,-80.01,0,34.08,0.00,0.13,147.21,238.11,1356.39,1639.85
Chiroptera,Phyllostomidae,Micronycteris,minuta,micronycteris minuta,-999.00,6.90,34.00,-999.00,-999.00,-999.00,-999.00,-999.00,2.00,-999.00,-999.00,1.00,-999.00,-999.00,-999.00,0.99,-999.00,-999.00,1.80,16.26,-999.00,-999.00,-999.00,-999.00,-999,2.00,2,-999.00,-999.00,-999.00,196;889;1089;1297;1658;2151;2622;2655,-999.00,-999.00,-999.00,-999.00,12260456.67,14.37,-29.39,-7.50,-34.79,-86.27,-60.53,0,24.91,0.00,0.11,154.41,237.70,1303.31,1539.04
Chiroptera,Phyllostomidae,Micronycteris,sanborni,micronycteris sanborni,-999.00,-999.00,-999.00,-999.00,-999.00,-999.00,-999.00,-999.00,-999.00,-999.00,-999.00,-999.00,-999.00,-999.00,-999.00,-999.00,-999.00,-999.00,-999.00,-999.00,-999.00,-999.00,-999.00,-999.00,-999,-999.00,-999,-999.00,-999.00,-999.00,-999,-999.00,-999.00,-999.00,-999.00,621701.27,-7.75,-17.17,-12.46,-62.20,-69.28,-65.74,0,3.78,0.00,0.23,136.69,238.71,1342.91,1567.22
Chiroptera,Phyllostomidae,Micronycteris,schmidtorum,micronycteris schmidtorum,-999.00,7.73,35.49,-999.00,-999.00,-999.00,-999.00,-999.00,2.00,-999.00,-999.00,1.00,-999.00,-999.00,-999.00,-999.00,-999.00,-999.00,-999.00,-999.00,-999.00,-999.00,-999.00,-999.00,-999,2.00,2,-999.00,-999.00,-999.00,196;889;1658;2151;2622;2655,-999.00,-999.00,-999.00,-999.00,6440621.09,15.94,-25.48,-4.76,-34.79,-89.36,-62.08,0,33.65,0.00,0.10,161.29,245.72,1359.49,1589.64
Peramelemorphia,Peramelidae,Microperoryctes,longicauda,microperoryctes longicauda,-999.00,542.07,-999.00,267.33,-999.00,-999.00,-999.00,-999.00,2.00,-999.00,-999.00,-999.00,-999.00,-999.00,-999.00,1.03,-999.00,-999.00,-999.00,-999.00,-999.00,-999.00,-999.00,-999.00,6,-999.00,2,-999.00,-999.00,-999.00,102;661;955;977;2152;2655,-999.00,-999.00,-999.00,-999.00,211571.36,-0.80,-10.12,-5.46,149.73,133.00,141.36,1,10.04,2.00,0.13,267.77,198.11,1688.25,1719.33
Peramelemorphia,Peramelidae,Microperoryctes,murina,microperoryctes murina,-999.00,-999.00,-999.00,200.00,-999.00,-999.00,-999.00,-999.00,-999.00,-999.00,-999.00,2.00,-999.00,-999.00,-999.00,-999.00,-999.00,-999.00,-999.00,-999.00,-999.00,-999.00,-999.00,-999.00,6,1.00,-999,-999.00,-999.00,-999.00,977;1095;1991;2152,229.57,-999.00,-999.00,-999.00,927.71,-1.29,-3.93,-2.61,135.89,133.84,134.87,5,5.33,5.00,0.23,199.50,141.47,1744.46,1936.83
Peramelemorphia,Peramelidae,Microperoryctes,papuensis,microperoryctes papuensis,1.00,158.00,-999.00,192.94,-999.00,-999.00,-999.00,-999.00,-999.00,-999.00,-999.00,2.00,-999.00,-999.00,-999.00,1.01,1.00,-999.00,-999.00,-999.00,-999.00,-999.00,-999.00,1.00,6,1.00,-999,-999.00,-999.00,-999.00,102;661;955;977;2152;2655,-999.00,-999.00,-999.00,-999.00,18150.86,-7.95,-10.09,-9.02,149.70,146.75,148.23,5,11.35,5.00,0.06,173.81,196.17,1750.00,1750.00
Afrosoricida,Tenrecidae,Micropotamogale,lamottei,micropotamogale lamottei,1.00,69.59,-999.00,160.00,-999.00,-999.00,-999.00,-999.00,2.00,-999.00,-999.00,3.00,-999.00,-999.00,-999.00,3.86,-999.00,-999.00,-999.00,-999.00,-999.00,-999.00,-999.00,-999.00,8,2.00,3,-999.00,-999.00,-999.00,899;1455;1848;2151;2655;2786;2953,-999.00,-999.00,-999.00,-999.00,57563.41,8.40,5.66,7.03,-7.09,-9.45,-8.27,4,31.46,10.00,0.07,189.05,241.32,1304.52,1470.22
Afrosoricida,Tenrecidae,Micropotamogale,ruwenzorii,micropotamogale ruwenzorii,1.00,109.13,-999.00,160.00,-999.00,-999.00,-999.00,-999.00,2.00,-999.00,-999.00,3.00,-999.00,-999.00,-999.00,1.86,-999.00,-999.00,-999.00,18.50,-999.00,-999.00,-999.00,-999.00,-999,1.00,3,-999.00,-999.00,-999.00,511;1297;1455;2151;2655,-999.00,-999.00,0.60,-999.00,177049.48,2.19,-4.81,-1.30,30.74,28.09,29.41,3,106.86,3.00,0.15,112.06,202.63,1364.45,1557.32
Chiroptera,Pteropodidae,Micropteropus,intermedius,micropteropus intermedius,-999.00,-999.00,60.59,-999.00,-999.00,-999.00,-999.00,-999.00,-999.00,-999.00,-999.00,1.00,-999.00,-999.00,-999.00,-999.00,-999.00,-999.00,-999.00,-999.00,-999.00,-999.00,-999.00,-999.00,-999,2.00,-999,-999.00,-999.00,-999.00,270;1658;2151,32.01,-999.00,-999.00,-999.00,237569.09,-4.81,-7.68,-6.24,22.57,12.37,17.47,3,25.22,3.00,0.17,129.94,237.98,1222.25,1504.80
Chiroptera,Pteropodidae,Micropteropus,pusillus,micropteropus pusillus,-999.00,25.38,51.98,76.38,-999.00,349.79,-999.00,-999.00,1.00,-999.00,161.77,1.00,-999.00,-999.00,-999.00,0.99,2.00,-999.00,-999.00,-999.00,-999.00,-999.00,202.08,1.50,-999,2.00,1,55.18,20.00,-999.00,185;196;258;266;360;428;1297;1386;1510;1658;1938;2017;2143;2151;2655;2719;2836;3023,-999.00,-999.00,-999.00,-999.00,7997702.34,13.97,-12.82,0.57,38.73,-16.82,10.95,0,40.52,1.00,0.12,124.59,245.19,1153.38,1557.21
Rodentia,Cricetidae,Microryzomys,altissimus,microryzomys altissimus,-999.00,13.49,-999.00,-999.00,-999.00,-999.00,-999.00,-999.00,-999.00,-999.00,-999.00,-999.00,-999.00,-999.00,-999.00,-999.00,-999.00,-999.00,-999.00,-999.00,-999.00,-999.00,-999.00,-999.00,-999,-999.00,-999,-999.00,-999.00,-999.00,2655,-999.00,-999.00,-999.00,-999.00,256430.24,5.83,-11.86,-3.01,-73.33,-79.54,-76.43,4,64.24,6.00,0.09,130.50,157.10,1176.49,1470.60
Rodentia,Cricetidae,Microryzomys,minutus,microryzomys minutus,-999.00,13.49,-999.00,-999.00,-999.00,-999.00,-999.00,-999.00,-999.00,-999.00,-999.00,2.00,-999.00,-999.00,-999.00,-999.00,-999.00,-999.00,-999.00,-999.00,-999.00,-999.00,-999.00,-999.00,-999,2.00,-999,-999.00,-999.00,-999.00,2151;2655,-999.00,-999.00,-999.00,-999.00,640228.12,11.15,-17.83,-3.34,-63.15,-80.25,-71.70,0,56.82,2.00,0.10,132.92,178.55,1245.33,1508.00
Rodentia,Sciuridae,Microsciurus,alfari,microsciurus alfari,3.00,87.49,-999.00,-999.00,-999.00,-999.00,-999.00,-999.00,-999.00,-999.00,-999.00,2.00,-999.00,-999.00,-999.00,-999.00,-999.00,-999.00,-999.00,-999.00,-999.00,-999.00,-999.00,-999.00,-999,2.00,-999,-999.00,-999.00,-999.00,905;2151;2655,-999.00,-999.00,-999.00,-999.00,97137.79,11.09,7.22,9.16,-76.81,-84.98,-80.90,2,38.87,3.00,0.10,231.32,249.45,1465.02,1707.87
Rodentia,Sciuridae,Microsciurus,flaviventer,microsciurus flaviventer,3.00,92.00,-999.00,-999.00,-999.00,-999.00,-999.00,-999.00,1.00,-999.00,-999.00,1.00,-999.00,-999.00,-999.00,-999.00,-999.00,-999.00,-999.00,-999.00,-999.00,-999.00,-999.00,2.00,-999,2.00,3,-999.00,-999.00,-999.00,32;905;2151;2655,-999.00,-999.00,-999.00,-999.00,1724978.55,0.93,-15.30,-7.18,-61.51,-78.76,-70.14,0,3.09,0.00,0.10,202.49,248.12,1456.12,1518.99
Rodentia,Sciuridae,Microsciurus,mimulus,microsciurus mimulus,3.00,120.00,-999.00,-999.00,-999.00,-999.00,-999.00,-999.00,1.00,-999.00,-999.00,2.00,-999.00,-999.00,-999.00,-999.00,-999.00,-999.00,-999.00,-999.00,-999.00,-999.00,-999.00,2.00,-999,2.00,3,-999.00,-999.00,-999.00,905;2151;2655,-999.00,-999.00,-999.00,-999.00,121472.54,9.41,0.27,4.84,-76.30,-82.67,-79.48,2,37.26,3.00,0.11,274.10,246.19,1544.07,1697.14
Rodentia,Sciuridae,Microsciurus,santanderensis,microsciurus santanderensis,3.00,99.79,-999.00,-999.00,-999.00,-999.00,-999.00,-999.00,-999.00,-999.00,-999.00,-999.00,-999.00,-999.00,-999.00,-999.00,-999.00,-999.00,-999.00,-999.00,-999.00,-999.00,-999.00,-999.00,-999,-999.00,-999,-999.00,-999.00,-999.00,2151;2655,-999.00,-999.00,-999.00,-999.00,12536.28,7.86,6.09,6.97,-72.40,-73.21,-72.81,9,64.37,9.00,0.09,106.36,136.27,1400.93,1558.14
Rodentia,Cricetidae,Microtus,abbreviatus,microtus abbreviatus,-999.00,66.06,-999.00,-999.00,11.00,-999.00,-999.00,-999.00,-999.00,-999.00,21.27,-999.00,-999.00,-999.00,22.00,3.00,-999.00,-999.00,3.37,-999.00,-999.00,-999.00,-999.00,-999.00,-999,-999.00,-999,14.88,-999.00,-999.00,1297;2394,-999.00,4.56,-999.00,-999.00,327.94,60.69,60.29,60.49,-172.21,-173.11,-172.66,0,0.00,0.00,-999.00,-999.00,-999.00,-999.00,-999.00
Rodentia,Cricetidae,Microtus,agrestis,microtus agrestis,-999.00,35.87,-999.00,-999.00,-999.00,52.50,-999.00,-999.00,-999.00,-999.00,20.72,-999.00,6.83908e-04,7.61362e-04,20.26,4.65,3.50,39.60,2.09,-999.00,1948.70,-999.00,38.27,-999.00,-999,-999.00,-999,13.90,8.84,-999.00,441;476;543;609;730;909;920;1118;1119;1250;1297;1573;1577;1778;1849;2379;2380;2655;2678,-999.00,-999.00,-999.00,-999.00,9734297.52,71.13,38.41,54.77,130.77,-9.49,60.64,0,49.85,0.00,5.00367549966875e-03,43.09,4.46,356.48,393.87
Rodentia,Cricetidae,Microtus,anatolicus,microtus anatolicus,-999.00,-999.00,-999.00,-999.00,-999.00,-999.00,-999.00,-999.00,-999.00,-999.00,-999.00,-999.00,-999.00,-999.00,-999.00,-999.00,-999.00,-999.00,-999.00,-999.00,-999.00,-999.00,-999.00,-999.00,-999,-999.00,-999,-999.00,-999.00,-999.00,-999,-999.00,-999.00,-999.00,-999.00,-999.00,-999.00,-999.00,-999.00,-999.00,-999.00,-999.00,-999,-999.00,-999.00,-999.00,-999.00,-999.00,-999.00,-999.00
Rodentia,Cricetidae,Microtus,arvalis,microtus arvalis,2.00,26.90,-999.00,113.66,-999.00,49.00,61.00,22.00,-999.00,-999.00,21.00,-999.00,5.31047e-04,6.77284e-04,25.15,4.99,6.00,36.00,1.93,-999.00,17600.00,-999.00,28.19,-999.00,-999,-999.00,-999,17.18,9.18,-999.00,543;730;1011;1116;1193;1297;1444;1577;1822;1949;2421;2655;2678;2853;3062,-999.00,-999.00,-999.00,-999.00,7769079.85,63.12,38.28,50.70,100.09,-7.74,46.17,0,64.92,1.00,9.79767357817251e-03,44.24,41.41,415.16,522.76
Rodentia,Cricetidae,Microtus,bavaricus,microtus bavaricus,1.00,-999.00,-999.00,98.00,-999.00,-999.00,-999.00,-999.00,3.00,-999.00,-999.00,1.00,-999.00,-999.00,-999.00,-999.00,-999.00,-999.00,-999.00,-999.00,-999.00,-999.00,-999.00,-999.00,-999,1.00,1,-999.00,-999.00,-999.00,899,29.27,-999.00,-999.00,-999.00,-999.00,-999.00,-999.00,-999.00,-999.00,-999.00,-999.00,-999,-999.00,-999.00,-999.00,-999.00,-999.00,-999.00,-999.00
Rodentia,Cricetidae,Microtus,brachycercus,microtus brachycercus,-999.00,-999.00,-999.00,-999.00,-999.00,-999.00,-999.00,-999.00,-999.00,-999.00,-999.00,-999.00,-999.00,-999.00,-999.00,-999.00,-999.00,-999.00,-999.00,-999.00,-999.00,-999.00,-999.00,-999.00,-999,-999.00,-999,-999.00,-999.00,-999.00,-999,-999.00,-999.00,-999.00,-999.00,-999.00,-999.00,-999.00,-999.00,-999.00,-999.00,-999.00,-999,-999.00,-999.00,-999.00,-999.00,-999.00,-999.00,-999.00
Rodentia,Cricetidae,Microtus,breweri,microtus breweri,-999.00,-999.00,-999.00,126.88,-999.00,-999.00,-999.00,-999.00,1.00,-999.00,21.00,2.00,-999.00,-999.00,-999.00,4.50,-999.00,-999.00,3.49,-999.00,-999.00,-999.00,-999.00,-999.00,-999,1.00,1,8.45,-999.00,-999.00,1297;1332;2793;3112,61.70,-999.00,-999.00,-999.00,1.85,41.34,41.33,41.33,-70.30,-70.33,-70.31,55,55.00,55.00,0.14,-999.00,-999.00,-999.00,-999.00
Rodentia,Cricetidae,Microtus,cabrerae,microtus cabrerae,-999.00,52.50,-999.00,-999.00,-999.00,-999.00,-999.00,-999.00,-999.00,-999.00,-999.00,-999.00,-999.00,-999.00,-999.00,-999.00,-999.00,-999.00,-999.00,-999.00,-999.00,-999.00,-999.00,-999.00,-999,-999.00,-999,-999.00,-999.00,-999.00,2655,-999.00,-999.00,-999.00,-999.00,139707.57,42.84,36.99,39.92,-0.06,-9.40,-4.73,3,66.02,7.00,-5.76901964799532e-03,50.22,129.95,478.67,949.33
Rodentia,Cricetidae,Microtus,californicus,microtus californicus,-999.00,57.42,-999.00,138.80,10.00,-999.00,68.20,44.00,-999.00,-999.00,21.18,-999.00,6.67285e-05,6.26032e-05,-999.00,4.41,5.00,-999.00,3.28,-999.00,13127.21,-999.00,23.81,-999.00,-999,-999.00,-999,17.36,18.89,-999.00,213;730;1183;1284;1297;1332;1444;1573;1577;1682;1822;1949;2196;2655;3112,-999.00,-999.00,-999.00,-999.00,307995.54,44.34,29.69,37.02,-115.04,-124.40,-119.72,0,103.74,1.00,0.08,43.86,111.00,343.33,1058.14
Rodentia,Cricetidae,Microtus,canicaudus,microtus canicaudus,-999.00,29.93,-999.00,110.89,-999.00,-999.00,77.82,30.40,-999.00,-999.00,22.97,2.00,8.42627e-05,7.75259e-05,-999.00,4.62,-999.00,-999.00,2.42,-999.00,-999.00,-999.00,22.67,-999.00,-999,1.00,-999,18.00,11.64,-999.00,407;786;1297;1949;2655;2934;3068,-999.00,-999.00,-999.00,-999.00,8888.55,45.87,44.06,44.97,-122.30,-123.51,-122.91,6,100.38,6.00,0.09,106.39,97.54,483.90,688.68
Rodentia,Cricetidae,Microtus,chrotorrhinus,microtus chrotorrhinus,3.00,38.99,-999.00,107.50,-999.00,-999.00,-999.00,-999.00,1.00,-999.00,20.00,2.00,-999.00,-999.00,-999.00,3.58,2.00,-999.00,-999.00,-999.00,-999.00,-999.00,-999.00,-999.00,8,1.00,1,-999.00,-999.00,-999.00,693;1297;1607;1831;2655,-999.00,-999.00,-999.00,-999.00,1383651.20,54.43,35.39,44.91,-55.61,-93.53,-74.57,0,19.30,0.00,0.01,71.30,32.29,523.61,542.71
Rodentia,Cricetidae,Microtus,clarkei,microtus clarkei,-999.00,-999.00,-999.00,-999.00,-999.00,-999.00,-999.00,-999.00,-999.00,-999.00,-999.00,-999.00,-999.00,-999.00,-999.00,-999.00,-999.00,-999.00,-999.00,-999.00,-999.00,-999.00,-999.00,-999.00,-999,-999.00,-999,-999.00,-999.00,-999.00,-999,-999.00,-999.00,-999.00,-999.00,126895.15,28.21,23.01,25.61,104.06,98.47,101.26,4,100.45,12.00,0.08,120.22,96.93,940.43,1168.46
Rodentia,Cricetidae,Microtus,daghestanicus,microtus daghestanicus,-999.00,-999.00,-999.00,-999.00,-999.00,-999.00,-999.00,-999.00,-999.00,-999.00,-999.00,-999.00,-999.00,-999.00,-999.00,-999.00,-999.00,-999.00,-999.00,-999.00,-999.00,-999.00,-999.00,-999.00,-999,-999.00,-999,-999.00,-999.00,-999.00,-999,-999.00,-999.00,-999.00,-999.00,125293.69,44.39,39.36,41.88,47.88,42.24,45.06,11,63.48,14.00,0.01,44.25,35.97,559.26,732.05
Rodentia,Cricetidae,Microtus,dogramacii,microtus dogramacii,-999.00,-999.00,-999.00,-999.00,-999.00,-999.00,-999.00,-999.00,-999.00,-999.00,-999.00,-999.00,-999.00,-999.00,-999.00,-999.00,-999.00,-999.00,-999.00,-999.00,-999.00,-999.00,-999.00,-999.00,-999,-999.00,-999,-999.00,-999.00,-999.00,-999,-999.00,-999.00,-999.00,-999.00,-999.00,-999.00,-999.00,-999.00,-999.00,-999.00,-999.00,-999,-999.00,-999.00,-999.00,-999.00,-999.00,-999.00,-999.00
Chiroptera,Vespertilionidae,Myotis,rosseti,myotis rosseti,-999.00,3.29,29.00,-999.00,-999.00,-999.00,-999.00,-999.00,-999.00,-999.00,-999.00,1.00,-999.00,-999.00,-999.00,-999.00,-999.00,-999.00,-999.00,-999.00,-999.00,-999.00,-999.00,-999.00,-999,2.00,-999,-999.00,-999.00,-999.00,1658;2151;2622;2655,-999.00,-999.00,-999.00,-999.00,132994.33,15.61,11.70,13.66,104.53,99.82,102.18,5,149.49,10.00,0.07,141.17,262.85,1196.33,1714.53
Chiroptera,Vespertilionidae,Myotis,ruber,myotis ruber,-999.00,4.99,40.00,-999.00,-999.00,-999.00,-999.00,-999.00,-999.00,-999.00,-999.00,1.00,-999.00,-999.00,-999.00,-999.00,-999.00,-999.00,-999.00,-999.00,-999.00,-999.00,-999.00,-999.00,-999,2.00,-999,-999.00,-999.00,-999.00,1658;2151;2622;2655,-999.00,-999.00,-999.00,-999.00,1758280.25,-16.80,-29.88,-23.34,-39.69,-59.32,-49.50,0,65.50,2.00,0.07,123.94,206.06,1203.77,1328.84
Chiroptera,Vespertilionidae,Myotis,schaubi,myotis schaubi,-999.00,-999.00,43.00,-999.00,-999.00,-999.00,-999.00,-999.00,-999.00,-999.00,-999.00,1.00,-999.00,-999.00,-999.00,-999.00,-999.00,-999.00,-999.00,-999.00,-999.00,-999.00,-999.00,-999.00,-999,2.00,-999,-999.00,-999.00,-999.00,1658;2151,11.99,-999.00,-999.00,-999.00,241089.05,44.34,39.04,41.69,48.63,40.89,44.76,2,99.48,13.00,0.02,51.92,48.34,560.81,731.20
Chiroptera,Vespertilionidae,Myotis,scotti,myotis scotti,-999.00,-999.00,38.49,-999.00,-999.00,-999.00,-999.00,-999.00,-999.00,-999.00,-999.00,1.00,-999.00,-999.00,-999.00,-999.00,-999.00,-999.00,-999.00,-999.00,-999.00,-999.00,-999.00,-999.00,-999,2.00,-999,-999.00,-999.00,-999.00,1658;2151,8.72,-999.00,-999.00,-999.00,58291.83,9.53,5.90,7.71,39.26,37.40,38.33,52,180.83,79.00,0.15,85.86,163.28,973.58,1269.25
Chiroptera,Vespertilionidae,Myotis,septentrionalis,myotis septentrionalis,-999.00,-999.00,-999.00,-999.00,-999.00,-999.00,-999.00,-999.00,-999.00,-999.00,-999.00,-999.00,-999.00,-999.00,-999.00,-999.00,-999.00,-999.00,-999.00,-999.00,-999.00,-999.00,-999.00,-999.00,-999,-999.00,-999,-999.00,-999.00,-999.00,-999,-999.00,-999.00,-999.00,-999.00,4944705.89,61.43,32.31,46.87,-55.16,-124.81,-89.98,0,38.73,0.00,0.03,64.39,51.34,569.13,627.61
Chiroptera,Vespertilionidae,Myotis,sicarius,myotis sicarius,-999.00,-999.00,51.50,-999.00,-999.00,-999.00,-999.00,-999.00,-999.00,-999.00,-999.00,1.00,-999.00,-999.00,-999.00,-999.00,-999.00,-999.00,-999.00,-999.00,-999.00,-999.00,-999.00,-999.00,-999,2.00,-999,-999.00,-999.00,-999.00,1658;2151,20.09,-999.00,-999.00,-999.00,131274.25,28.30,26.32,27.31,91.94,84.18,88.06,3,209.12,4.00,0.09,156.61,96.28,897.70,1182.27
Chiroptera,Vespertilionidae,Myotis,siligorensis,myotis siligorensis,-999.00,2.93,32.99,-999.00,-999.00,-999.00,-999.00,-999.00,-999.00,-999.00,-999.00,1.00,-999.00,-999.00,-999.00,0.98,-999.00,-999.00,-999.00,-999.00,-999.00,-999.00,-999.00,-999.00,-999,2.00,-999,-999.00,-999.00,-999.00,196;1297;1658;2151;2622;2655,-999.00,-999.00,-999.00,-999.00,1554491.46,32.93,2.66,17.79,119.26,76.47,97.87,0,233.71,4.00,0.10,149.61,182.97,1097.96,1350.39
Chiroptera,Vespertilionidae,Myotis,simus,myotis simus,-999.00,-999.00,37.50,-999.00,-999.00,-999.00,-999.00,-999.00,-999.00,-999.00,-999.00,1.00,-999.00,-999.00,-999.00,0.98,-999.00,-999.00,-999.00,-999.00,-999.00,-999.00,-999.00,-999.00,-999,2.00,-999,-999.00,-999.00,-999.00,890;1297;1658;2151,8.10,-999.00,-999.00,-999.00,5066834.22,2.94,-28.77,-12.91,-34.79,-78.39,-56.59,0,17.02,0.00,0.11,150.41,245.09,1288.89,1511.43
Chiroptera,Vespertilionidae,Myotis,sodalis,myotis sodalis,2.00,7.15,38.49,47.43,-999.00,-999.00,-999.00,-999.00,1.00,-999.00,-999.00,1.00,-999.00,-999.00,-999.00,0.99,1.00,240.00,4.53,-999.00,-999.00,-999.00,356.56,-999.00,-999,2.00,3,46.07,-999.00,-999.00,543;899;1015;1216;1297;1414;1415;1416;1658;1784;2076;2143;2151;2215;2338;2620;2622;2655;2841,-999.00,-999.00,-999.00,-999.00,1567441.07,45.30,30.81,38.05,-69.71,-97.60,-83.66,1,75.89,5.00,0.03,86.17,125.36,800.25,876.62
Chiroptera,Vespertilionidae,Myotis,stalkeri,myotis stalkeri,-999.00,-999.00,48.00,-999.00,-999.00,-999.00,-999.00,-999.00,-999.00,-999.00,-999.00,1.00,-999.00,-999.00,-999.00,-999.00,-999.00,-999.00,-999.00,-999.00,-999.00,-999.00,-999.00,-999.00,-999,2.00,-999,-999.00,-999.00,-999.00,1658;2151,16.43,-999.00,-999.00,-999.00,563.36,0.04,-5.95,-2.95,132.80,129.27,131.04,5,8.48,5.00,0.02,-999.00,-999.00,-999.00,-999.00
Chiroptera,Vespertilionidae,Myotis,thysanodes,myotis thysanodes,-999.00,8.49,43.39,52.39,1.00,-999.00,-999.00,-999.00,-999.00,-999.00,53.55,1.00,-999.00,-999.00,-999.00,0.99,1.00,219.60,2.53,33.50,-999.00,-999.00,-999.00,-999.00,-999,2.00,-999,22.69,6.32,47.00,543;657;924;1297;1658;2143;2151;2161;2164;2215;2655;2750,-999.00,-999.00,-999.00,-999.00,3432647.40,51.86,16.46,34.16,-93.54,-124.56,-109.05,0,36.35,0.00,0.10,38.35,122.73,451.15,1056.14
Chiroptera,Vespertilionidae,Myotis,tricolor,myotis tricolor,-999.00,13.67,49.50,-999.00,-999.00,-999.00,-999.00,-999.00,-999.00,-999.00,77.43,1.00,-999.00,-999.00,-999.00,0.99,1.00,-999.00,-999.00,-999.00,-999.00,-999.00,157.84,-999.00,-999,2.00,-999,41.88,-999.00,-999.00,44;196;278;283;1257;1297;1658;2143;2151;2622;2655;2900;3052,-999.00,-999.00,-999.00,-999.00,2644196.27,11.46,-34.83,-11.68,41.64,17.84,29.74,0,48.42,2.00,0.15,72.22,201.49,851.64,1403.67
Chiroptera,Vespertilionidae,Myotis,velifer,myotis velifer,-999.00,9.82,41.99,-999.00,-999.00,-999.00,7.70,11.90,1.00,-999.00,63.77,1.00,-999.00,-999.00,-999.00,0.99,1.00,135.96,3.09,-999.00,-999.00,3500.00,420.91,-999.00,-999,2.00,3,43.00,8.59,-999.00,657;962;1297;1334;1536;1658;1694;1704;1705;2143;2151;2215;2622;2655;2750;2753,-999.00,-999.00,-999.00,-999.00,1714121.75,40.31,13.90,27.11,-87.15,-113.70,-100.43,0,43.73,0.00,0.09,56.05,180.04,720.39,1255.64
Chiroptera,Vespertilionidae,Myotis,vivesi,myotis vivesi,-999.00,25.63,60.99,-999.00,-999.00,-999.00,35.75,25.00,1.00,-999.00,-999.00,1.00,-999.00,-999.00,-999.00,0.99,-999.00,120.00,2.82,34.99,-999.00,-999.00,-999.00,-999.00,-999,2.00,3,-999.00,-999.00,-999.00,543;1297;1658;1822;1948;2143;2144;2151;2407;2655,-999.00,-999.00,-999.00,-999.00,36822.86,31.36,24.05,27.70,-110.12,-115.07,-112.60,1,8.68,1.00,0.10,13.39,198.81,339.23,1035.10
Chiroptera,Vespertilionidae,Myotis,volans,myotis volans,-999.00,8.71,37.50,-999.00,-999.00,-999.00,-999.00,-999.00,-999.00,-999.00,-999.00,1.00,-999.00,-999.00,-999.00,0.99,1.00,51.00,2.01,42.54,-999.00,-999.00,243.59,-999.00,-999,2.00,-999,-999.00,-999.00,-999.00,543;657;725;950;1297;1658;2143;2151;2622;2655,-999.00,-999.00,-999.00,-999.00,4717135.24,60.80,19.12,39.96,-97.41,-137.95,-117.68,0,25.70,0.00,0.10,40.33,81.83,405.07,857.00
Chiroptera,Vespertilionidae,Myotis,welwitschii,myotis welwitschii,-999.00,15.88,57.83,-999.00,-999.00,-999.00,-999.00,-999.00,-999.00,-999.00,-999.00,1.00,-999.00,-999.00,-999.00,-999.00,-999.00,-999.00,-999.00,-999.00,-999.00,-999.00,-999.00,-999.00,-999,2.00,-999,-999.00,-999.00,-999.00,1257;1658;2151;2655;2706,-999.00,-999.00,-999.00,-999.00,4449620.33,-5.38,-30.20,-17.79,40.84,12.74,26.79,1,25.56,2.00,0.18,85.48,217.45,884.38,1449.43
Chiroptera,Vespertilionidae,Myotis,yanbarensis,myotis yanbarensis,-999.00,-999.00,-999.00,-999.00,-999.00,-999.00,-999.00,-999.00,-999.00,-999.00,-999.00,-999.00,-999.00,-999.00,-999.00,-999.00,-999.00,-999.00,-999.00,-999.00,-999.00,-999.00,-999.00,-999.00,-999,-999.00,-999,-999.00,-999.00,-999.00,-999,-999.00,-999.00,-999.00,-999.00,1209.87,26.87,26.07,26.47,128.32,127.63,127.98,365,365.00,365.00,0.04,-999.00,-999.00,-999.00,-999.00
Chiroptera,Vespertilionidae,Myotis,yesoensis,myotis yesoensis,-999.00,-999.00,34.00,-999.00,-999.00,-999.00,-999.00,-999.00,-999.00,-999.00,-999.00,1.00,-999.00,-999.00,-999.00,-999.00,-999.00,-999.00,-999.00,-999.00,-999.00,-999.00,-999.00,-999.00,-999,2.00,-999,-999.00,-999.00,-999.00,1658;2151,6.11,-999.00,-999.00,-999.00,78261.37,45.52,41.39,43.45,145.82,139.77,142.79,56,73.37,73.00,0.01,85.74,36.48,577.09,675.68
Chiroptera,Vespertilionidae,Myotis,yumanensis,myotis yumanensis,-999.00,5.15,35.05,-999.00,5.00,-999.00,8.50,5.00,-999.00,-999.00,-999.00,1.00,-999.00,-999.00,-999.00,0.99,1.00,105.96,0.79,20.02,-999.00,-999.00,-999.00,-999.00,-999,2.00,-999,-999.00,-999.00,-999.00,43;657;664;750;924;1297;1536;1658;1822;1948;2030;2075;2143;2151;2622;2655,-999.00,-999.00,-999.00,-999.00,3753876.77,54.97,19.42,37.19,-99.42,-130.48,-114.95,0,27.34,0.00,0.10,38.01,112.76,420.45,979.10
Rodentia,Muridae,Myotomys,sloggetti,myotomys sloggetti,-999.00,106.25,-999.00,-999.00,12.00,-999.00,-999.00,-999.00,-999.00,-999.00,38.00,-999.00,-999.00,-999.00,49.00,1.44,4.00,-999.00,11.40,-999.00,-999.00,-999.00,96.01,-999.00,-999,-999.00,-999,16.00,27.50,-999.00,1297;1464;2285;2655,-999.00,-999.00,-999.00,-999.00,261474.99,-27.16,-32.56,-29.86,30.32,22.31,26.31,1,23.19,1.00,0.11,42.83,148.44,624.43,1094.83
Rodentia,Muridae,Myotomys,unisulcatus,myotomys unisulcatus,-999.00,102.50,-999.00,152.84,6.00,-999.00,106.56,96.00,1.00,-999.00,36.57,-999.00,-999.00,-999.00,-999.00,1.42,-999.00,-999.00,12.30,-999.00,-999.00,-999.00,47.39,-999.00,-999,-999.00,1,13.92,16.88,-999.00,1297;1584;1822;2285;2655,-999.00,-999.00,-999.00,-999.00,356725.24,-28.75,-34.43,-31.59,27.55,16.58,22.07,0,30.65,0.00,0.09,24.74,158.41,382.74,1055.87
Dasyuromorphia,Myrmecobiidae,Myrmecobius,fasciatus,myrmecobius fasciatus,2.00,511.44,-999.00,230.00,-999.00,-999.00,164.80,440.00,1.00,-999.00,14.00,2.00,0.24,0.35,365.00,3.68,-999.00,72.00,-999.00,-999.00,5.30,-999.00,-999.00,1.00,-999,1.00,3,269.23,-999.00,-999.00,543;899;955;1297;1412;1760;1822;1848;1947;2655,-999.00,1.10,-999.00,-999.00,7560.06,-32.96,-34.69,-33.82,117.45,116.63,117.04,0,0.79,0.00,-0.04,58.51,144.04,456.39,1024.83
Pilosa,Myrmecophagidae,Myrmecophaga,tridactyla,myrmecophaga tridactyla,2.00,29531.83,-999.00,1124.72,6.00,-999.00,2601.00,30600.00,1.00,-999.00,182.74,3.00,4.00,4.29,-999.00,1.00,1.00,312.00,1500.00,-999.00,1.10,1.00,1227.12,1.00,-999,1.00,3,79.96,3499.99,-999.00,543;730;889;890;899;966;1008;1297;1573;1822;1848;1947;2051;2151;2404;2596;2655,-999.00,-999.00,-999.00,-999.00,12447513.64,16.02,-31.45,-7.71,-36.24,-89.35,-62.79,0,16.89,0.00,0.11,149.93,240.94,1288.55,1515.92
Rodentia,Capromyidae,Mysateles,garridoi,mysateles garridoi,-999.00,-999.00,-999.00,-999.00,-999.00,-999.00,-999.00,-999.00,3.00,-999.00,-999.00,1.00,-999.00,-999.00,-999.00,-999.00,-999.00,-999.00,-999.00,-999.00,-999.00,-999.00,-999.00,-999.00,-999,2.00,2,-999.00,-999.00,-999.00,2151,-999.00,-999.00,-999.00,-999.00,0.49,21.63,21.63,21.63,-81.59,-81.60,-81.59,32,32.00,32.00,0.06,-999.00,-999.00,-999.00,-999.00
Rodentia,Capromyidae,Mysateles,meridionalis,mysateles meridionalis,-999.00,-999.00,-999.00,-999.00,-999.00,-999.00,-999.00,-999.00,-999.00,-999.00,-999.00,-999.00,-999.00,-999.00,-999.00,-999.00,-999.00,-999.00,-999.00,-999.00,-999.00,-999.00,-999.00,-999.00,-999,-999.00,-999,-999.00,-999.00,-999.00,-999,-999.00,-999.00,-999.00,-999.00,2253.65,21.94,21.43,21.69,-82.54,-83.19,-82.87,32,32.49,32.00,0.06,95.00,250.00,-999.00,-999.00
Rodentia,Capromyidae,Mysateles,prehensilis,mysateles prehensilis,-999.00,-999.00,-999.00,-999.00,-999.00,-999.00,-999.00,-999.00,3.00,-999.00,-999.00,1.00,-999.00,-999.00,-999.00,2.00,-999.00,-999.00,-999.00,-999.00,-999.00,-999.00,-999.00,-999.00,-999,2.00,2,-999.00,-999.00,-999.00,1297;2151,-999.00,-999.00,-999.00,-999.00,63506.47,23.19,20.88,22.03,-77.62,-84.95,-81.28,2,108.99,11.00,0.02,111.22,250.62,-999.00,-999.00
Chiroptera,Mystacinidae,Mystacina,robusta,mystacina robusta,1.00,27.41,44.19,-999.00,-999.00,-999.00,-999.00,-999.00,4.00,-999.00,-999.00,1.00,-999.00,-999.00,-999.00,-999.00,2.00,-999.00,-999.00,-999.00,-999.00,-999.00,-999.00,-999.00,-999,2.00,2,-999.00,-999.00,-999.00,731;899;905;969;1658;2143;2151;2655,-999.00,-999.00,-999.00,-999.00,-999.00,-999.00,-999.00,-999.00,-999.00,-999.00,-999.00,-999,-999.00,-999.00,-999.00,-999.00,-999.00,-999.00,-999.00
Chiroptera,Mystacinidae,Mystacina,tuberculata,mystacina tuberculata,1.00,13.14,42.50,-999.00,0.00,-999.00,-999.00,-999.00,4.00,-999.00,-999.00,2.00,-999.00,-999.00,-999.00,0.99,1.00,-999.00,3.20,-999.00,-999.00,-999.00,-999.00,-999.00,-999,2.00,2,-999.00,-999.00,-999.00,380;731;899;905;969;1297;1658;2143;2151;2655,-999.00,-999.00,-999.00,-999.00,47521.83,-35.16,-46.79,-40.97,178.55,167.59,173.07,0,12.52,1.00,0.04,86.52,107.13,810.44,844.71
Rodentia,Nesomyidae,Mystromys,albicaudatus,mystromys albicaudatus,-999.00,86.85,-999.00,-999.00,18.00,146.00,126.79,93.78,-999.00,-999.00,37.00,-999.00,-999.00,-999.00,36.00,3.00,-999.00,72.00,6.50,53.00,-999.00,-999.00,124.72,-999.00,-999,-999.00,-999,32.00,40.00,-999.00,543;1225;1297;1822;1975;2655,-999.00,3.55,-999.00,-999.00,590636.36,-25.05,-34.83,-29.94,32.57,17.60,25.08,1,59.01,2.00,0.10,50.96,158.01,701.24,1174.05
Chiroptera,Myzopodidae,Myzopoda,aurita,myzopoda aurita,-999.00,9.10,48.00,58.00,-999.00,-999.00,-999.00,-999.00,1.00,-999.00,-999.00,1.00,-999.00,-999.00,-999.00,-999.00,-999.00,-999.00,-999.00,-999.00,-999.00,1.00,-999.00,-999.00,-999,2.00,3,-999.00,-999.00,-999.00,899;1048;1150;1658;2151;2559,-999.00,-999.00,-999.00,-999.00,129074.18,-14.09,-25.20,-19.64,50.48,46.27,48.38,6,45.15,8.00,0.18,177.94,201.30,1343.71,1605.23
Artiodactyla,Bovidae,Naemorhedus,baileyi,naemorhedus baileyi,-999.00,28863.45,-999.00,1040.00,-999.00,-999.00,-999.00,-999.00,-999.00,-999.00,212.91,-999.00,-999.00,-999.00,-999.00,1.50,-999.00,219.00,-999.00,-999.00,-999.00,12.00,-999.00,-999.00,-999,-999.00,-999,-999.00,-999.00,-999.00,899;1525;3129,-999.00,-999.00,-999.00,-999.00,105198.47,29.24,24.64,26.94,100.08,96.87,98.47,1,27.92,1.00,0.11,173.39,53.05,1038.97,1190.61
Artiodactyla,Bovidae,Naemorhedus,caudatus,naemorhedus caudatus,-999.00,26999.99,-999.00,-999.00,-999.00,-999.00,-999.00,-999.00,-999.00,-999.00,-999.00,-999.00,-999.00,-999.00,-999.00,-999.00,-999.00,108.96,-999.00,-999.00,-999.00,-999.00,-999.00,-999.00,-999,-999.00,-999,-999.00,-999.00,-999.00,1525;2655,-999.00,-999.00,-999.00,-999.00,757390.24,49.62,34.47,42.04,138.78,109.66,124.22,1,137.71,2.00,0.04,45.40,33.36,540.98,686.56
Artiodactyla,Bovidae,Naemorhedus,goral,naemorhedus goral,2.00,28796.51,-999.00,1060.00,-999.00,-999.00,-999.00,-999.00,2.00,-999.00,212.91,1.00,-999.00,-999.00,365.00,1.00,-999.00,211.20,2000.00,-999.00,-999.00,12.00,1016.66,-999.00,4,1.00,1,59.27,-999.00,-999.00,511;543;1297;1454;1525;1848;1959;2555;2655,-999.00,1.10,-999.00,-999.00,353466.24,35.69,26.78,31.24,95.96,71.88,83.92,0,102.31,1.00,0.08,106.99,53.89,873.39,1143.71
Artiodactyla,Bovidae,Naemorhedus,griseus,naemorhedus griseus,-999.00,-999.00,-999.00,-999.00,-999.00,-999.00,-999.00,-999.00,-999.00,-999.00,-999.00,-999.00,-999.00,-999.00,-999.00,-999.00,-999.00,207.96,-999.00,-999.00,-999.00,-999.00,-999.00,-999.00,-999,-999.00,-999,-999.00,-999.00,-999.00,1525,-999.00,-999.00,-999.00,-999.00,1912280.46,35.44,22.46,28.95,119.64,84.34,101.99,1,166.30,2.00,0.07,121.08,95.96,880.65,1038.45
Carnivora,Nandiniidae,Nandinia,binotata,nandinia binotata,1.00,2167.20,-999.00,498.51,-999.00,-999.00,809.25,3121.25,2.00,-999.00,65.35,2.00,0.55,0.65,182.50,1.84,-999.00,222.00,56.00,-999.00,4.99,-999.00,1015.00,-999.00,4,2.00,1,63.81,-999.00,-999.00,367;543;904;1113;1297;1822;2655,-999.00,1.56,-999.00,-999.00,5977079.52,13.95,-21.81,-3.92,39.72,-16.82,11.45,0,45.82,1.00,0.12,130.21,239.97,1214.08,1545.55
Rodentia,Cricetidae,Microtus,duodecimcostatus,microtus duodecimcostatus,-999.00,22.71,-999.00,-999.00,-999.00,-999.00,-999.00,-999.00,-999.00,-999.00,-999.00,-999.00,-999.00,-999.00,-999.00,2.51,-999.00,-999.00,2.18,-999.00,-999.00,-999.00,-999.00,-999.00,-999,-999.00,-999,-999.00,-999.00,-999.00,1297;2214;2655,-999.00,-999.00,-999.00,-999.00,226553.17,43.87,36.98,40.42,-0.91,-9.49,-5.20,3,108.10,10.00,-0.01,62.90,121.76,513.91,855.55
Rodentia,Cricetidae,Microtus,evoronensis,microtus evoronensis,-999.00,-999.00,-999.00,-999.00,-999.00,-999.00,-999.00,-999.00,-999.00,-999.00,-999.00,-999.00,-999.00,-999.00,-999.00,-999.00,-999.00,-999.00,-999.00,-999.00,-999.00,-999.00,-999.00,-999.00,-999,-999.00,-999,-999.00,-999.00,-999.00,-999,-999.00,-999.00,-999.00,-999.00,367.89,51.51,51.27,51.39,136.76,136.51,136.63,1,1.00,1.00,-0.25,36.50,-27.49,421.55,421.99
Rodentia,Cricetidae,Microtus,felteni,microtus felteni,-999.00,-999.00,-999.00,-999.00,-999.00,-999.00,-999.00,-999.00,-999.00,-999.00,-999.00,-999.00,-999.00,-999.00,-999.00,-999.00,-999.00,-999.00,-999.00,-999.00,-999.00,-999.00,-999.00,-999.00,-999,-999.00,-999,-999.00,-999.00,-999.00,-999,-999.00,-999.00,-999.00,-999.00,14500.07,42.90,40.60,41.75,22.18,20.98,21.58,41,93.78,41.00,0.02,50.81,66.40,531.42,813.69
Rodentia,Cricetidae,Microtus,fortis,microtus fortis,-999.00,-999.00,-999.00,-999.00,-999.00,-999.00,-999.00,-999.00,-999.00,-999.00,-999.00,-999.00,-999.00,-999.00,42.50,5.34,6.00,-999.00,-999.00,-999.00,-999.00,-999.00,131.53,-999.00,-999,-999.00,-999,-999.00,-999.00,-999.00,1297,-999.00,-999.00,-999.00,-999.00,4103725.74,54.41,24.53,39.47,143.37,103.59,123.48,0,223.73,1.00,0.03,58.84,58.03,640.77,734.36
Rodentia,Cricetidae,Microtus,gerbei,microtus gerbei,-999.00,-999.00,-999.00,-999.00,-999.00,-999.00,-999.00,-999.00,-999.00,-999.00,-999.00,-999.00,-999.00,-999.00,-999.00,-999.00,-999.00,-999.00,-999.00,-999.00,-999.00,-999.00,-999.00,-999.00,-999,-999.00,-999,-999.00,-999.00,-999.00,-999,-999.00,-999.00,-999.00,-999.00,202038.81,47.56,41.77,44.67,3.85,-2.47,0.68,7,64.22,10.50,6.58269496640534e-03,66.07,105.31,562.41,679.36
Rodentia,Cricetidae,Microtus,gregalis,microtus gregalis,-999.00,-999.00,-999.00,-999.00,-999.00,-999.00,-999.00,-999.00,-999.00,-999.00,-999.00,-999.00,-999.00,-999.00,-999.00,8.48,2.75,-999.00,-999.00,-999.00,-999.00,-999.00,56.38,-999.00,-999,-999.00,-999,19.48,-999.00,-999.00,1297,-999.00,-999.00,-999.00,-999.00,3592041.33,74.13,38.52,56.32,161.56,31.05,96.31,0,9.58,0.00,-1.04935977195138e-03,23.31,-45.68,250.70,388.85
Rodentia,Cricetidae,Microtus,guatemalensis,microtus guatemalensis,-999.00,41.99,-999.00,-999.00,-999.00,-999.00,-999.00,-999.00,-999.00,-999.00,-999.00,-999.00,-999.00,-999.00,-999.00,-999.00,-999.00,-999.00,-999.00,-999.00,-999.00,-999.00,-999.00,-999.00,-999,-999.00,-999,-999.00,-999.00,-999.00,2655,-999.00,-999.00,-999.00,-999.00,36364.52,17.11,14.29,15.70,-89.66,-92.80,-91.23,25,128.53,27.00,0.12,96.96,198.28,1389.06,1651.69
Rodentia,Cricetidae,Microtus,guentheri,microtus guentheri,-999.00,49.99,-999.00,-999.00,-999.00,-999.00,-999.00,-999.00,-999.00,-999.00,21.00,-999.00,-999.00,-999.00,29.10,6.14,6.50,46.80,3.00,-999.00,-999.00,-999.00,73.21,-999.00,-999,-999.00,-999,18.49,15.00,-999.00,543;1297;2185;2655,-999.00,-999.00,-999.00,-999.00,1533657.92,42.32,31.50,36.91,67.67,22.47,45.07,4,70.15,7.00,0.10,33.75,141.95,335.83,1084.01
Rodentia,Cricetidae,Microtus,ilaeus,microtus ilaeus,-999.00,-999.00,-999.00,-999.00,-999.00,-999.00,-999.00,-999.00,-999.00,-999.00,-999.00,-999.00,-999.00,-999.00,-999.00,-999.00,-999.00,-999.00,-999.00,-999.00,-999.00,-999.00,-999.00,-999.00,-999,-999.00,-999,-999.00,-999.00,-999.00,-999,-999.00,-999.00,-999.00,-999.00,424997.98,46.42,38.94,42.68,80.65,58.91,69.78,0,39.55,1.00,0.05,17.50,35.03,241.19,768.34
Rodentia,Cricetidae,Microtus,irani,microtus irani,-999.00,-999.00,-999.00,-999.00,-999.00,-999.00,-999.00,-999.00,-999.00,-999.00,-999.00,-999.00,-999.00,-999.00,-999.00,-999.00,-999.00,-999.00,-999.00,-999.00,-999.00,-999.00,-999.00,-999.00,-999,-999.00,-999,-999.00,-999.00,-999.00,-999,-999.00,-999.00,-999.00,-999.00,-999.00,-999.00,-999.00,-999.00,-999.00,-999.00,-999.00,-999,-999.00,-999.00,-999.00,-999.00,-999.00,-999.00,-999.00
Rodentia,Cricetidae,Microtus,kikuchii,microtus kikuchii,-999.00,46.30,-999.00,123.86,-999.00,-999.00,-999.00,-999.00,-999.00,-999.00,-999.00,-999.00,-999.00,-999.00,-999.00,1.97,-999.00,-999.00,-999.00,-999.00,-999.00,-999.00,-999.00,-999.00,-999,-999.00,-999,-999.00,-999.00,-999.00,3121,-999.00,-999.00,-999.00,-999.00,19032.50,24.80,22.52,23.66,121.87,120.40,121.14,70,415.20,70.00,0.03,160.89,155.54,-999.00,-999.00
Rodentia,Cricetidae,Microtus,levis,microtus levis,-999.00,35.49,-999.00,-999.00,-999.00,-999.00,-999.00,-999.00,-999.00,-999.00,-999.00,-999.00,-999.00,-999.00,-999.00,-999.00,-999.00,-999.00,-999.00,-999.00,-999.00,-999.00,-999.00,-999.00,-999,-999.00,-999,-999.00,-999.00,-999.00,2655,-999.00,-999.00,-999.00,-999.00,2599257.88,61.71,38.36,50.04,62.56,20.42,41.49,0,63.62,4.00,8.89896171855191e-03,41.23,56.06,410.37,526.08
Rodentia,Cricetidae,Microtus,liechtensteini,microtus liechtensteini,-999.00,-999.00,-999.00,-999.00,-999.00,-999.00,-999.00,-999.00,-999.00,-999.00,-999.00,-999.00,-999.00,-999.00,-999.00,-999.00,-999.00,-999.00,-999.00,-999.00,-999.00,-999.00,-999.00,-999.00,-999,-999.00,-999,-999.00,-999.00,-999.00,-999,-999.00,-999.00,-999.00,-999.00,-999.00,-999.00,-999.00,-999.00,-999.00,-999.00,-999.00,-999,-999.00,-999.00,-999.00,-999.00,-999.00,-999.00,-999.00
Rodentia,Cricetidae,Microtus,limnophilus,microtus limnophilus,-999.00,-999.00,-999.00,-999.00,-999.00,-999.00,-999.00,-999.00,-999.00,-999.00,-999.00,-999.00,-999.00,-999.00,-999.00,-999.00,-999.00,-999.00,-999.00,-999.00,-999.00,-999.00,-999.00,-999.00,-999,-999.00,-999,-999.00,-999.00,-999.00,-999,-999.00,-999.00,-999.00,-999.00,909659.00,48.73,36.07,42.40,104.66,90.21,97.44,0,3.52,0.00,0.02,14.05,2.21,152.83,624.78
Rodentia,Cricetidae,Microtus,longicaudus,microtus longicaudus,1.00,44.80,-999.00,119.41,-999.00,-999.00,71.82,30.20,4.00,-999.00,-999.00,-999.00,-999.00,-999.00,-999.00,4.73,1.90,-999.00,-999.00,-999.00,1200.00,-999.00,-999.00,-999.00,6,-999.00,1,-999.00,-999.00,-999.00,1215;1297;1332;1822;1831;1949;2655;2659,-999.00,-999.00,-999.00,-999.00,4018517.85,68.13,32.20,50.17,-102.61,-147.60,-125.11,0,8.77,0.00,0.09,43.04,21.49,336.58,638.89
Chiroptera,Vespertilionidae,Murina,tubinaris,murina tubinaris,-999.00,5.45,32.00,-999.00,-999.00,-999.00,-999.00,-999.00,-999.00,-999.00,-999.00,1.00,-999.00,-999.00,-999.00,1.37,-999.00,-999.00,-999.00,-999.00,-999.00,-999.00,-999.00,-999.00,-999,2.00,-999,-999.00,-999.00,-999.00,196;1297;1658;2151;2655,-999.00,-999.00,-999.00,-999.00,1503060.70,36.03,12.41,24.22,108.04,72.76,90.40,1,80.61,5.00,0.09,144.16,194.85,1060.39,1384.22
Chiroptera,Vespertilionidae,Murina,ussuriensis,murina ussuriensis,-999.00,-999.00,30.99,-999.00,-999.00,-999.00,-999.00,-999.00,-999.00,-999.00,-999.00,1.00,-999.00,-999.00,-999.00,-999.00,-999.00,-999.00,-999.00,-999.00,-999.00,-999.00,-999.00,-999.00,-999,2.00,-999,-999.00,-999.00,-999.00,1658;2151,4.69,-999.00,-999.00,-999.00,171545.74,54.41,44.55,49.48,144.75,130.02,137.38,1,28.52,1.00,-0.04,47.62,-0.11,495.60,502.27
Rodentia,Muridae,Mus,baoulei,mus baoulei,-999.00,-999.00,-999.00,-999.00,-999.00,-999.00,-999.00,-999.00,-999.00,-999.00,-999.00,-999.00,-999.00,-999.00,-999.00,-999.00,-999.00,-999.00,-999.00,-999.00,-999.00,-999.00,-999.00,-999.00,-999,-999.00,-999,-999.00,-999.00,-999.00,-999,-999.00,-999.00,-999.00,-999.00,83068.00,9.30,5.98,7.64,-4.03,-8.21,-6.12,6,38.49,8.00,0.09,127.38,261.57,1189.73,1491.36
Rodentia,Muridae,Mus,booduga,mus booduga,-999.00,13.78,-999.00,-999.00,-999.00,-999.00,-999.00,-999.00,-999.00,-999.00,-999.00,-999.00,9.67874e-04,1.157329e-03,-999.00,5.96,-999.00,-999.00,-999.00,-999.00,-999.00,-999.00,-999.00,-999.00,-999,-999.00,-999,-999.00,-999.00,-999.00,581;1297;2329;2655,-999.00,-999.00,-999.00,-999.00,3533802.08,33.58,5.91,19.75,94.99,66.43,80.71,7,330.31,33.00,0.09,93.42,247.98,727.88,1414.83
Rodentia,Muridae,Mus,bufo,mus bufo,-999.00,8.88,-999.00,-999.00,-999.00,-999.00,-999.00,-999.00,-999.00,-999.00,-999.00,-999.00,-999.00,-999.00,-999.00,-999.00,-999.00,-999.00,-999.00,-999.00,336.59,-999.00,-999.00,-999.00,-999,-999.00,-999,-999.00,-999.00,-999.00,730;2655,-999.00,-999.00,-999.00,-999.00,100286.32,0.92,-4.99,-2.03,30.52,27.93,29.22,7,135.62,9.00,0.12,105.95,193.80,1326.00,1514.70
Rodentia,Muridae,Mus,callewaerti,mus callewaerti,-999.00,-999.00,-999.00,-999.00,-999.00,-999.00,-999.00,-999.00,-999.00,-999.00,-999.00,-999.00,-999.00,-999.00,-999.00,-999.00,-999.00,-999.00,-999.00,-999.00,-999.00,-999.00,-999.00,-999.00,-999,-999.00,-999,-999.00,-999.00,-999.00,-999,-999.00,-999.00,-999.00,-999.00,629312.14,-6.64,-11.95,-9.30,27.89,14.66,21.27,2,9.80,2.00,0.17,115.66,224.46,1007.25,1417.90
Rodentia,Muridae,Mus,caroli,mus caroli,-999.00,14.26,-999.00,-999.00,-999.00,-999.00,-999.00,-999.00,-999.00,-999.00,18.10,-999.00,-999.00,-999.00,-999.00,-999.00,-999.00,-999.00,1.20,-999.00,-999.00,-999.00,-999.00,-999.00,-999,-999.00,-999,-999.00,-999.00,-999.00,456;1297,-999.00,-999.00,-999.00,-999.00,1344916.98,25.29,8.55,16.92,122.00,99.15,110.57,2,188.57,10.00,0.09,142.69,227.66,1142.17,1464.53
Rodentia,Muridae,Mus,cervicolor,mus cervicolor,-999.00,-999.00,-999.00,-999.00,-999.00,-999.00,-999.00,-999.00,-999.00,-999.00,17.60,-999.00,-999.00,-999.00,-999.00,4.40,-999.00,-999.00,1.50,-999.00,-999.00,-999.00,-999.00,-999.00,-999,-999.00,-999,-999.00,-999.00,-999.00,1297,-999.00,-999.00,-999.00,-999.00,1493098.00,29.24,8.55,18.90,109.46,81.67,95.56,1,110.36,7.00,0.09,148.08,216.33,1099.81,1473.01
Rodentia,Muridae,Mus,cookii,mus cookii,-999.00,-999.00,-999.00,-999.00,-999.00,-999.00,-999.00,-999.00,-999.00,-999.00,-999.00,-999.00,-999.00,-999.00,-999.00,-999.00,-999.00,-999.00,-999.00,-999.00,-999.00,-999.00,-999.00,-999.00,-999,-999.00,-999,-999.00,-999.00,-999.00,-999,-999.00,-999.00,-999.00,-999.00,921874.32,26.25,13.49,19.87,108.56,91.57,100.06,1,62.65,8.00,0.09,139.59,212.84,1084.36,1421.81
Rodentia,Muridae,Mus,crociduroides,mus crociduroides,-999.00,-999.00,-999.00,-999.00,-999.00,-999.00,-999.00,-999.00,-999.00,-999.00,-999.00,-999.00,-999.00,-999.00,-999.00,-999.00,-999.00,-999.00,-999.00,-999.00,-999.00,-999.00,-999.00,-999.00,-999,-999.00,-999,-999.00,-999.00,-999.00,-999,-999.00,-999.00,-999.00,-999.00,6687.02,-1.28,-2.38,-1.83,101.85,100.96,101.40,36,65.86,36.00,0.12,341.57,213.28,1819.84,1955.00
Rodentia,Muridae,Mus,famulus,mus famulus,-999.00,-999.00,-999.00,-999.00,-999.00,-999.00,-999.00,-999.00,-999.00,-999.00,-999.00,-999.00,-999.00,-999.00,-999.00,-999.00,-999.00,-999.00,-999.00,-999.00,-999.00,-999.00,-999.00,-999.00,-999,-999.00,-999,-999.00,-999.00,-999.00,-999,-999.00,-999.00,-999.00,-999.00,4826.36,11.61,10.83,11.22,77.06,76.37,76.71,166,485.59,166.00,0.06,118.17,255.02,1083.94,1579.08
Rodentia,Muridae,Mus,fernandoni,mus fernandoni,-999.00,-999.00,-999.00,-999.00,-999.00,-999.00,-999.00,-999.00,-999.00,-999.00,-999.00,-999.00,-999.00,-999.00,-999.00,-999.00,-999.00,-999.00,-999.00,-999.00,-999.00,-999.00,-999.00,-999.00,-999,-999.00,-999,-999.00,-999.00,-999.00,-999,-999.00,-999.00,-999.00,-999.00,66626.48,9.83,5.91,7.87,81.88,79.69,80.78,68,335.39,74.00,0.07,141.67,258.11,1536.71,1630.08
Rodentia,Muridae,Mus,fragilicauda,mus fragilicauda,-999.00,-999.00,-999.00,-999.00,-999.00,-999.00,-999.00,-999.00,-999.00,-999.00,-999.00,-999.00,-999.00,-999.00,-999.00,-999.00,-999.00,-999.00,-999.00,-999.00,-999.00,-999.00,-999.00,-999.00,-999,-999.00,-999,-999.00,-999.00,-999.00,-999,-999.00,-999.00,-999.00,-999.00,-999.00,-999.00,-999.00,-999.00,-999.00,-999.00,-999.00,-999,-999.00,-999.00,-999.00,-999.00,-999.00,-999.00,-999.00
Rodentia,Muridae,Mus,goundae,mus goundae,-999.00,-999.00,-999.00,-999.00,-999.00,-999.00,-999.00,-999.00,-999.00,-999.00,-999.00,-999.00,-999.00,-999.00,-999.00,-999.00,-999.00,-999.00,-999.00,-999.00,-999.00,-999.00,-999.00,-999.00,-999,-999.00,-999,-999.00,-999.00,-999.00,-999,-999.00,-999.00,-999.00,-999.00,16481.08,9.68,8.09,8.88,21.64,20.22,20.93,0,0.90,0.00,0.00,102.10,265.72,912.15,1670.98
Rodentia,Muridae,Mus,haussa,mus haussa,-999.00,-999.00,-999.00,-999.00,-999.00,-999.00,-999.00,-999.00,-999.00,-999.00,-999.00,-999.00,-999.00,-999.00,-999.00,-999.00,-999.00,-999.00,-999.00,-999.00,-999.00,-999.00,-999.00,-999.00,-999,-999.00,-999,-999.00,-999.00,-999.00,-999,-999.00,-999.00,-999.00,-999.00,1826639.50,14.87,5.09,9.98,14.11,-17.53,-1.70,3,85.67,8.50,0.13,99.67,266.10,922.56,1613.01
Rodentia,Muridae,Mus,indutus,mus indutus,-999.00,6.15,-999.00,-999.00,-999.00,-999.00,-999.00,-999.00,-999.00,-999.00,-999.00,-999.00,-999.00,-999.00,-999.00,4.76,-999.00,-999.00,-999.00,-999.00,-999.00,-999.00,-999.00,-999.00,-999,-999.00,-999,-999.00,-999.00,-999.00,1297;2655,-999.00,-999.00,-999.00,-999.00,1530520.85,-16.84,-28.06,-22.45,30.63,13.82,22.22,0,11.69,0.00,0.09,38.20,198.92,514.90,1392.93
Rodentia,Muridae,Mus,macedonicus,mus macedonicus,-999.00,-999.00,-999.00,-999.00,-999.00,-999.00,-999.00,-999.00,-999.00,-999.00,-999.00,-999.00,-999.00,-999.00,-999.00,-999.00,-999.00,-999.00,-999.00,-999.00,-999.00,-999.00,-999.00,-999.00,-999,-999.00,-999,-999.00,-999.00,-999.00,-999,-999.00,-999.00,-999.00,-999.00,1511784.01,43.10,27.72,35.41,49.27,18.19,33.73,1,99.23,10.00,0.09,43.61,121.76,392.56,1051.81
Rodentia,Muridae,Mus,mahomet,mus mahomet,-999.00,10.00,-999.00,-999.00,-999.00,-999.00,-999.00,-999.00,-999.00,-999.00,-999.00,-999.00,-999.00,-999.00,-999.00,-999.00,-999.00,-999.00,-999.00,-999.00,-999.00,-999.00,-999.00,-999.00,-999,-999.00,-999,-999.00,-999.00,-999.00,2655,-999.00,-999.00,-999.00,-999.00,849941.07,15.76,-1.72,7.01,41.63,34.46,38.04,1,75.19,1.00,0.13,76.52,202.70,932.21,1465.66
Rodentia,Muridae,Mus,mattheyi,mus mattheyi,-999.00,-999.00,-999.00,-999.00,-999.00,-999.00,-999.00,-999.00,-999.00,-999.00,-999.00,-999.00,-999.00,-999.00,-999.00,-999.00,-999.00,-999.00,-999.00,-999.00,-999.00,-999.00,-999.00,-999.00,-999,-999.00,-999,-999.00,-999.00,-999.00,-999,-999.00,-999.00,-999.00,-999.00,3619.53,5.96,5.23,5.59,-0.07,-0.78,-0.43,86,314.42,86.00,0.11,80.66,265.33,1471.33,1653.66
Rodentia,Muridae,Mus,mayori,mus mayori,-999.00,-999.00,-999.00,-999.00,-999.00,-999.00,-999.00,-999.00,-999.00,-999.00,-999.00,-999.00,-999.00,-999.00,-999.00,2.95,-999.00,-999.00,-999.00,-999.00,-999.00,-999.00,-999.00,-999.00,-999,-999.00,-999,-999.00,-999.00,-999.00,1297,-999.00,-999.00,-999.00,-999.00,66626.48,9.83,5.91,7.87,81.88,79.69,80.78,68,335.39,74.00,0.07,141.67,258.11,1536.71,1630.08
Rodentia,Muridae,Mus,minutoides,mus minutoides,1.00,6.43,-999.00,-999.00,-999.00,62.00,22.19,7.92,3.00,-999.00,20.71,1.00,-999.00,-999.00,31.20,4.18,4.00,37.20,1.01,25.49,92.09,-999.00,57.35,-999.00,-999,1.00,2,20.19,3.33,49.99,456;543;730;904;1297;1584;1798;1822;2121;2655;3054,-999.00,-999.00,-999.00,-999.00,1646722.82,-14.10,-34.83,-24.47,38.34,15.64,26.99,0,37.98,0.00,0.14,54.53,189.62,695.13,1268.84
Rodentia,Muridae,Mus,musculoides,mus musculoides,-999.00,8.23,-999.00,61.67,14.00,-999.00,-999.00,-999.00,-999.00,-999.00,23.50,-999.00,-999.00,-999.00,-999.00,3.49,-999.00,-999.00,0.80,-999.00,619.15,-999.00,-999.00,-999.00,-999,-999.00,-999,23.82,-999.00,-999.00,73;730;1254;1256;1297;2655,-999.00,-999.00,-999.00,-999.00,15342834.36,13.62,-30.89,-8.63,51.41,-16.79,17.30,0,30.71,1.00,0.13,92.48,231.12,924.23,1520.39
Rodentia,Muridae,Mus,musculus,mus musculus,-999.00,19.30,-999.00,-999.00,-999.00,139.50,56.76,35.70,1.00,-999.00,19.60,2.00,5.162e-04,6.17242e-04,-999.00,5.54,4.50,72.00,1.06,21.99,4981.53,-999.00,64.71,-999.00,10,2.00,3,21.50,10.00,-999.00,71;452;456;543;580;786;836;1297;1577;1594;1849;2034;2151;2329;2399;2531;2637;2655;2803;2978,-999.00,-999.00,-999.00,-999.00,-999.00,-999.00,-999.00,-999.00,-999.00,-999.00,-999.00,-999,-999.00,-999.00,-999.00,-999.00,-999.00,-999.00,-999.00
Rodentia,Muridae,Mus,neavei,mus neavei,-999.00,-999.00,-999.00,-999.00,-999.00,-999.00,-999.00,-999.00,-999.00,-999.00,-999.00,-999.00,-999.00,-999.00,-999.00,-999.00,-999.00,-999.00,-999.00,-999.00,-999.00,-999.00,-999.00,-999.00,-999,-999.00,-999,-999.00,-999.00,-999.00,-999,-999.00,-999.00,-999.00,-999.00,528293.43,-9.65,-25.66,-17.65,34.20,29.07,31.63,1,27.77,2.00,0.15,68.66,216.59,801.04,1433.47
Rodentia,Muridae,Mus,orangiae,mus orangiae,-999.00,-999.00,-999.00,-999.00,-999.00,-999.00,-999.00,-999.00,-999.00,-999.00,-999.00,-999.00,-999.00,-999.00,-999.00,-999.00,-999.00,-999.00,-999.00,-999.00,-999.00,-999.00,-999.00,-999.00,-999,-999.00,-999,-999.00,-999.00,-999.00,-999,-999.00,-999.00,-999.00,-999.00,5172.83,-26.12,-26.94,-26.53,27.87,27.01,27.44,44,232.24,44.00,0.10,52.25,161.48,721.78,1232.76
Rodentia,Muridae,Mus,oubanguii,mus oubanguii,-999.00,-999.00,-999.00,-999.00,-999.00,-999.00,-999.00,-999.00,-999.00,-999.00,-999.00,-999.00,-999.00,-999.00,-999.00,-999.00,-999.00,-999.00,-999.00,-999.00,-999.00,-999.00,-999.00,-999.00,-999,-999.00,-999,-999.00,-999.00,-999.00,-999,-999.00,-999.00,-999.00,-999.00,34990.93,7.05,4.19,5.62,22.79,21.15,21.97,0,5.57,1.00,0.05,134.48,246.43,1329.15,1661.20
Rodentia,Muridae,Mus,pahari,mus pahari,-999.00,-999.00,-999.00,-999.00,-999.00,-999.00,-999.00,-999.00,-999.00,-999.00,-999.00,-999.00,-999.00,-999.00,-999.00,-999.00,-999.00,-999.00,-999.00,-999.00,-999.00,-999.00,-999.00,-999.00,-999,-999.00,-999,-999.00,-999.00,-999.00,-999,-999.00,-999.00,-999.00,-999.00,1291820.75,28.57,11.56,20.07,108.19,88.32,98.26,1,70.95,4.00,0.09,150.15,187.61,1075.40,1367.96
Rodentia,Muridae,Mus,phillipsi,mus phillipsi,-999.00,-999.00,-999.00,-999.00,-999.00,-999.00,-999.00,-999.00,-999.00,-999.00,-999.00,-999.00,-999.00,-999.00,-999.00,-999.00,-999.00,-999.00,-999.00,-999.00,-999.00,-999.00,-999.00,-999.00,-999,-999.00,-999,-999.00,-999.00,-999.00,-999,-999.00,-999.00,-999.00,-999.00,1234844.45,28.61,8.06,18.34,86.19,72.35,79.27,22,342.82,94.00,0.09,91.33,258.32,786.85,1510.53
Rodentia,Muridae,Mus,platythrix,mus platythrix,-999.00,29.08,-999.00,-999.00,14.50,-999.00,-999.00,-999.00,-999.00,-999.00,-999.00,-999.00,-999.00,-999.00,-999.00,6.93,-999.00,-999.00,-999.00,-999.00,-999.00,-999.00,-999.00,-999.00,-999,-999.00,-999,-999.00,-999.00,-999.00,581;1297,-999.00,-999.00,-999.00,-999.00,119949.61,24.32,10.13,17.22,85.41,73.28,79.34,103,386.52,126.00,0.07,134.50,249.63,911.51,1550.41
Rodentia,Muridae,Mus,saxicola,mus saxicola,-999.00,-999.00,-999.00,-999.00,-999.00,-999.00,-999.00,-999.00,-999.00,-999.00,-999.00,-999.00,-999.00,-999.00,-999.00,-999.00,-999.00,-999.00,-999.00,-999.00,-999.00,-999.00,-999.00,-999.00,-999,-999.00,-999,-999.00,-999.00,-999.00,-999,-999.00,-999.00,-999.00,-999.00,250732.60,26.85,10.49,18.67,90.01,66.11,78.06,16,323.56,94.00,0.08,90.46,256.10,722.85,1461.90
Rodentia,Muridae,Mus,setulosus,mus setulosus,1.00,11.18,-999.00,-999.00,-999.00,-999.00,-999.00,-999.00,-999.00,-999.00,-999.00,1.00,-999.00,-999.00,-999.00,3.92,-999.00,-999.00,-999.00,-999.00,-999.00,-999.00,-999.00,-999.00,-999,1.00,-999,-999.00,-999.00,-999.00,904;1297;2655,-999.00,-999.00,-999.00,-999.00,2493993.56,10.19,-0.30,4.94,40.54,-13.29,13.62,0,56.43,1.00,0.08,131.73,238.65,1212.31,1545.44
Rodentia,Muridae,Mus,setzeri,mus setzeri,-999.00,6.65,-999.00,-999.00,-999.00,-999.00,-999.00,-999.00,-999.00,-999.00,-999.00,-999.00,-999.00,-999.00,-999.00,-999.00,-999.00,-999.00,-999.00,-999.00,-999.00,-999.00,-999.00,-999.00,-999,-999.00,-999,-999.00,-999.00,-999.00,2655,-999.00,-999.00,-999.00,-999.00,311593.42,-12.96,-25.06,-19.01,24.11,18.99,21.55,0,1.97,0.00,0.10,49.99,216.49,583.74,1494.64
Rodentia,Muridae,Mus,shortridgei,mus shortridgei,-999.00,-999.00,-999.00,-999.00,-999.00,-999.00,-999.00,-999.00,-999.00,-999.00,-999.00,-999.00,-999.00,-999.00,-999.00,-999.00,-999.00,-999.00,-999.00,-999.00,-999.00,-999.00,-999.00,-999.00,-999,-999.00,-999,-999.00,-999.00,-999.00,-999,-999.00,-999.00,-999.00,-999.00,280801.87,22.75,12.63,17.69,103.49,95.57,99.53,5,75.56,10.00,0.07,118.10,239.75,1116.04,1603.29
Rodentia,Muridae,Mus,sorella,mus sorella,-999.00,-999.00,-999.00,-999.00,-999.00,-999.00,-999.00,-999.00,-999.00,-999.00,-999.00,-999.00,-999.00,-999.00,-999.00,-999.00,-999.00,-999.00,-999.00,-999.00,-999.00,-999.00,-999.00,-999.00,-999,-999.00,-999,-999.00,-999.00,-999.00,-999,-999.00,-999.00,-999.00,-999.00,2477945.75,5.54,-8.38,-1.41,38.89,13.76,26.32,0,37.06,1.00,0.13,128.28,236.71,1330.63,1567.08
Rodentia,Muridae,Mus,spicilegus,mus spicilegus,-999.00,-999.00,-999.00,74.87,17.50,-999.00,-999.00,-999.00,1.00,-999.00,-999.00,2.00,1.85212e-04,1.8608e-04,-999.00,6.69,4.50,-999.00,-999.00,-999.00,874.99,-999.00,103.46,-999.00,-999,1.00,1,-999.00,-999.00,-999.00,2671,13.45,-999.00,-999.00,-999.00,625827.05,49.94,42.58,46.26,39.43,16.11,27.77,18,103.44,25.00,-9.74017677138995e-03,43.84,86.67,485.02,637.71
Rodentia,Muridae,Mus,spretus,mus spretus,2.00,16.67,-999.00,-999.00,-999.00,-999.00,61.91,21.80,-999.00,-999.00,-999.00,-999.00,2.03629e-04,1.70817e-04,-999.00,5.15,-999.00,-999.00,-999.00,-999.00,-999.00,-999.00,40.36,-999.00,-999,-999.00,-999,-999.00,-999.00,-999.00,1169;1297;1822;2655,-999.00,-999.00,-999.00,-999.00,979425.10,42.49,29.84,36.16,12.42,-9.89,1.26,3,128.79,10.00,0.05,39.35,147.77,432.45,1081.09
Rodentia,Muridae,Mus,tenellus,mus tenellus,-999.00,-999.00,-999.00,-999.00,-999.00,-999.00,-999.00,-999.00,-999.00,-999.00,-999.00,-999.00,-999.00,-999.00,-999.00,1.94,-999.00,-999.00,-999.00,-999.00,-999.00,-999.00,-999.00,-999.00,-999,-999.00,-999,-999.00,-999.00,-999.00,1297,-999.00,-999.00,-999.00,-999.00,1961535.07,14.94,-7.14,3.89,45.69,29.84,37.77,1,36.00,2.00,0.11,64.19,231.45,817.36,1549.28
Rodentia,Muridae,Mus,terricolor,mus terricolor,-999.00,-999.00,-999.00,-999.00,-999.00,-999.00,-999.00,-999.00,-999.00,-999.00,-999.00,-999.00,-999.00,-999.00,-999.00,-999.00,-999.00,-999.00,-999.00,-999.00,-999.00,-999.00,-999.00,-999.00,-999,-999.00,-999,-999.00,-999.00,-999.00,-999,-999.00,-999.00,-999.00,-999.00,1532170.75,30.08,11.23,20.66,84.02,73.42,78.72,22,283.99,90.00,0.09,83.80,256.33,745.61,1487.60
Rodentia,Muridae,Mus,triton,mus triton,-999.00,12.62,-999.00,-999.00,-999.00,-999.00,-999.00,-999.00,-999.00,-999.00,-999.00,-999.00,-999.00,-999.00,-999.00,4.40,3.00,-999.00,1.29,-999.00,814.02,-999.00,50.85,-999.00,-999,-999.00,-999,27.50,4.50,-999.00,730;1244;1297;2112;2655,-999.00,-999.00,-999.00,-999.00,3202684.82,2.13,-16.85,-7.36,39.03,13.93,26.48,0,37.78,2.00,0.18,96.50,218.65,973.98,1496.51
Rodentia,Muridae,Mus,vulcani,mus vulcani,-999.00,-999.00,-999.00,-999.00,-999.00,-999.00,-999.00,-999.00,-999.00,-999.00,-999.00,-999.00,-999.00,-999.00,-999.00,-999.00,-999.00,-999.00,-999.00,-999.00,-999.00,-999.00,-999.00,-999.00,-999,-999.00,-999,-999.00,-999.00,-999.00,-999,-999.00,-999.00,-999.00,-999.00,3092.68,-6.55,-6.97,-6.76,107.43,106.65,107.04,760,908.50,760.00,0.11,280.00,230.50,1636.00,1922.00
Rodentia,Gliridae,Muscardinus,avellanarius,muscardinus avellanarius,2.00,29.19,-999.00,76.37,18.00,-999.00,-999.00,-999.00,8.00,-999.00,24.97,1.00,3.271485e-03,2.902243e-03,50.00,4.30,1.50,72.00,0.80,-999.00,-999.00,-999.00,346.11,-999.00,-999,2.00,2,37.61,-999.00,-999.00,461;462;543;1297;1573;2151;2655;2678;2805,-999.00,-999.00,-999.00,-999.00,3331818.71,59.53,36.38,47.96,52.15,-5.72,23.21,5,137.76,17.00,9.61344050942262e-03,59.66,79.39,491.79,595.43
Chiroptera,Phyllostomidae,Musonycteris,harrisoni,musonycteris harrisoni,-999.00,-999.00,41.49,-999.00,-999.00,-999.00,-999.00,-999.00,-999.00,-999.00,-999.00,1.00,-999.00,-999.00,-999.00,-999.00,-999.00,-999.00,-999.00,-999.00,-999.00,-999.00,-999.00,-999.00,-999,2.00,-999,-999.00,-999.00,-999.00,1658;2151,10.82,-999.00,-999.00,-999.00,66456.72,19.69,16.92,18.30,-99.77,-104.59,-102.18,8,44.70,9.00,0.08,101.03,220.08,887.67,1643.92
Carnivora,Mustelidae,Mustela,africana,mustela africana,-999.00,536.98,-999.00,309.07,-999.00,-999.00,-999.00,-999.00,-999.00,-999.00,-999.00,1.00,-999.00,-999.00,-999.00,-999.00,-999.00,-999.00,-999.00,-999.00,-999.00,-999.00,-999.00,-999.00,-999,1.00,-999,-999.00,-999.00,-999.00,1113;2655,-999.00,-999.00,-999.00,-999.00,4349020.29,5.17,-13.48,-4.15,-44.36,-77.06,-60.71,0,3.27,0.00,0.14,182.62,253.29,1432.18,1589.03
Carnivora,Mustelidae,Mustela,altaica,mustela altaica,2.00,180.24,-999.00,243.52,-999.00,-999.00,-999.00,-999.00,1.00,56.00,40.00,1.00,-999.00,-999.00,365.00,5.44,-999.00,-999.00,-999.00,-999.00,-999.00,-999.00,-999.00,-999.00,-999,1.00,3,56.00,-999.00,-999.00,1113;1297;2655,-999.00,1.10,-999.00,-999.00,7652386.33,57.24,24.92,41.08,135.91,70.34,103.12,0,66.51,0.00,0.05,50.88,-6.12,451.07,714.70
Carnivora,Mustelidae,Mustela,erminea,mustela erminea,2.00,284.50,-999.00,215.65,35.10,-999.00,-999.00,-999.00,1.00,105.00,66.35,1.00,0.11,0.11,365.00,6.74,-999.00,85.23,2.25,-999.00,6.25,-999.00,93.09,-999.00,10,1.00,3,60.93,25.22,-999.00,367;542;730;1113;1297;1573;1577;2338;2655;2986,-999.00,1.10,-999.00,-999.00,39718064.94,83.62,18.16,50.89,179.96,-180.00,-0.01,0,27.06,0.00,7.50765859959715e-03,38.17,-28.22,320.60,403.21
Carnivora,Mustelidae,Mustela,eversmanii,mustela eversmanii,1.00,1684.21,-999.00,432.95,30.00,365.00,-999.00,-999.00,1.00,89.99,40.14,1.00,-999.00,-999.00,365.00,7.82,1.00,-999.00,4.99,-999.00,-999.00,-999.00,326.63,-999.00,-999,1.00,3,48.80,-999.00,-999.00,1113;1297;2655,-999.00,-999.00,-999.00,-999.00,16554151.55,60.17,26.63,43.40,131.93,11.75,71.84,0,39.51,0.00,0.03,34.34,17.92,352.41,615.94
Carnivora,Mustelidae,Mustela,felipei,mustela felipei,-999.00,211.30,-999.00,214.80,-999.00,-999.00,-999.00,-999.00,-999.00,-999.00,-999.00,1.00,-999.00,-999.00,-999.00,-999.00,-999.00,-999.00,-999.00,-999.00,-999.00,-999.00,-999.00,-999.00,-999,1.00,-999,-999.00,-999.00,-999.00,1113;2655,-999.00,-999.00,-999.00,-999.00,2258.77,2.28,1.76,2.02,-76.27,-76.90,-76.59,30,45.99,30.00,0.11,113.99,131.00,1528.74,1559.99
Carnivora,Mustelidae,Mustela,frenata,mustela frenata,2.00,190.03,-999.00,229.31,35.87,-999.00,206.40,204.38,1.00,84.00,24.50,2.00,0.21,0.22,365.00,6.50,-999.00,85.23,3.09,-999.00,0.76,-999.00,200.69,-999.00,8,2.00,3,34.23,28.62,-999.00,367;1113;1297;1573;2151;2655;2986,-999.00,1.10,-999.00,-999.00,12290918.80,56.14,-17.08,19.52,-61.65,-127.02,-94.34,0,42.50,0.00,0.07,78.21,130.93,748.43,1034.26
Carnivora,Mustelidae,Mustela,itatsi,mustela itatsi,-999.00,-999.00,-999.00,-999.00,-999.00,-999.00,-999.00,-999.00,-999.00,-999.00,-999.00,-999.00,-999.00,-999.00,-999.00,-999.00,-999.00,-999.00,-999.00,-999.00,-999.00,-999.00,-999.00,-999.00,-999,-999.00,-999,-999.00,-999.00,-999.00,-999,-999.00,-999.00,-999.00,-999.00,362403.77,45.52,30.98,38.25,145.82,129.55,137.69,56,312.45,73.00,9.91603867106079e-03,132.24,90.59,743.50,799.35
Carnivora,Mustelidae,Mustela,kathiah,mustela kathiah,-999.00,263.74,-999.00,259.13,-999.00,-999.00,-999.00,-999.00,1.00,-999.00,-999.00,1.00,-999.00,-999.00,-999.00,-999.00,-999.00,-999.00,-999.00,-999.00,-999.00,-999.00,-999.00,-999.00,-999,1.00,3,-999.00,-999.00,-999.00,1113;2655,-999.00,-999.00,-999.00,-999.00,320536.51,31.71,18.16,24.93,122.13,78.86,100.49,4,322.41,12.00,0.07,120.30,154.81,1032.64,1193.50
Carnivora,Mustelidae,Mustela,lutreola,mustela lutreola,2.00,566.44,-999.00,360.77,33.00,-999.00,-999.00,-999.00,2.00,97.50,43.74,3.00,0.17,0.21,365.00,4.50,-999.00,120.00,7.40,-999.00,0.07,-999.00,351.71,-999.00,-999,1.00,3,58.71,-999.00,-999.00,543;1015;1113;1297;2655,-999.00,1.10,-999.00,-999.00,3568955.39,66.41,42.24,54.33,62.07,-4.79,28.63,0,50.57,1.00,-5.57424249893432e-03,45.48,41.81,404.00,457.91
Carnivora,Mustelidae,Mustela,lutreolina,mustela lutreolina,2.00,466.25,-999.00,308.08,-999.00,-999.00,-999.00,-999.00,1.00,-999.00,-999.00,1.00,-999.00,-999.00,-999.00,-999.00,-999.00,-999.00,-999.00,-999.00,-999.00,-999.00,-999.00,-999.00,-999,1.00,3,-999.00,-999.00,-999.00,1015;1113;2655,-999.00,-999.00,-999.00,-999.00,52045.25,-3.22,-7.58,-5.40,109.44,103.32,106.38,50,696.72,52.00,0.10,236.58,245.51,1752.94,1825.64
Carnivora,Mustelidae,Mustela,nigripes,mustela nigripes,1.00,907.10,-999.00,395.94,35.00,-999.00,-999.00,-999.00,1.00,120.00,43.00,1.00,0.83,1.00,365.00,3.36,-999.00,144.00,7.39,-999.00,2.00,-999.00,371.23,-999.00,-999,1.00,3,59.66,-999.00,-999.00,543;1015;1113;1297;2655;2986,-999.00,1.10,-999.00,-999.00,-999.00,-999.00,-999.00,-999.00,-999.00,-999.00,-999.00,-999,-999.00,-999.00,-999.00,-999.00,-999.00,-999.00,-999.00
Carnivora,Mustelidae,Mustela,nivalis,mustela nivalis,2.00,78.45,-999.00,188.18,29.08,-999.00,204.60,76.46,1.00,134.99,36.49,1.00,0.07,0.08,273.75,5.07,1.00,120.00,2.00,49.99,12.89,-999.00,169.99,-999.00,-999,1.00,3,36.74,45.63,-999.00,367;542;730;1113;1297;1573;1577;2655;2986,-999.00,-999.00,-999.00,-999.00,43656881.02,77.73,25.94,51.84,179.99,-179.99,-6.45e-08,0,36.98,0.00,0.01,37.52,-7.08,334.68,463.79
Carnivora,Mustelidae,Mustela,nudipes,mustela nudipes,-999.00,569.42,-999.00,325.90,-999.00,-999.00,-999.00,-999.00,-999.00,-999.00,-999.00,1.00,-999.00,-999.00,-999.00,4.00,-999.00,-999.00,-999.00,-999.00,-999.00,-999.00,-999.00,-999.00,-999,1.00,-999,-999.00,-999.00,-999.00,1113;1297;2655,-999.00,-999.00,-999.00,-999.00,1430581.79,7.03,-8.78,-0.87,119.26,95.18,107.22,1,149.19,4.00,0.14,239.47,248.00,1667.44,1736.80
Carnivora,Mustelidae,Mustela,putorius,mustela putorius,1.00,975.55,-999.00,358.92,29.08,-999.00,847.80,1030.00,1.00,70.00,41.49,1.00,0.53,0.54,252.50,8.48,1.00,168.00,9.50,-999.00,0.83,-999.00,308.50,-999.00,-999,1.00,3,54.39,-999.00,-999.00,367;542;543;1113;1297;1573;1577;2655;2986,-999.00,-999.00,-999.00,-999.00,7565541.29,65.74,29.72,47.73,64.15,-9.49,27.32,0,95.38,2.00,5.50864002651662e-03,50.81,63.88,429.74,545.68
Carnivora,Mustelidae,Mustela,sibirica,mustela sibirica,2.00,530.85,-999.00,305.96,27.94,-999.00,-999.00,-999.00,1.00,89.99,30.12,1.00,3.41,4.08,-999.00,6.48,-999.00,106.00,-999.00,-999.00,-999.00,-999.00,-999.00,-999.00,-999,1.00,3,58.20,-999.00,-999.00,543;1113;1297;2655,-999.00,-999.00,-999.00,-999.00,20179461.96,61.33,15.59,38.46,141.54,52.20,96.87,0,78.36,0.00,0.04,45.25,22.48,439.75,672.32
Carnivora,Mustelidae,Mustela,strigidorsa,mustela strigidorsa,-999.00,1500.00,-999.00,286.46,-999.00,-999.00,-999.00,-999.00,-999.00,-999.00,-999.00,1.00,-999.00,-999.00,-999.00,-999.00,-999.00,-999.00,-999.00,-999.00,-999.00,-999.00,-999.00,-999.00,-999,1.00,-999,-999.00,-999.00,-999.00,1113,-999.00,-999.00,-999.00,-999.00,453670.13,28.93,11.00,19.97,106.33,86.64,96.48,1,81.35,2.00,0.09,163.30,159.57,1085.79,1345.23
Carnivora,Mustelidae,Mustela,subpalmata,mustela subpalmata,-999.00,-999.00,-999.00,-999.00,-999.00,-999.00,-999.00,-999.00,-999.00,-999.00,-999.00,-999.00,-999.00,-999.00,-999.00,-999.00,-999.00,-999.00,-999.00,-999.00,-999.00,-999.00,-999.00,-999.00,-999,-999.00,-999,-999.00,-999.00,-999.00,-999,-999.00,-999.00,-999.00,-999.00,51212.85,31.60,29.47,30.53,32.31,28.77,30.54,1,607.53,1.00,0.09,5.34,201.31,82.42,1384.66
Carnivora,Mephitidae,Mydaus,javanensis,mydaus javanensis,1.00,2500.00,-999.00,441.18,-999.00,-999.00,-999.00,-999.00,6.00,-999.00,-999.00,1.00,-999.00,-999.00,-999.00,-999.00,-999.00,-999.00,-999.00,-999.00,-999.00,-999.00,-999.00,-999.00,6,1.00,2,-999.00,-999.00,-999.00,1113;2655,-999.00,-999.00,-999.00,-999.00,764817.16,7.03,-8.64,-0.80,118.63,95.72,107.18,1,188.31,4.00,0.13,242.37,248.86,1664.10,1736.82
Carnivora,Mephitidae,Mydaus,marchei,mydaus marchei,2.00,2500.00,-999.00,389.59,-999.00,-999.00,-999.00,-999.00,-999.00,-999.00,-999.00,1.00,-999.00,-999.00,-999.00,-999.00,-999.00,-999.00,-999.00,-999.00,-999.00,-999.00,-999.00,-999.00,6,1.00,-999,-999.00,-999.00,-999.00,1113,-999.00,-999.00,-999.00,-999.00,12526.74,12.33,8.32,10.33,120.34,117.17,118.75,22,41.80,25.00,0.21,224.00,249.78,-999.00,-999.00
Rodentia,Muridae,Mylomys,dybowskii,mylomys dybowskii,-999.00,110.96,-999.00,-999.00,-999.00,-999.00,-999.00,-999.00,-999.00,-999.00,-999.00,-999.00,-999.00,-999.00,-999.00,4.04,-999.00,-999.00,-999.00,-999.00,167.41,-999.00,-999.00,-999.00,-999,-999.00,-999,-999.00,-999.00,-999.00,730;1297;2655,-999.00,-999.00,-999.00,-999.00,3973541.23,10.44,-6.16,2.13,35.78,-8.43,13.67,0,49.08,1.00,0.11,127.27,246.04,1216.01,1582.79
Rodentia,Muridae,Mylomys,rex,mylomys rex,-999.00,-999.00,-999.00,-999.00,-999.00,-999.00,-999.00,-999.00,-999.00,-999.00,-999.00,-999.00,-999.00,-999.00,-999.00,-999.00,-999.00,-999.00,-999.00,-999.00,-999.00,-999.00,-999.00,-999.00,-999,-999.00,-999,-999.00,-999.00,-999.00,-999,-999.00,-999.00,-999.00,-999.00,-999.00,-999.00,-999.00,-999.00,-999.00,-999.00,-999.00,-999,-999.00,-999.00,-999.00,-999.00,-999.00,-999.00,-999.00
Rodentia,Myocastoridae,Myocastor,coypus,myocastor coypus,2.00,6361.55,-999.00,519.44,0.00,319.37,-999.00,-999.00,6.00,-999.00,131.86,3.00,0.02,0.03,131.50,5.34,2.58,144.00,205.70,-999.00,226.26,-999.00,187.09,7.50,8,1.00,2,52.83,1750.00,-999.00,1;13;134;484;543;820;883;890;1154;1155;1156;1157;1158;1297;1849;2018;2151;2620;2655;3079,-999.00,-999.00,-999.00,-999.00,4147600.45,-15.78,-55.05,-35.41,-49.05,-74.74,-61.89,0,19.13,0.00,0.08,70.13,143.97,707.15,979.58
Rodentia,Cricetidae,Myodes,andersoni,myodes andersoni,-999.00,-999.00,-999.00,-999.00,-999.00,-999.00,-999.00,-999.00,-999.00,-999.00,-999.00,-999.00,-999.00,-999.00,-999.00,-999.00,-999.00,-999.00,-999.00,-999.00,-999.00,-999.00,-999.00,-999.00,-999,-999.00,-999,-999.00,-999.00,-999.00,-999,-999.00,-999.00,-999.00,-999.00,102632.11,40.59,35.00,37.79,141.90,135.90,138.90,93,301.20,93.00,0.01,135.08,81.24,768.71,806.23
Rodentia,Cricetidae,Myodes,californicus,myodes californicus,-999.00,18.30,-999.00,98.67,-999.00,-999.00,61.12,18.30,-999.00,-999.00,18.00,-999.00,1.246353e-03,1.169301e-03,-999.00,3.10,3.85,-999.00,-999.00,-999.00,434.02,-999.00,-999.00,-999.00,-999,-999.00,-999,-999.00,-999.00,-999.00,45;1297;1332;1444;1573;1822;1949;2655;2791,-999.00,-999.00,-999.00,-999.00,200498.37,46.22,37.89,42.06,-120.59,-124.56,-122.57,0,27.47,1.00,0.07,71.63,87.01,402.33,824.37
Rodentia,Cricetidae,Myodes,centralis,myodes centralis,-999.00,-999.00,-999.00,-999.00,-999.00,-999.00,-999.00,-999.00,-999.00,-999.00,-999.00,-999.00,-999.00,-999.00,-999.00,4.83,10.00,-999.00,-999.00,-999.00,-999.00,-999.00,-999.00,-999.00,-999,-999.00,-999,-999.00,-999.00,-999.00,1297,-999.00,-999.00,-999.00,-999.00,153338.92,45.23,39.72,42.47,82.75,74.10,78.42,2,17.53,3.00,0.05,25.45,-24.31,288.95,747.88
Rodentia,Cricetidae,Myodes,gapperi,myodes gapperi,1.00,19.83,-999.00,101.13,13.50,-999.00,54.72,22.65,6.00,-999.00,18.00,-999.00,4.63061e-04,5.53703e-04,17.00,5.37,2.40,20.00,1.49,30.00,1186.41,-999.00,94.39,1.00,-999,-999.00,2,30.87,10.37,-999.00,226;693;730;1020;1027;1029;1116;1297;1332;1444;1822;1831;1849;1931;1949;2000;2655;2714;2943;3094,-999.00,-999.00,-999.00,-999.00,8361723.49,62.43,32.84,47.63,-55.61,-132.72,-94.16,0,18.23,0.00,0.04,49.93,12.35,415.04,522.57
Rodentia,Cricetidae,Myodes,glareolus,myodes glareolus,-999.00,20.73,-999.00,106.38,-999.00,83.22,57.20,21.90,5.00,-999.00,19.74,2.00,9.51778e-04,1.213873e-03,21.75,4.31,3.50,58.80,1.83,-999.00,3704.05,-999.00,40.91,-999.00,-999,2.00,2,19.73,9.43,-999.00,476;496;540;543;730;772;1064;1116;1250;1297;1538;1577;1822;1849;1911;1949;1998;2073;2338;2522;2523;2620;2655;2661;2662;2678;2805;2975;3127,-999.00,-999.00,-999.00,-999.00,8269299.06,68.29,38.83,53.56,95.16,-10.47,42.34,0,69.11,1.00,3.64708979715325e-04,49.95,38.21,398.06,438.62
Rodentia,Cricetidae,Myodes,imaizumii,myodes imaizumii,-999.00,-999.00,-999.00,-999.00,-999.00,-999.00,-999.00,-999.00,-999.00,-999.00,-999.00,-999.00,-999.00,-999.00,-999.00,-999.00,-999.00,-999.00,-999.00,-999.00,-999.00,-999.00,-999.00,-999.00,-999,-999.00,-999,-999.00,-999.00,-999.00,-999,-999.00,-999.00,-999.00,-999.00,-999.00,-999.00,-999.00,-999.00,-999.00,-999.00,-999.00,-999,-999.00,-999.00,-999.00,-999.00,-999.00,-999.00,-999.00
Rodentia,Cricetidae,Myodes,regulus,myodes regulus,-999.00,-999.00,-999.00,-999.00,-999.00,-999.00,-999.00,-999.00,-999.00,-999.00,-999.00,-999.00,-999.00,-999.00,-999.00,-999.00,-999.00,-999.00,-999.00,-999.00,-999.00,-999.00,-999.00,-999.00,-999,-999.00,-999,-999.00,-999.00,-999.00,-999,-999.00,-999.00,-999.00,-999.00,56527.60,40.40,36.48,38.44,129.14,125.36,127.25,78,347.43,78.00,0.05,98.22,75.21,730.79,844.08
Rodentia,Cricetidae,Myodes,rex,myodes rex,-999.00,-999.00,-999.00,-999.00,-999.00,-999.00,-999.00,-999.00,-999.00,-999.00,-999.00,-999.00,-999.00,-999.00,-999.00,-999.00,-999.00,-999.00,-999.00,-999.00,-999.00,-999.00,-999.00,-999.00,-999,-999.00,-999,-999.00,-999.00,-999.00,-999,-999.00,-999.00,-999.00,-999.00,78510.41,45.52,41.39,43.45,148.58,139.77,144.17,2,71.26,63.00,0.01,85.74,36.48,577.09,675.68
Rodentia,Cricetidae,Myodes,rufocanus,myodes rufocanus,-999.00,36.43,-999.00,-999.00,-999.00,110.00,59.40,27.00,-999.00,-999.00,-999.00,-999.00,-999.00,-999.00,32.60,5.01,3.00,-999.00,2.25,-999.00,-999.00,-999.00,-999.00,-999.00,-999,-999.00,-999,-999.00,10.00,-999.00,1250;1297;1822;1949;2655,-999.00,-999.00,-999.00,-999.00,14509589.28,73.18,34.72,53.95,179.99,-179.99,-2.27374e-04,0,26.00,0.00,-0.01,33.20,-65.04,299.01,335.13
Rodentia,Cricetidae,Myodes,rutilus,myodes rutilus,-999.00,19.94,-999.00,109.07,10.50,-999.00,62.87,21.50,4.00,-999.00,23.98,-999.00,-999.00,-999.00,20.50,5.60,4.20,-999.00,1.80,-999.00,4074.55,-999.00,-999.00,-999.00,-999,-999.00,2,-999.00,-999.00,-999.00,412;730;1027;1297;1332;1362;1444;1822;1849;1949;2067;2655;2994;3012;3137,-999.00,-999.00,-999.00,-999.00,20777286.86,73.80,37.67,55.73,179.83,-171.84,3.99,0,10.81,0.00,-0.01,31.84,-66.16,278.61,319.19
Rodentia,Cricetidae,Myodes,shanseius,myodes shanseius,-999.00,-999.00,-999.00,-999.00,-999.00,-999.00,-999.00,-999.00,-999.00,-999.00,-999.00,-999.00,-999.00,-999.00,-999.00,-999.00,-999.00,-999.00,-999.00,-999.00,-999.00,-999.00,-999.00,-999.00,-999,-999.00,-999,-999.00,-999.00,-999.00,-999,-999.00,-999.00,-999.00,-999.00,111286.44,41.05,37.60,39.33,117.89,111.32,114.60,44,341.95,68.00,0.05,36.57,47.66,511.47,784.55
Rodentia,Cricetidae,Myodes,smithii,myodes smithii,-999.00,34.94,-999.00,-999.00,-999.00,120.00,-999.00,-999.00,-999.00,-999.00,19.00,-999.00,-999.00,-999.00,22.00,4.10,-999.00,42.00,2.13,-999.00,1426.09,-999.00,-999.00,-999.00,-999,-999.00,-999,27.34,-999.00,-999.00,543;730;1297;2655,-999.00,4.56,-999.00,-999.00,283263.86,41.54,30.98,36.26,142.07,129.55,135.81,74,381.19,100.00,8.85825346875702e-03,145.01,105.61,784.99,830.18
Dasyuromorphia,Dasyuridae,Myoictis,melas,myoictis melas,2.00,221.77,-999.00,190.92,-999.00,-999.00,-999.00,-999.00,-999.00,-999.00,-999.00,1.00,-999.00,-999.00,-999.00,-999.00,-999.00,-999.00,-999.00,-999.00,-999.00,-999.00,-999.00,-999.00,6,1.00,-999,-999.00,-999.00,-999.00,977;1760;2152;2655,-999.00,-999.00,-999.00,-999.00,149974.11,-7.690124e-03,-9.25,-4.62,147.73,130.20,138.97,1,6.26,1.00,0.14,230.66,221.36,1704.86,1735.91
Dasyuromorphia,Dasyuridae,Myoictis,wallacii,myoictis wallacii,-999.00,-999.00,-999.00,-999.00,-999.00,-999.00,-999.00,-999.00,-999.00,-999.00,-999.00,-999.00,-999.00,-999.00,-999.00,-999.00,-999.00,-999.00,-999.00,-999.00,-999.00,-999.00,-999.00,-999.00,-999,-999.00,-999,-999.00,-999.00,-999.00,-999,-999.00,-999.00,-999.00,-999.00,135495.28,-4.57,-8.86,-6.71,143.07,134.09,138.58,1,4.23,1.00,0.22,222.08,267.77,1632.57,1660.74
Rodentia,Gliridae,Myomimus,personatus,myomimus personatus,-999.00,-999.00,-999.00,-999.00,-999.00,-999.00,-999.00,-999.00,-999.00,-999.00,-999.00,-999.00,-999.00,-999.00,-999.00,-999.00,-999.00,-999.00,-999.00,-999.00,-999.00,-999.00,-999.00,-999.00,-999,-999.00,-999,-999.00,-999.00,-999.00,-999,-999.00,-999.00,-999.00,-999.00,81095.72,38.93,33.16,36.05,64.08,54.65,59.37,2,23.12,2.00,0.15,22.36,113.22,267.41,1024.42
Rodentia,Gliridae,Myomimus,roachi,myomimus roachi,-999.00,-999.00,-999.00,-999.00,-999.00,-999.00,-999.00,-999.00,-999.00,-999.00,-999.00,-999.00,-999.00,-999.00,-999.00,-999.00,-999.00,-999.00,-999.00,-999.00,-999.00,-999.00,-999.00,-999.00,-999,-999.00,-999,-999.00,-999.00,-999.00,-999,-999.00,-999.00,-999.00,-999.00,19296.94,43.45,38.67,41.06,27.81,25.72,26.77,45,74.44,46.00,4.53746671378033e-03,49.37,118.07,469.99,891.21
Rodentia,Gliridae,Myomimus,setzeri,myomimus setzeri,-999.00,-999.00,-999.00,-999.00,-999.00,-999.00,-999.00,-999.00,-999.00,-999.00,-999.00,-999.00,-999.00,-999.00,-999.00,-999.00,-999.00,-999.00,-999.00,-999.00,-999.00,-999.00,-999.00,-999.00,-999,-999.00,-999,-999.00,-999.00,-999.00,-999,-999.00,-999.00,-999.00,-999.00,33100.62,34.88,32.35,33.61,48.27,45.82,47.04,26,52.41,26.00,0.10,29.41,148.30,335.74,1243.04
Rodentia,Muridae,Myomyscus,angolensis,myomyscus angolensis,-999.00,-999.00,-999.00,-999.00,-999.00,-999.00,-999.00,-999.00,-999.00,-999.00,-999.00,-999.00,-999.00,-999.00,-999.00,-999.00,-999.00,-999.00,-999.00,-999.00,-999.00,-999.00,-999.00,-999.00,-999,-999.00,-999,-999.00,-999.00,-999.00,-999,-999.00,-999.00,-999.00,-999.00,434874.80,-5.98,-14.88,-10.43,18.81,12.84,15.83,1,23.82,3.00,0.16,99.42,215.48,998.11,1440.41
Rodentia,Muridae,Myomyscus,brockmani,myomyscus brockmani,-999.00,-999.00,-999.00,-999.00,-999.00,-999.00,-999.00,-999.00,-999.00,-999.00,-999.00,-999.00,-999.00,-999.00,-999.00,-999.00,-999.00,-999.00,-999.00,-999.00,-999.00,-999.00,-999.00,-999.00,-999,-999.00,-999,-999.00,-999.00,-999.00,-999,-999.00,-999.00,-999.00,-999.00,1344217.88,8.99,-7.11,0.94,44.71,31.84,38.28,1,36.37,1.00,0.12,59.53,231.50,838.49,1559.11
Rodentia,Muridae,Myomyscus,verreauxii,myomyscus verreauxii,1.00,41.00,-999.00,-999.00,-999.00,-999.00,-999.00,-999.00,-999.00,-999.00,-999.00,-999.00,-999.00,-999.00,-999.00,-999.00,-999.00,-999.00,-999.00,-999.00,4016.24,-999.00,-999.00,-999.00,-999,-999.00,-999,-999.00,-999.00,-999.00,2442;2655,-999.00,-999.00,-999.00,-999.00,96936.75,-31.03,-34.83,-32.93,23.53,17.84,20.69,1,61.97,1.00,0.08,32.09,155.51,442.01,1178.77
Rodentia,Muridae,Myomyscus,yemeni,myomyscus yemeni,-999.00,-999.00,-999.00,-999.00,-999.00,-999.00,-999.00,-999.00,-999.00,-999.00,-999.00,-999.00,-999.00,-999.00,-999.00,-999.00,-999.00,-999.00,-999.00,-999.00,-999.00,-999.00,-999.00,-999.00,-999,-999.00,-999,-999.00,-999.00,-999.00,-999,-999.00,-999.00,-999.00,-999.00,37193.53,19.82,15.27,17.55,44.55,41.87,43.21,10,73.33,14.00,0.21,17.08,175.69,283.83,1592.95
Chiroptera,Pteropodidae,Myonycteris,brachycephala,myonycteris brachycephala,-999.00,-999.00,63.01,-999.00,-999.00,-999.00,-999.00,-999.00,-999.00,-999.00,-999.00,1.00,-999.00,-999.00,-999.00,-999.00,-999.00,-999.00,-999.00,-999.00,-999.00,-999.00,-999.00,-999.00,-999,2.00,-999,-999.00,-999.00,-999.00,273;1658;2151,35.81,-999.00,-999.00,-999.00,862.58,0.41,0.02,0.22,6.76,6.47,6.61,144,144.00,144.00,0.11,-999.00,-999.00,-999.00,-999.00
Chiroptera,Pteropodidae,Myonycteris,relicta,myonycteris relicta,-999.00,53.32,69.68,-999.00,-999.00,-999.00,-999.00,-999.00,-999.00,-999.00,-999.00,1.00,-999.00,-999.00,-999.00,-999.00,-999.00,-999.00,-999.00,-999.00,-999.00,-999.00,-999.00,-999.00,-999,2.00,-999,-999.00,-999.00,-999.00,273;1658;2151;2655,-999.00,-999.00,-999.00,-999.00,104213.37,-3.67,-9.34,-6.50,39.72,35.29,37.51,8,111.99,8.00,0.15,85.47,239.06,988.73,1565.96
Chiroptera,Pteropodidae,Myonycteris,torquata,myonycteris torquata,1.00,44.92,60.94,99.40,-999.00,-999.00,-999.00,-999.00,-999.00,-999.00,-999.00,1.00,-999.00,-999.00,-999.00,1.00,2.00,-999.00,11.00,30.03,-999.00,-999.00,-999.00,1.00,-999,2.00,-999,-999.00,-999.00,-999.00,196;258;261;360;428;904;1297;1658;2017;2078;2151;2655;3071,-999.00,-999.00,-999.00,-999.00,4944187.15,10.97,-11.07,-0.04,31.30,-10.88,10.21,0,35.77,1.00,0.12,139.14,244.29,1274.45,1551.97
Rodentia,Dasyproctidae,Myoprocta,acouchy,myoprocta acouchy,3.00,954.87,-999.00,362.91,0.00,-999.00,502.70,914.00,2.00,-999.00,98.43,1.00,8.591924e-03,6.772796e-03,-999.00,1.97,-999.00,120.00,75.23,-999.00,7.61,-999.00,218.76,2.00,8,1.00,1,26.19,349.99,-999.00,543;730;845;905;1297;1822;2151;2431;2655,-999.00,-999.00,-999.00,-999.00,1230426.69,6.89,-7.89,-0.50,-49.87,-61.79,-55.83,0,3.02,0.00,0.10,160.78,254.12,1432.48,1666.77
Rodentia,Dasyproctidae,Myoprocta,pratti,myoprocta pratti,-999.00,966.73,-999.00,-999.00,0.00,-999.00,-999.00,-999.00,-999.00,-999.00,99.65,-999.00,-999.00,-999.00,-999.00,1.77,-999.00,-999.00,79.30,-999.00,4.69,-999.00,137.42,-999.00,-999,-999.00,-999,48.63,-999.00,-999.00,730;1594;1626,-999.00,-999.00,-999.00,-999.00,-999.00,-999.00,-999.00,-999.00,-999.00,-999.00,-999.00,-999,-999.00,-999.00,-999.00,-999.00,-999.00,-999.00,-999.00
Chiroptera,Molossidae,Myopterus,daubentonii,myopterus daubentonii,-999.00,-999.00,49.99,-999.00,-999.00,-999.00,-999.00,-999.00,-999.00,-999.00,-999.00,1.00,-999.00,-999.00,-999.00,-999.00,-999.00,-999.00,-999.00,-999.00,-999.00,-999.00,-999.00,-999.00,-999,2.00,-999,-999.00,-999.00,-999.00,1658;2151,18.45,-999.00,-999.00,-999.00,495506.91,14.30,1.50,7.90,30.40,-15.43,7.48,3,31.03,4.00,0.09,168.61,255.46,1103.13,1520.09
Chiroptera,Molossidae,Myopterus,whitleyi,myopterus whitleyi,-999.00,11.55,34.99,-999.00,-999.00,-999.00,-999.00,-999.00,-999.00,-999.00,-999.00,1.00,-999.00,-999.00,-999.00,-999.00,-999.00,-999.00,-999.00,-999.00,-999.00,-999.00,-999.00,-999.00,-999,2.00,-999,-999.00,-999.00,-999.00,1658;2143;2151;2622;2655,-999.00,-999.00,-999.00,-999.00,1143474.09,7.98,-5.87,1.05,32.60,-2.34,15.12,0,62.67,1.00,0.13,144.90,243.69,1363.90,1548.36
Rodentia,Cricetidae,Myopus,schisticolor,myopus schisticolor,-999.00,29.99,-999.00,-999.00,11.00,60.83,93.45,26.40,-999.00,-999.00,23.74,-999.00,7.66498e-04,7.19112e-04,25.00,5.25,2.00,12.00,3.20,-999.00,-999.00,-999.00,25.37,-999.00,-999,-999.00,-999,19.86,13.04,-999.00,543;1297;1437;1573;1822;2655,-999.00,-999.00,-999.00,-999.00,12452109.42,72.55,42.95,57.75,169.83,8.54,89.18,0,4.45,0.00,-0.02,31.17,-72.72,284.55,313.86
Rodentia,Sciuridae,Myosciurus,pumilio,myosciurus pumilio,3.00,16.44,-999.00,69.50,-999.00,-999.00,-999.00,-999.00,4.00,-999.00,-999.00,1.00,-999.00,-999.00,-999.00,1.97,-999.00,-999.00,-999.00,-999.00,-999.00,1.00,-999.00,1.00,3,2.00,2,-999.00,-999.00,-999.00,899;901;904;1105;1297;2495;2655,-999.00,-999.00,-999.00,-999.00,366327.03,6.10,-2.04,2.03,14.07,7.86,10.97,1,35.19,1.00,0.05,180.04,243.00,1301.64,1511.80
Soricomorpha,Soricidae,Myosorex,babaulti,myosorex babaulti,-999.00,-999.00,-999.00,-999.00,-999.00,-999.00,-999.00,-999.00,-999.00,-999.00,-999.00,-999.00,-999.00,-999.00,-999.00,2.99,-999.00,-999.00,-999.00,-999.00,-999.00,-999.00,-999.00,-999.00,-999,-999.00,-999,-999.00,-999.00,-999.00,1297,-999.00,-999.00,-999.00,-999.00,949.78,-1.90,-2.27,-2.08,29.11,28.67,28.89,135,199.00,135.00,-3.02954500176315e-03,125.49,168.50,1377.00,1507.99
Soricomorpha,Soricidae,Myosorex,blarina,myosorex blarina,-999.00,-999.00,-999.00,-999.00,-999.00,-999.00,-999.00,-999.00,-999.00,-999.00,-999.00,-999.00,-999.00,-999.00,-999.00,-999.00,-999.00,-999.00,-999.00,-999.00,-999.00,-999.00,-999.00,-999.00,-999,-999.00,-999,-999.00,-999.00,-999.00,-999,-999.00,-999.00,-999.00,-999.00,268.27,0.46,0.27,0.37,29.97,29.81,29.89,139,139.00,139.00,0.16,123.00,158.00,1387.00,1572.00
Soricomorpha,Soricidae,Myosorex,cafer,myosorex cafer,2.00,12.30,-999.00,-999.00,-999.00,-999.00,-999.00,-999.00,4.00,-999.00,-999.00,1.00,-999.00,-999.00,-999.00,2.99,-999.00,-999.00,-999.00,-999.00,-999.00,-999.00,-999.00,1.00,-999,1.00,2,-999.00,-999.00,-999.00,1297;2629;2655,-999.00,-999.00,-999.00,-999.00,225919.78,-17.49,-33.64,-25.57,35.03,26.71,30.87,1,60.54,7.00,0.15,78.62,185.79,967.51,1298.91
Soricomorpha,Soricidae,Myosorex,eisentrauti,myosorex eisentrauti,-999.00,-999.00,-999.00,-999.00,-999.00,-999.00,-999.00,-999.00,-999.00,-999.00,-999.00,-999.00,-999.00,-999.00,-999.00,-999.00,-999.00,-999.00,-999.00,-999.00,-999.00,-999.00,-999.00,-999.00,-999,-999.00,-999,-999.00,-999.00,-999.00,-999,-999.00,-999.00,-999.00,-999.00,125.66,3.62,3.31,3.46,8.80,8.47,8.64,10,37.65,10.00,0.15,-999.00,-999.00,-999.00,-999.00
Soricomorpha,Soricidae,Myosorex,geata,myosorex geata,-999.00,9.34,-999.00,-999.00,-999.00,-999.00,-999.00,-999.00,-999.00,-999.00,-999.00,-999.00,-999.00,-999.00,-999.00,4.00,-999.00,-999.00,-999.00,-999.00,-999.00,-999.00,-999.00,-999.00,-999,-999.00,-999,-999.00,-999.00,-999.00,1297;2655,-999.00,-999.00,-999.00,-999.00,2470.49,-6.80,-7.45,-7.12,37.88,37.42,37.65,32,34.24,32.00,0.15,67.00,241.00,1004.99,1484.00
Soricomorpha,Soricidae,Myosorex,kihaulei,myosorex kihaulei,-999.00,-999.00,-999.00,-999.00,-999.00,-999.00,-999.00,-999.00,-999.00,-999.00,-999.00,-999.00,-999.00,-999.00,-999.00,-999.00,-999.00,-999.00,-999.00,-999.00,-999.00,-999.00,-999.00,-999.00,-999,-999.00,-999,-999.00,-999.00,-999.00,-999,-999.00,-999.00,-999.00,-999.00,-999.00,-999.00,-999.00,-999.00,-999.00,-999.00,-999.00,-999,-999.00,-999.00,-999.00,-999.00,-999.00,-999.00,-999.00
Soricomorpha,Soricidae,Myosorex,longicaudatus,myosorex longicaudatus,-999.00,-999.00,-999.00,-999.00,-999.00,-999.00,-999.00,-999.00,2.00,-999.00,-999.00,1.00,-999.00,-999.00,-999.00,-999.00,-999.00,-999.00,-999.00,-999.00,-999.00,-999.00,-999.00,-999.00,-999,2.00,2,-999.00,-999.00,-999.00,2629,-999.00,-999.00,-999.00,-999.00,2520.98,-33.86,-34.10,-33.98,24.01,22.25,23.13,9,22.88,9.00,0.08,72.75,137.50,682.50,1187.75
Soricomorpha,Soricidae,Myosorex,okuensis,myosorex okuensis,-999.00,-999.00,-999.00,-999.00,-999.00,-999.00,-999.00,-999.00,-999.00,-999.00,-999.00,-999.00,-999.00,-999.00,-999.00,-999.00,-999.00,-999.00,-999.00,-999.00,-999.00,-999.00,-999.00,-999.00,-999,-999.00,-999,-999.00,-999.00,-999.00,-999,-999.00,-999.00,-999.00,-999.00,12051.23,6.46,4.68,5.57,10.70,9.49,10.10,13,84.43,13.00,0.08,216.66,223.10,1238.11,1496.64
Soricomorpha,Soricidae,Myosorex,rumpii,myosorex rumpii,-999.00,-999.00,-999.00,-999.00,-999.00,-999.00,-999.00,-999.00,-999.00,-999.00,-999.00,-999.00,-999.00,-999.00,-999.00,-999.00,-999.00,-999.00,-999.00,-999.00,-999.00,-999.00,-999.00,-999.00,-999,-999.00,-999,-999.00,-999.00,-999.00,-999,-999.00,-999.00,-999.00,-999.00,871.46,5.09,4.82,4.95,9.53,9.13,9.33,32,55.74,32.00,0.08,266.24,236.50,1264.00,1552.49
Soricomorpha,Soricidae,Myosorex,schalleri,myosorex schalleri,-999.00,-999.00,-999.00,-999.00,-999.00,-999.00,-999.00,-999.00,-999.00,-999.00,-999.00,-999.00,-999.00,-999.00,-999.00,-999.00,-999.00,-999.00,-999.00,-999.00,-999.00,-999.00,-999.00,-999.00,-999,-999.00,-999,-999.00,-999.00,-999.00,-999,-999.00,-999.00,-999.00,-999.00,153.90,-3.09,-3.22,-3.16,28.60,28.48,28.54,30,73.00,30.00,0.26,93.00,166.50,1482.50,1616.00
Soricomorpha,Soricidae,Myosorex,sclateri,myosorex sclateri,-999.00,-999.00,-999.00,-999.00,-999.00,-999.00,-999.00,-999.00,-999.00,-999.00,-999.00,-999.00,-999.00,-999.00,-999.00,-999.00,-999.00,-999.00,-999.00,-999.00,-999.00,-999.00,-999.00,-999.00,-999,-999.00,-999,-999.00,-999.00,-999.00,-999,-999.00,-999.00,-999.00,-999.00,5021.64,-28.24,-28.83,-28.53,32.40,31.12,31.76,37,69.30,37.00,0.10,88.20,199.38,1156.82,1413.12
Soricomorpha,Soricidae,Myosorex,tenuis,myosorex tenuis,-999.00,-999.00,-999.00,-999.00,-999.00,-999.00,-999.00,-999.00,-999.00,-999.00,-999.00,-999.00,-999.00,-999.00,-999.00,-999.00,-999.00,-999.00,-999.00,-999.00,-999.00,-999.00,-999.00,-999.00,-999,-999.00,-999,-999.00,-999.00,-999.00,-999,-999.00,-999.00,-999.00,-999.00,98496.49,-23.96,-27.72,-25.84,31.85,28.12,29.98,3,66.24,7.00,0.12,65.36,171.95,879.72,1220.56
Soricomorpha,Soricidae,Myosorex,varius,myosorex varius,2.00,11.68,-999.00,-999.00,16.50,-999.00,-999.00,-999.00,1.00,-999.00,-999.00,2.00,-999.00,-999.00,-999.00,2.90,2.00,12.00,1.00,-999.00,1693.63,-999.00,-999.00,2.00,-999,1.00,3,21.00,-999.00,-999.00,221;543;626;721;1297;2629;2655;3054,-999.00,-999.00,-999.00,-999.00,532836.77,-23.89,-34.83,-29.36,32.87,17.06,24.97,0,55.22,1.00,0.10,49.41,157.53,702.27,1147.82
Soricomorpha,Soricidae,Myosorex,zinki,myosorex zinki,-999.00,-999.00,-999.00,-999.00,-999.00,-999.00,-999.00,-999.00,-999.00,-999.00,-999.00,-999.00,-999.00,-999.00,-999.00,-999.00,-999.00,-999.00,-999.00,-999.00,-999.00,-999.00,-999.00,-999.00,-999,-999.00,-999,-999.00,-999.00,-999.00,-999,-999.00,-999.00,-999.00,-999.00,-999.00,-999.00,-999.00,-999.00,-999.00,-999.00,-999.00,-999,-999.00,-999.00,-999.00,-999.00,-999.00,-999.00,-999.00
Rodentia,Spalacidae,Myospalax,aspalax,myospalax aspalax,-999.00,-999.00,-999.00,-999.00,-999.00,-999.00,-999.00,-999.00,-999.00,-999.00,-999.00,-999.00,-999.00,-999.00,-999.00,-999.00,-999.00,-999.00,-999.00,-999.00,-999.00,-999.00,-999.00,-999.00,-999,-999.00,-999,-999.00,-999.00,-999.00,-999,-999.00,-999.00,-999.00,-999.00,333938.32,51.27,43.75,47.51,130.65,102.80,116.72,1,44.59,1.00,0.02,28.29,-11.34,394.01,519.92
Rodentia,Spalacidae,Myospalax,myospalax,myospalax myospalax,-999.00,225.00,-999.00,-999.00,-999.00,-999.00,-999.00,-999.00,-999.00,-999.00,-999.00,-999.00,-999.00,-999.00,-999.00,4.50,1.00,-999.00,-999.00,-999.00,-999.00,-999.00,-999.00,-999.00,-999,-999.00,-999,-999.00,-999.00,-999.00,1297;2655,-999.00,-999.00,-999.00,-999.00,327057.07,58.45,46.10,52.28,86.92,80.46,83.69,1,15.98,1.00,0.02,30.10,-8.48,377.12,491.50
Rodentia,Spalacidae,Myospalax,psilurus,myospalax psilurus,-999.00,259.21,-999.00,-999.00,-999.00,-999.00,-999.00,-999.00,-999.00,-999.00,-999.00,-999.00,-999.00,-999.00,-999.00,3.11,-999.00,-999.00,-999.00,-999.00,-999.00,-999.00,-999.00,-999.00,-999,-999.00,-999,-999.00,-999.00,-999.00,1297;2132,-999.00,-999.00,-999.00,-999.00,1345129.75,51.08,33.98,42.53,136.89,113.70,125.30,1,184.13,2.00,0.03,42.61,32.95,536.05,637.01
Chiroptera,Vespertilionidae,Myotis,abei,myotis abei,-999.00,-999.00,34.00,-999.00,-999.00,-999.00,-999.00,-999.00,-999.00,-999.00,-999.00,1.00,-999.00,-999.00,-999.00,-999.00,-999.00,-999.00,-999.00,-999.00,-999.00,-999.00,-999.00,-999.00,-999,2.00,-999,-999.00,-999.00,-999.00,1658;2151,6.11,-999.00,-999.00,-999.00,5.11,48.64,48.61,48.63,142.81,142.78,142.80,8,8.00,8.00,-0.11,52.00,-9.00,-999.00,-999.00
Chiroptera,Vespertilionidae,Myotis,adversus,myotis adversus,-999.00,10.41,39.81,-999.00,-999.00,-999.00,-999.00,-999.00,1.00,-999.00,-999.00,1.00,-999.00,-999.00,-999.00,1.00,2.50,-999.00,-999.00,-999.00,-999.00,-999.00,231.09,-999.00,-999,2.00,3,56.28,-999.00,-999.00,76;196;864;1297;1521;1658;2143;2151;2655;2719;3023,-999.00,-999.00,-999.00,-999.00,418891.81,25.29,-15.60,4.84,167.21,100.03,133.62,3,387.90,4.00,0.11,219.39,239.98,1623.62,1768.83
Chiroptera,Vespertilionidae,Myotis,aelleni,myotis aelleni,-999.00,-999.00,39.50,-999.00,-999.00,-999.00,-999.00,-999.00,-999.00,-999.00,-999.00,1.00,-999.00,-999.00,-999.00,-999.00,-999.00,-999.00,-999.00,-999.00,-999.00,-999.00,-999.00,-999.00,-999,2.00,-999,-999.00,-999.00,-999.00,1658;2151,9.40,-999.00,-999.00,-999.00,23827.25,-40.76,-42.80,-41.78,-70.41,-72.13,-71.27,0,3.86,0.00,0.08,54.47,57.28,538.09,740.63
Chiroptera,Vespertilionidae,Myotis,albescens,myotis albescens,-999.00,5.69,35.99,-999.00,-999.00,-999.00,-999.00,-999.00,-999.00,-999.00,93.18,1.00,-999.00,-999.00,-999.00,0.98,2.50,-999.00,-999.00,-999.00,-999.00,-999.00,152.76,-999.00,-999,2.00,-999,30.20,-999.00,-999.00,196;890;1297;1658;2100;2143;2151;2622;2655;3023,-999.00,-999.00,-999.00,-999.00,14769379.45,18.66,-37.84,-9.59,-34.79,-94.81,-64.80,0,25.67,0.00,0.11,145.37,232.23,1260.90,1493.18
Chiroptera,Vespertilionidae,Myotis,alcathoe,myotis alcathoe,-999.00,-999.00,-999.00,-999.00,-999.00,-999.00,-999.00,-999.00,-999.00,-999.00,-999.00,-999.00,-999.00,-999.00,-999.00,-999.00,-999.00,-999.00,-999.00,-999.00,-999.00,-999.00,-999.00,-999.00,-999,-999.00,-999,-999.00,-999.00,-999.00,-999,-999.00,-999.00,-999.00,-999.00,-999.00,-999.00,-999.00,-999.00,-999.00,-999.00,-999.00,-999,-999.00,-999.00,-999.00,-999.00,-999.00,-999.00,-999.00
Chiroptera,Vespertilionidae,Myotis,altarium,myotis altarium,-999.00,11.00,45.00,-999.00,-999.00,-999.00,-999.00,-999.00,-999.00,-999.00,-999.00,1.00,-999.00,-999.00,-999.00,-999.00,-999.00,-999.00,-999.00,-999.00,-999.00,-999.00,-999.00,-999.00,-999,2.00,-999,-999.00,-999.00,-999.00,196;1658;2151;2655,-999.00,-999.00,-999.00,-999.00,1128465.11,31.88,18.98,25.43,118.41,99.19,108.80,9,260.25,46.00,0.06,111.91,155.23,994.01,1071.24
Chiroptera,Vespertilionidae,Myotis,anjouanensis,myotis anjouanensis,-999.00,-999.00,-999.00,-999.00,-999.00,-999.00,-999.00,-999.00,-999.00,-999.00,-999.00,-999.00,-999.00,-999.00,-999.00,-999.00,-999.00,-999.00,-999.00,-999.00,-999.00,-999.00,-999.00,-999.00,-999,-999.00,-999,-999.00,-999.00,-999.00,-999,-999.00,-999.00,-999.00,-999.00,428.87,-12.06,-12.38,-12.22,44.53,44.20,44.37,489,489.00,489.00,0.14,-999.00,-999.00,-999.00,-999.00
Chiroptera,Vespertilionidae,Myotis,annamiticus,myotis annamiticus,-999.00,-999.00,-999.00,-999.00,-999.00,-999.00,-999.00,-999.00,-999.00,-999.00,-999.00,-999.00,-999.00,-999.00,-999.00,-999.00,-999.00,-999.00,-999.00,-999.00,-999.00,-999.00,-999.00,-999.00,-999,-999.00,-999,-999.00,-999.00,-999.00,-999,-999.00,-999.00,-999.00,-999.00,110.46,17.47,17.36,17.42,106.20,106.09,106.15,49,49.00,49.00,0.11,187.00,212.00,1426.00,1591.00
Chiroptera,Vespertilionidae,Myotis,annectans,myotis annectans,-999.00,9.75,45.00,-999.00,-999.00,-999.00,-999.00,-999.00,-999.00,-999.00,-999.00,1.00,-999.00,-999.00,-999.00,-999.00,-999.00,-999.00,-999.00,-999.00,-999.00,-999.00,-999.00,-999.00,-999,2.00,-999,-999.00,-999.00,-999.00,196;1658;2151;2622;2655,-999.00,-999.00,-999.00,-999.00,559248.67,27.50,17.80,22.65,101.04,88.30,94.67,5,196.79,10.00,0.08,153.12,216.50,1051.45,1366.12
Chiroptera,Vespertilionidae,Myotis,atacamensis,myotis atacamensis,-999.00,-999.00,-999.00,-999.00,-999.00,-999.00,-999.00,-999.00,-999.00,-999.00,-999.00,-999.00,-999.00,-999.00,-999.00,-999.00,-999.00,-999.00,-999.00,-999.00,-999.00,-999.00,-999.00,-999.00,-999,-999.00,-999,-999.00,-999.00,-999.00,-999,-999.00,-999.00,-999.00,-999.00,469816.74,-12.40,-32.46,-22.43,-67.00,-76.51,-71.75,0,9.70,0.00,0.06,12.15,25.18,238.54,1207.79
Chiroptera,Vespertilionidae,Myotis,ater,myotis ater,-999.00,-999.00,-999.00,-999.00,-999.00,-999.00,-999.00,-999.00,-999.00,-999.00,-999.00,-999.00,-999.00,-999.00,-999.00,-999.00,-999.00,-999.00,-999.00,-999.00,-999.00,-999.00,-999.00,-999.00,-999,-999.00,-999,-999.00,-999.00,-999.00,-999,-999.00,-999.00,-999.00,-999.00,114590.66,11.98,-3.87,4.05,130.87,98.58,114.73,3,26.14,4.00,0.11,250.47,223.98,1776.85,1838.78
Chiroptera,Vespertilionidae,Myotis,auriculus,myotis auriculus,-999.00,38.04,38.00,-999.00,-999.00,-999.00,-999.00,-999.00,1.00,-999.00,-999.00,1.00,-999.00,-999.00,-999.00,1.00,-999.00,38.00,-999.00,-999.00,-999.00,-999.00,-999.00,-999.00,-999,2.00,3,-999.00,-999.00,-999.00,657;1297;1658;2151;2618;2655;2970,-999.00,-999.00,-999.00,-999.00,619854.71,35.37,19.78,27.58,-97.50,-112.32,-104.91,0,20.29,0.00,0.12,38.01,166.15,600.70,1286.03
Chiroptera,Vespertilionidae,Myotis,australis,myotis australis,-999.00,-999.00,37.00,-999.00,-999.00,-999.00,-999.00,-999.00,-999.00,-999.00,-999.00,1.00,-999.00,-999.00,-999.00,-999.00,-999.00,-999.00,-999.00,-999.00,-999.00,-999.00,-999.00,-999.00,-999,2.00,-999,-999.00,-999.00,-999.00,1658;2151,7.79,-999.00,-999.00,-999.00,-999.00,-999.00,-999.00,-999.00,-999.00,-999.00,-999.00,-999,-999.00,-999.00,-999.00,-999.00,-999.00,-999.00,-999.00
Chiroptera,Vespertilionidae,Myotis,austroriparius,myotis austroriparius,-999.00,7.35,38.00,-999.00,-999.00,365.00,-999.00,-999.00,-999.00,-999.00,-999.00,1.00,-999.00,-999.00,-999.00,1.88,1.00,72.00,1.12,-999.00,-999.00,-999.00,188.68,-999.00,-999,2.00,-999,46.80,-999.00,-999.00,1006;1297;1413;1516;1658;1705;2151;2215;2352;2427;2602;2655,-999.00,-999.00,-999.00,-999.00,873318.39,39.51,26.78,33.14,-77.14,-95.76,-86.45,1,43.91,6.00,0.05,102.72,178.18,998.26,1108.45
Chiroptera,Vespertilionidae,Myotis,bechsteinii,myotis bechsteinii,-999.00,9.47,41.99,-999.00,-999.00,-999.00,-999.00,-999.00,1.00,-999.00,-999.00,1.00,-999.00,-999.00,-999.00,1.00,1.00,252.00,-999.00,-999.00,-999.00,-999.00,-999.00,-999.00,-999,2.00,3,-999.00,-999.00,-999.00,196;543;577;1297;1658;2143;2151;2295;2655;2711;2719;2955,-999.00,-999.00,-999.00,-999.00,2326533.53,53.88,36.65,45.26,44.73,-9.29,17.72,3,139.49,18.00,0.01,61.16,85.35,515.69,603.20
Chiroptera,Vespertilionidae,Myotis,blythii,myotis blythii,-999.00,23.82,58.49,-999.00,-999.00,-999.00,-999.00,-999.00,-999.00,-999.00,-999.00,1.00,-999.00,-999.00,-999.00,0.98,-999.00,237.99,-999.00,-999.00,-999.00,-999.00,420.91,-999.00,-999,2.00,-999,-999.00,-999.00,-999.00,109;1297;1658;2151;2622;2655,-999.00,-999.00,-999.00,-999.00,3247785.97,53.33,23.76,38.55,120.21,31.51,75.86,0,112.68,2.00,0.10,39.35,116.67,416.49,1003.83
Chiroptera,Vespertilionidae,Myotis,bocagii,myotis bocagii,-999.00,7.93,38.00,-999.00,-999.00,-999.00,-999.00,-999.00,1.00,-999.00,-999.00,1.00,-999.00,-999.00,-999.00,0.99,-999.00,-999.00,-999.00,-999.00,-999.00,-999.00,-999.00,-999.00,-999,2.00,3,-999.00,-999.00,-999.00,44;196;1297;1658;2143;2151;2295;2622;2655;2719;3023,-999.00,-999.00,-999.00,-999.00,12300213.71,16.04,-24.85,-4.40,51.80,-16.82,17.48,0,36.25,1.00,0.14,103.10,238.74,1005.03,1559.80
Chiroptera,Vespertilionidae,Myotis,bombinus,myotis bombinus,-999.00,-999.00,40.00,-999.00,-999.00,-999.00,-999.00,-999.00,-999.00,-999.00,-999.00,1.00,-999.00,-999.00,-999.00,-999.00,-999.00,-999.00,-999.00,-999.00,-999.00,-999.00,-999.00,-999.00,-999,2.00,-999,-999.00,-999.00,-999.00,1658;2151,9.74,-999.00,-999.00,-999.00,662214.05,48.22,30.98,39.60,145.82,123.95,134.89,1,222.24,4.00,0.01,95.43,51.43,649.50,707.13
Chiroptera,Vespertilionidae,Myotis,brandtii,myotis brandtii,-999.00,5.30,34.99,-999.00,-999.00,-999.00,-999.00,-999.00,-999.00,-999.00,-999.00,1.00,-999.00,-999.00,-999.00,-999.00,-999.00,-999.00,-999.00,-999.00,-999.00,-999.00,-999.00,-999.00,-999,2.00,-999,-999.00,-999.00,-999.00,1658;2151;2622;2655,-999.00,-999.00,-999.00,-999.00,10341787.32,66.02,36.01,51.02,143.94,-9.49,67.22,0,74.22,1.00,0.01,45.44,42.96,412.53,528.00
Chiroptera,Vespertilionidae,Myotis,bucharensis,myotis bucharensis,-999.00,-999.00,-999.00,-999.00,-999.00,-999.00,-999.00,-999.00,-999.00,-999.00,-999.00,-999.00,-999.00,-999.00,-999.00,-999.00,-999.00,-999.00,-999.00,-999.00,-999.00,-999.00,-999.00,-999.00,-999,-999.00,-999,-999.00,-999.00,-999.00,-999,-999.00,-999.00,-999.00,-999.00,-999.00,-999.00,-999.00,-999.00,-999.00,-999.00,-999.00,-999,-999.00,-999.00,-999.00,-999.00,-999.00,-999.00,-999.00
Chiroptera,Vespertilionidae,Myotis,californicus,myotis californicus,-999.00,4.39,33.14,-999.00,-999.00,-999.00,-999.00,-999.00,1.00,-999.00,-999.00,1.00,-999.00,-999.00,-999.00,0.99,1.00,180.00,-999.00,-999.00,-999.00,-999.00,-999.00,-999.00,-999,2.00,3,89.79,-999.00,-999.00,657;1297;1658;2143;2151;2622;2625;2655,-999.00,-999.00,-999.00,-999.00,3994128.10,56.40,15.64,36.02,-91.88,-131.42,-111.65,0,35.18,0.00,0.10,45.05,124.62,479.42,1039.29
Chiroptera,Vespertilionidae,Myotis,capaccinii,myotis capaccinii,-999.00,8.15,40.00,-999.00,-999.00,-999.00,-999.00,-999.00,1.00,-999.00,54.99,1.00,-999.00,-999.00,-999.00,0.99,-999.00,-999.00,-999.00,-999.00,-999.00,-999.00,377.57,-999.00,-999,2.00,3,-999.00,-999.00,-999.00,1015;1297;1658;2143;2151;2622;2655;2920,-999.00,-999.00,-999.00,-999.00,1758634.40,47.44,27.03,37.23,62.29,-6.26,28.01,0,114.17,7.00,0.05,47.13,125.18,431.11,972.93
Chiroptera,Vespertilionidae,Myotis,chiloensis,myotis chiloensis,-999.00,-999.00,38.00,-999.00,-999.00,-999.00,-999.00,-999.00,1.00,-999.00,-999.00,1.00,-999.00,-999.00,-999.00,0.98,-999.00,-999.00,-999.00,-999.00,-999.00,-999.00,-999.00,-999.00,-999,2.00,3,-999.00,-999.00,-999.00,890;1297;1658;2151,8.41,-999.00,-999.00,-999.00,562838.91,-28.53,-55.51,-42.02,-68.43,-75.71,-72.07,0,23.77,0.00,0.07,101.30,52.27,444.61,740.63
Chiroptera,Vespertilionidae,Myotis,chinensis,myotis chinensis,-999.00,41.99,65.00,-999.00,-999.00,-999.00,-999.00,-999.00,-999.00,-999.00,-999.00,1.00,-999.00,-999.00,-999.00,-999.00,-999.00,-999.00,-999.00,-999.00,-999.00,-999.00,-999.00,-999.00,-999,2.00,-999,-999.00,-999.00,-999.00,1658;2151;2622,-999.00,-999.00,-999.00,-999.00,1209407.95,28.57,17.35,22.96,119.95,97.61,108.78,1,241.48,46.00,0.06,118.99,156.31,1046.22,1163.47
Chiroptera,Vespertilionidae,Myotis,ciliolabrum,myotis ciliolabrum,-999.00,4.89,-999.00,-999.00,-999.00,-999.00,-999.00,-999.00,-999.00,-999.00,-999.00,-999.00,-999.00,-999.00,-999.00,-999.00,-999.00,-999.00,-999.00,-999.00,-999.00,-999.00,-999.00,-999.00,-999,-999.00,-999,-999.00,-999.00,-999.00,2622,-999.00,-999.00,-999.00,-999.00,-999.00,-999.00,-999.00,-999.00,-999.00,-999.00,-999.00,-999,-999.00,-999.00,-999.00,-999.00,-999.00,-999.00,-999.00
Chiroptera,Vespertilionidae,Myotis,cobanensis,myotis cobanensis,-999.00,-999.00,41.49,-999.00,-999.00,-999.00,-999.00,-999.00,-999.00,-999.00,-999.00,1.00,-999.00,-999.00,-999.00,-999.00,-999.00,-999.00,-999.00,-999.00,-999.00,-999.00,-999.00,-999.00,-999,2.00,-999,-999.00,-999.00,-999.00,1658;2151,10.82,-999.00,-999.00,-999.00,294.52,15.56,15.39,15.47,-90.28,-90.45,-90.36,63,80.02,63.00,0.20,139.92,203.46,1481.98,1616.97
Chiroptera,Vespertilionidae,Myotis,csorbai,myotis csorbai,-999.00,-999.00,-999.00,-999.00,-999.00,-999.00,-999.00,-999.00,-999.00,-999.00,-999.00,-999.00,-999.00,-999.00,-999.00,-999.00,-999.00,-999.00,-999.00,-999.00,-999.00,-999.00,-999.00,-999.00,-999,-999.00,-999,-999.00,-999.00,-999.00,-999,-999.00,-999.00,-999.00,-999.00,33044.81,28.96,27.17,28.07,85.60,82.40,84.00,4,188.55,20.00,0.09,109.71,131.14,865.97,1160.11
Chiroptera,Vespertilionidae,Myotis,dasycneme,myotis dasycneme,-999.00,15.16,45.50,-999.00,-999.00,-999.00,-999.00,-999.00,1.00,-999.00,-999.00,1.00,-999.00,-999.00,-999.00,1.00,-999.00,234.00,-999.00,-999.00,-999.00,-999.00,-999.00,-999.00,-999,2.00,3,-999.00,-999.00,-999.00,196;543;1658;2143;2151;2295;2470;2655;2719,-999.00,-999.00,-999.00,-999.00,6606862.40,65.10,44.57,54.84,125.67,4.10,64.89,0,56.05,1.00,5.17680501026377e-03,43.12,28.93,387.58,427.69
Chiroptera,Vespertilionidae,Myotis,daubentonii,myotis daubentonii,-999.00,7.63,36.59,44.40,-999.00,-999.00,-999.00,-999.00,2.00,-999.00,55.14,1.00,-999.00,-999.00,-999.00,1.21,1.00,336.00,2.00,29.19,-999.00,-999.00,371.23,-999.00,-999,2.00,3,35.33,5.49,-999.00,196;400;543;892;1297;1521;1658;2143;2151;2295;2470;2622;2655;2719;2977;3001,-999.00,-999.00,-999.00,-999.00,14824937.25,63.01,26.73,44.87,145.82,-10.47,67.67,0,71.14,0.00,9.64966301180394e-03,46.10,21.71,426.22,515.06
Chiroptera,Vespertilionidae,Myotis,davidii,myotis davidii,-999.00,-999.00,-999.00,-999.00,-999.00,-999.00,-999.00,-999.00,-999.00,-999.00,-999.00,-999.00,-999.00,-999.00,-999.00,-999.00,-999.00,-999.00,-999.00,-999.00,-999.00,-999.00,-999.00,-999.00,-999,-999.00,-999,-999.00,-999.00,-999.00,-999,-999.00,-999.00,-999.00,-999.00,-999.00,-999.00,-999.00,-999.00,-999.00,-999.00,-999.00,-999,-999.00,-999.00,-999.00,-999.00,-999.00,-999.00,-999.00
Chiroptera,Vespertilionidae,Myotis,dominicensis,myotis dominicensis,-999.00,-999.00,34.00,-999.00,-999.00,-999.00,-999.00,-999.00,-999.00,-999.00,-999.00,1.00,-999.00,-999.00,-999.00,-999.00,-999.00,-999.00,-999.00,-999.00,-999.00,-999.00,-999.00,-999.00,-999,2.00,-999,-999.00,-999.00,-999.00,1658;2151,6.11,-999.00,-999.00,-999.00,2248.11,16.51,15.20,15.85,-61.16,-61.80,-61.48,89,197.45,89.00,0.05,-999.00,-999.00,-999.00,-999.00
Chiroptera,Vespertilionidae,Myotis,elegans,myotis elegans,-999.00,4.21,32.99,-999.00,-999.00,-999.00,-999.00,-999.00,-999.00,-999.00,-999.00,1.00,-999.00,-999.00,-999.00,0.98,-999.00,-999.00,-999.00,-999.00,-999.00,-999.00,-999.00,-999.00,-999,2.00,-999,-999.00,-999.00,-999.00,1297;1658;2151;2622;2655,-999.00,-999.00,-999.00,-999.00,669104.48,23.33,9.59,16.46,-83.13,-100.06,-91.59,2,63.95,4.00,0.15,151.31,234.87,1287.81,1625.37
Chiroptera,Vespertilionidae,Myotis,emarginatus,myotis emarginatus,-999.00,7.56,40.00,-999.00,-999.00,547.50,-999.00,-999.00,-999.00,-999.00,-999.00,1.00,-999.00,-999.00,-999.00,0.99,1.00,216.00,-999.00,-999.00,-999.00,-999.00,413.84,-999.00,-999,2.00,-999,41.61,-999.00,-999.00,428;543;1297;1658;2143;2151;2352;2438;2470;2622;2633;2634;2655;2920,-999.00,-999.00,-999.00,-999.00,3765086.81,53.39,23.21,38.30,73.14,-9.32,31.91,0,118.77,6.00,0.04,48.03,97.72,440.36,748.80
Chiroptera,Vespertilionidae,Myotis,evotis,myotis evotis,-999.00,6.91,36.72,-999.00,-999.00,-999.00,-999.00,-999.00,-999.00,-999.00,-999.00,1.00,-999.00,-999.00,-999.00,0.98,1.00,-999.00,1.22,-999.00,-999.00,-999.00,-999.00,-999.00,-999,2.00,-999,-999.00,-999.00,-999.00,543;1297;1658;2143;2151;2622;2655;3023,-999.00,-999.00,-999.00,-999.00,3119769.09,54.76,25.49,40.12,-102.53,-127.89,-115.21,0,21.49,0.00,0.08,36.24,60.78,363.99,788.12
Chiroptera,Vespertilionidae,Myotis,fimbriatus,myotis fimbriatus,-999.00,-999.00,-999.00,-999.00,-999.00,-999.00,-999.00,-999.00,-999.00,-999.00,-999.00,-999.00,-999.00,-999.00,-999.00,-999.00,-999.00,-999.00,-999.00,-999.00,-999.00,-999.00,-999.00,-999.00,-999,-999.00,-999,-999.00,-999.00,-999.00,-999,-999.00,-999.00,-999.00,-999.00,100728.99,26.80,22.25,24.53,118.38,113.73,116.06,83,366.57,109.00,0.07,114.10,172.79,1135.70,1187.92
Chiroptera,Vespertilionidae,Myotis,findleyi,myotis findleyi,-999.00,-999.00,31.50,-999.00,-999.00,-999.00,-999.00,-999.00,-999.00,-999.00,-999.00,1.00,-999.00,-999.00,-999.00,-999.00,-999.00,-999.00,-999.00,-999.00,-999.00,-999.00,-999.00,-999.00,-999,2.00,-999,-999.00,-999.00,-999.00,1658;2151,4.91,-999.00,-999.00,-999.00,398.67,21.71,21.25,21.48,-106.20,-106.66,-106.43,7,7.00,7.00,0.00,-999.00,-999.00,-999.00,-999.00
Chiroptera,Vespertilionidae,Myotis,formosus,myotis formosus,-999.00,7.07,48.99,-999.00,-999.00,-999.00,-999.00,-999.00,-999.00,-999.00,-999.00,1.00,-999.00,-999.00,-999.00,-999.00,-999.00,-999.00,-999.00,-999.00,-999.00,-999.00,-999.00,-999.00,-999,2.00,-999,-999.00,-999.00,-999.00,1439;1658;2151;2655,-999.00,-999.00,-999.00,-999.00,3602303.43,54.34,-8.84,22.74,133.24,62.64,97.94,1,285.66,9.00,0.08,131.68,165.44,966.21,1190.37
Chiroptera,Vespertilionidae,Myotis,fortidens,myotis fortidens,-999.00,4.37,37.00,-999.00,-999.00,-999.00,-999.00,-999.00,1.00,-999.00,-999.00,1.00,-999.00,-999.00,-999.00,0.98,-999.00,-999.00,-999.00,-999.00,-999.00,-999.00,-999.00,-999.00,-999,2.00,3,-999.00,-999.00,-999.00,196;1297;1658;2151;2655;2719,-999.00,-999.00,-999.00,-999.00,470951.95,30.96,14.58,22.77,-91.17,-111.26,-101.21,1,49.76,3.00,0.08,90.99,218.23,965.18,1535.38
Chiroptera,Vespertilionidae,Myotis,frater,myotis frater,-999.00,7.54,38.49,-999.00,-999.00,730.00,-999.00,-999.00,-999.00,-999.00,-999.00,1.00,-999.00,-999.00,-999.00,1.00,-999.00,-999.00,-999.00,-999.00,-999.00,-999.00,-999.00,-999.00,-999,2.00,-999,-999.00,-999.00,-999.00,1297;1658;2151;2622;2655,-999.00,-999.00,-999.00,-999.00,-999.00,-999.00,-999.00,-999.00,-999.00,-999.00,-999.00,-999,-999.00,-999.00,-999.00,-999.00,-999.00,-999.00,-999.00
Chiroptera,Vespertilionidae,Myotis,gomantongensis,myotis gomantongensis,-999.00,-999.00,-999.00,-999.00,-999.00,-999.00,-999.00,-999.00,-999.00,-999.00,-999.00,-999.00,-999.00,-999.00,-999.00,-999.00,-999.00,-999.00,-999.00,-999.00,-999.00,-999.00,-999.00,-999.00,-999,-999.00,-999,-999.00,-999.00,-999.00,-999,-999.00,-999.00,-999.00,-999.00,737413.10,7.03,-4.18,1.42,119.26,108.83,114.05,1,26.95,3.00,0.18,260.63,244.88,1681.05,1712.73
Chiroptera,Vespertilionidae,Myotis,goudoti,myotis goudoti,-999.00,5.56,39.48,95.00,-999.00,-999.00,-999.00,-999.00,1.00,-999.00,-999.00,1.00,-999.00,-999.00,-999.00,-999.00,-999.00,-999.00,-999.00,-999.00,-999.00,-999.00,-999.00,-999.00,-999,2.00,3,-999.00,-999.00,-999.00,1048;1658;2151,-999.00,-999.00,-999.00,-999.00,313769.92,-12.48,-25.20,-18.84,50.48,43.22,46.85,2,26.33,3.00,0.19,130.33,223.89,1109.64,1615.19
Chiroptera,Vespertilionidae,Myotis,grisescens,myotis grisescens,1.00,10.84,43.26,-999.00,-999.00,730.00,-999.00,-999.00,1.00,-999.00,-999.00,1.00,-999.00,-999.00,-999.00,0.99,1.00,471.24,2.94,-999.00,-999.00,-999.00,530.44,-999.00,-999,2.00,3,42.35,-999.00,-999.00,185;543;768;899;1297;1658;1683;1705;2025;2143;2151;2215;2622;2655;2724,-999.00,-999.00,-999.00,-999.00,854748.87,41.22,30.30,35.76,-79.67,-93.03,-86.35,3,42.41,7.00,0.05,94.64,147.30,882.26,956.69
Chiroptera,Vespertilionidae,Myotis,hajastanicus,myotis hajastanicus,-999.00,-999.00,-999.00,-999.00,-999.00,-999.00,-999.00,-999.00,-999.00,-999.00,-999.00,-999.00,-999.00,-999.00,-999.00,-999.00,-999.00,-999.00,-999.00,-999.00,-999.00,-999.00,-999.00,-999.00,-999,-999.00,-999,-999.00,-999.00,-999.00,-999,-999.00,-999.00,-999.00,-999.00,7282.75,40.85,39.94,40.39,45.95,44.75,45.35,23,103.46,23.00,0.01,36.37,40.04,520.31,796.85
Chiroptera,Vespertilionidae,Myotis,hasseltii,myotis hasseltii,-999.00,8.70,38.49,-999.00,-999.00,-999.00,-999.00,-999.00,-999.00,-999.00,-999.00,1.00,-999.00,-999.00,-999.00,0.99,-999.00,-999.00,-999.00,-999.00,-999.00,-999.00,-999.00,-999.00,-999,2.00,-999,-999.00,-999.00,-999.00,196;1297;1658;2151;2622;2655,-999.00,-999.00,-999.00,-999.00,2413306.66,24.00,-8.78,7.61,119.26,80.13,99.70,1,155.81,4.00,0.12,196.41,243.68,1388.28,1619.63
Chiroptera,Vespertilionidae,Myotis,hermani,myotis hermani,-999.00,-999.00,-999.00,-999.00,-999.00,-999.00,-999.00,-999.00,-999.00,-999.00,-999.00,-999.00,-999.00,-999.00,-999.00,-999.00,-999.00,-999.00,-999.00,-999.00,-999.00,-999.00,-999.00,-999.00,-999,-999.00,-999,-999.00,-999.00,-999.00,-999,-999.00,-999.00,-999.00,-999.00,126.25,5.90,5.76,5.83,95.37,95.21,95.29,96,96.00,96.00,-0.02,-999.00,-999.00,-999.00,-999.00
Chiroptera,Vespertilionidae,Myotis,horsfieldii,myotis horsfieldii,-999.00,6.05,38.31,-999.00,-999.00,-999.00,-999.00,-999.00,-999.00,-999.00,-999.00,1.00,-999.00,-999.00,-999.00,-999.00,-999.00,-999.00,-999.00,-999.00,-999.00,-999.00,-999.00,-999.00,-999,2.00,-999,-999.00,-999.00,-999.00,76;196;1439;1658;2151;2655,-999.00,-999.00,-999.00,-999.00,1457245.69,26.68,-8.96,8.85,125.15,72.82,98.99,1,206.87,4.00,0.13,193.27,245.85,1301.58,1633.73
Chiroptera,Vespertilionidae,Myotis,hosonoi,myotis hosonoi,-999.00,-999.00,34.99,-999.00,-999.00,-999.00,-999.00,-999.00,-999.00,-999.00,-999.00,1.00,-999.00,-999.00,-999.00,-999.00,-999.00,-999.00,-999.00,-999.00,-999.00,-999.00,-999.00,-999.00,-999,2.00,-999,-999.00,-999.00,-999.00,1658;2151,6.64,-999.00,-999.00,-999.00,1171.01,39.93,35.38,37.66,141.84,137.89,139.86,93,479.73,93.00,0.01,113.42,70.12,763.88,804.72
Chiroptera,Vespertilionidae,Myotis,ikonnikovi,myotis ikonnikovi,-999.00,-999.00,33.50,-999.00,-999.00,-999.00,-999.00,-999.00,-999.00,-999.00,-999.00,1.00,-999.00,-999.00,-999.00,-999.00,-999.00,-999.00,-999.00,-999.00,-999.00,-999.00,-999.00,-999.00,-999,2.00,-999,-999.00,-999.00,-999.00,1658;2151,5.86,-999.00,-999.00,-999.00,1685813.38,57.22,33.42,45.32,145.82,79.15,112.48,0,82.24,1.00,0.03,44.95,5.44,375.42,587.49
Chiroptera,Vespertilionidae,Myotis,insularum,myotis insularum,-999.00,-999.00,34.00,-999.00,-999.00,-999.00,-999.00,-999.00,-999.00,-999.00,-999.00,1.00,-999.00,-999.00,-999.00,-999.00,-999.00,-999.00,-999.00,-999.00,-999.00,-999.00,-999.00,-999.00,-999,2.00,-999,-999.00,-999.00,-999.00,1658;2151,6.11,-999.00,-999.00,-999.00,1746.15,-13.43,-13.80,-13.61,-172.16,-172.79,-172.48,58,58.00,58.00,0.05,-999.00,-999.00,-999.00,-999.00
Chiroptera,Vespertilionidae,Myotis,keaysi,myotis keaysi,-999.00,5.45,36.50,-999.00,-999.00,-999.00,-999.00,-999.00,-999.00,-999.00,-999.00,1.00,-999.00,-999.00,-999.00,0.98,-999.00,-999.00,-999.00,-999.00,-999.00,-999.00,-999.00,-999.00,-999,2.00,-999,-999.00,-999.00,-999.00,1297;1658;2151;2622;2655,-999.00,-999.00,-999.00,-999.00,3235410.02,23.81,-28.28,-2.23,-59.78,-100.01,-79.90,0,42.94,1.00,0.12,131.91,214.67,1226.60,1534.95
Chiroptera,Vespertilionidae,Myotis,keenii,myotis keenii,-999.00,6.51,36.50,-999.00,-999.00,-999.00,-999.00,-999.00,-999.00,-999.00,-999.00,1.00,-999.00,-999.00,-999.00,0.99,1.00,222.00,-999.00,-999.00,-999.00,-999.00,-999.00,-999.00,-999,2.00,-999,38.93,-999.00,-999.00,1297;1658;1693;2143;2151;2215;2622;2655,-999.00,-999.00,-999.00,-999.00,398644.38,57.51,46.00,51.75,-119.46,-131.08,-125.27,0,19.84,0.00,0.08,78.44,19.62,372.04,485.48
Chiroptera,Vespertilionidae,Myotis,laniger,myotis laniger,-999.00,-999.00,-999.00,-999.00,-999.00,-999.00,-999.00,-999.00,-999.00,-999.00,-999.00,-999.00,-999.00,-999.00,-999.00,-999.00,-999.00,-999.00,-999.00,-999.00,-999.00,-999.00,-999.00,-999.00,-999,-999.00,-999,-999.00,-999.00,-999.00,-999,-999.00,-999.00,-999.00,-999.00,920362.79,31.21,18.16,24.69,117.95,91.45,104.70,1,177.28,2.00,0.08,148.27,154.90,1078.23,1239.13
Chiroptera,Vespertilionidae,Myotis,leibii,myotis leibii,-999.00,5.22,32.49,-999.00,-999.00,-999.00,-999.00,-999.00,-999.00,-999.00,-999.00,1.00,-999.00,-999.00,-999.00,0.99,1.00,-999.00,-999.00,-999.00,-999.00,-999.00,-999.00,-999.00,-999,2.00,-999,-999.00,-999.00,-999.00,1297;1658;2143;2151;2622;2655,-999.00,-999.00,-999.00,-999.00,1424872.30,48.09,33.69,40.89,-66.95,-95.02,-80.99,0,88.62,1.00,0.04,84.65,107.68,736.61,812.13
Chiroptera,Vespertilionidae,Myotis,levis,myotis levis,-999.00,5.49,38.00,-999.00,-999.00,-999.00,-999.00,-999.00,-999.00,-999.00,-999.00,1.00,-999.00,-999.00,-999.00,-999.00,-999.00,-999.00,-999.00,-999.00,-999.00,-999.00,-999.00,-999.00,-999,2.00,-999,-999.00,-999.00,-999.00,1658;2151;2622;2655,-999.00,-999.00,-999.00,-999.00,3055141.25,-16.49,-41.16,-28.83,-44.41,-71.48,-57.95,0,33.80,0.00,0.07,78.24,154.51,820.74,1108.15
Chiroptera,Vespertilionidae,Myotis,longipes,myotis longipes,-999.00,-999.00,35.99,-999.00,-999.00,-999.00,-999.00,-999.00,-999.00,-999.00,-999.00,1.00,-999.00,-999.00,-999.00,-999.00,-999.00,-999.00,-999.00,-999.00,-999.00,-999.00,-999.00,-999.00,-999,2.00,-999,-999.00,-999.00,-999.00,1658;2151,7.20,-999.00,-999.00,-999.00,402070.40,35.34,25.02,30.18,90.63,68.50,79.56,0,219.35,1.00,0.11,94.68,100.93,766.43,1141.24
Chiroptera,Vespertilionidae,Myotis,lucifugus,myotis lucifugus,-999.00,7.80,37.76,52.70,0.50,730.00,9.29,6.50,1.00,-999.00,59.79,1.00,-999.00,-999.00,-999.00,1.00,1.00,408.00,2.18,30.00,-999.00,37500.00,280.60,-999.00,-999,2.00,3,26.00,6.79,48.99,43;185;196;488;499;520;543;657;711;755;867;924;937;938;950;1161;1297;1334;1384;1388;1536;1658;1697;1704;1705;1706;1707;1710;1822;20252143;2151;2161;2164;2215;2567;2568;2655;2673;2712;2719;2750;2879;3023;3047,-999.00,-999.00,-999.00,-999.00,-999.00,-999.00,-999.00,-999.00,-999.00,-999.00,-999.00,-999,-999.00,-999.00,-999.00,-999.00,-999.00,-999.00,-999.00
Chiroptera,Vespertilionidae,Myotis,macrodactylus,myotis macrodactylus,-999.00,7.48,38.36,-999.00,-999.00,-999.00,-999.00,-999.00,-999.00,-999.00,-999.00,1.00,-999.00,-999.00,-999.00,1.00,-999.00,-999.00,1.72,-999.00,-999.00,-999.00,-999.00,-999.00,-999,2.00,-999,-999.00,-999.00,-999.00,1297;1658;1705;2151;2655,-999.00,-999.00,-999.00,-999.00,517296.29,45.72,30.22,37.97,145.82,127.02,136.42,2,252.09,12.00,0.01,104.45,63.85,662.46,709.48
Chiroptera,Vespertilionidae,Myotis,macropus,myotis macropus,-999.00,-999.00,-999.00,-999.00,-999.00,-999.00,-999.00,-999.00,-999.00,-999.00,-999.00,-999.00,-999.00,-999.00,-999.00,-999.00,-999.00,-999.00,-999.00,-999.00,-999.00,-999.00,-999.00,-999.00,-999,-999.00,-999,-999.00,-999.00,-999.00,-999,-999.00,-999.00,-999.00,-999.00,792461.60,-10.69,-39.13,-24.91,153.63,139.27,146.45,0,18.48,0.00,0.05,72.45,178.12,746.25,1280.63
Chiroptera,Vespertilionidae,Myotis,macrotarsus,myotis macrotarsus,-999.00,12.64,47.00,-999.00,-999.00,-999.00,-999.00,-999.00,-999.00,-999.00,-999.00,1.00,-999.00,-999.00,-999.00,-999.00,-999.00,-999.00,-999.00,-999.00,-999.00,-999.00,-999.00,-999.00,-999,2.00,-999,-999.00,-999.00,-999.00,1439;1658;2151;2655,-999.00,-999.00,-999.00,-999.00,237568.76,18.65,4.44,11.54,126.60,117.17,121.88,19,210.89,29.00,0.11,202.61,241.04,1473.97,1733.49
Chiroptera,Vespertilionidae,Myotis,martiniquensis,myotis martiniquensis,-999.00,-999.00,36.50,-999.00,-999.00,-999.00,-999.00,-999.00,-999.00,-999.00,-999.00,1.00,-999.00,-999.00,-999.00,-999.00,-999.00,-999.00,-999.00,-999.00,-999.00,-999.00,-999.00,-999.00,-999,2.00,-999,-999.00,-999.00,-999.00,1658;2151,7.49,-999.00,-999.00,-999.00,1587.98,14.87,13.03,13.95,-59.42,-61.23,-60.32,289,412.82,289.00,0.04,-999.00,-999.00,-999.00,-999.00
Chiroptera,Vespertilionidae,Myotis,melanorhinus,myotis melanorhinus,-999.00,-999.00,-999.00,-999.00,-999.00,-999.00,-999.00,-999.00,-999.00,-999.00,-999.00,-999.00,-999.00,-999.00,-999.00,-999.00,-999.00,-999.00,-999.00,-999.00,-999.00,-999.00,-999.00,-999.00,-999,-999.00,-999,-999.00,-999.00,-999.00,-999,-999.00,-999.00,-999.00,-999.00,4297565.61,54.42,20.18,37.30,-97.77,-123.62,-110.70,0,16.88,0.00,0.09,31.60,98.20,414.20,920.09
Chiroptera,Vespertilionidae,Myotis,moluccarum,myotis moluccarum,-999.00,-999.00,-999.00,-999.00,-999.00,-999.00,-999.00,-999.00,-999.00,-999.00,-999.00,-999.00,-999.00,-999.00,-999.00,-999.00,-999.00,-999.00,-999.00,-999.00,-999.00,-999.00,-999.00,-999.00,-999,-999.00,-999,-999.00,-999.00,-999.00,-999,-999.00,-999.00,-999.00,-999.00,1176019.19,4.54,-18.27,-6.86,167.83,118.75,143.29,0,22.37,0.00,0.11,171.63,250.17,1222.31,1741.88
Chiroptera,Vespertilionidae,Myotis,montivagus,myotis montivagus,-999.00,8.30,43.00,-999.00,-999.00,-999.00,-999.00,-999.00,-999.00,-999.00,-999.00,1.00,-999.00,-999.00,-999.00,-999.00,-999.00,-999.00,-999.00,-999.00,-999.00,-999.00,-999.00,-999.00,-999,2.00,-999,-999.00,-999.00,-999.00,196;1658;2151;2655,-999.00,-999.00,-999.00,-999.00,946712.09,28.56,4.23,16.40,116.48,74.44,95.46,0,107.07,4.00,0.08,133.67,177.83,1086.03,1340.70
Chiroptera,Vespertilionidae,Myotis,morrisi,myotis morrisi,-999.00,-999.00,45.50,-999.00,-999.00,-999.00,-999.00,-999.00,-999.00,-999.00,-999.00,1.00,-999.00,-999.00,-999.00,-999.00,-999.00,-999.00,-999.00,-999.00,-999.00,-999.00,-999.00,-999.00,-999,2.00,-999,-999.00,-999.00,-999.00,1658;2151,14.09,-999.00,-999.00,-999.00,186988.69,10.97,6.73,8.85,37.60,6.06,21.83,6,74.39,21.00,0.14,115.66,231.30,1030.89,1518.30
Chiroptera,Vespertilionidae,Myotis,muricola,myotis muricola,-999.00,4.80,34.69,-999.00,-999.00,-999.00,-999.00,-999.00,1.00,-999.00,-999.00,1.00,-999.00,-999.00,-999.00,1.00,-999.00,-999.00,-999.00,-999.00,-999.00,-999.00,-999.00,-999.00,-999,2.00,3,-999.00,-999.00,-999.00,196;1297;1439;1621;1658;2151;2655;2719,-999.00,-999.00,-999.00,-999.00,6272844.55,36.45,-10.32,13.06,128.34,69.25,98.80,0,186.32,4.00,0.10,162.57,195.77,1152.57,1414.46
Chiroptera,Vespertilionidae,Myotis,myotis,myotis myotis,-999.00,25.59,63.90,72.00,-999.00,730.00,-999.00,-999.00,1.00,-999.00,73.00,1.00,-999.00,-999.00,-999.00,1.50,1.00,264.00,6.00,37.54,-999.00,-999.00,399.60,-999.00,-999,2.00,3,41.99,23.10,-999.00,107;109;110;196;543;762;892;1015;1297;1536;1658;1668;1704;1784;1871;1910;2037;2143;2151;2295;2352;2470;2622;2633;2655;2719;3014,-999.00,-999.00,-999.00,-999.00,3731149.73,58.87,36.01,47.44,34.16,-9.49,12.33,3,135.16,15.00,5.12032889099846e-03,58.21,91.02,504.81,658.57
Chiroptera,Vespertilionidae,Myotis,mystacinus,myotis mystacinus,-999.00,-999.00,-999.00,-999.00,-999.00,-999.00,-999.00,-999.00,-999.00,-999.00,-999.00,-999.00,-999.00,-999.00,-999.00,-999.00,-999.00,-999.00,-999.00,-999.00,-999.00,-999.00,-999.00,-999.00,-999,-999.00,-999,-999.00,-999.00,-999.00,-999,-999.00,-999.00,-999.00,-999.00,-999.00,-999.00,-999.00,-999.00,-999.00,-999.00,-999.00,-999,-999.00,-999.00,-999.00,-999.00,-999.00,-999.00,-999.00
Chiroptera,Vespertilionidae,Myotis,nattereri,myotis nattereri,-999.00,7.25,39.35,-999.00,-999.00,-999.00,-999.00,-999.00,1.00,-999.00,-999.00,1.00,-999.00,-999.00,-999.00,0.99,1.00,180.00,-999.00,-999.00,-999.00,-999.00,-999.00,-999.00,-999,2.00,3,60.41,-999.00,-999.00,107;196;543;1297;1658;1668;1705;2143;2151;2295;2350;2622;2655;2719,-999.00,-999.00,-999.00,-999.00,4811054.08,61.85,30.25,46.05,68.43,-10.47,28.97,0,124.35,10.00,0.01,53.52,83.23,461.22,637.45
Chiroptera,Vespertilionidae,Myotis,nesopolus,myotis nesopolus,-999.00,3.56,31.50,-999.00,-999.00,-999.00,-999.00,-999.00,-999.00,-999.00,-999.00,1.00,-999.00,-999.00,-999.00,-999.00,-999.00,-999.00,-999.00,-999.00,-999.00,-999.00,-999.00,-999.00,-999,2.00,-999,-999.00,-999.00,-999.00,1658;2151;2622;2655,-999.00,-999.00,-999.00,-999.00,53573.46,12.46,9.71,11.08,-69.64,-72.89,-71.26,6,53.06,7.00,0.14,47.93,259.02,1181.14,1931.68
Chiroptera,Vespertilionidae,Myotis,nigricans,myotis nigricans,-999.00,-999.00,-999.00,-999.00,-999.00,-999.00,-999.00,-999.00,-999.00,-999.00,-999.00,-999.00,-999.00,-999.00,-999.00,-999.00,-999.00,-999.00,-999.00,-999.00,-999.00,-999.00,-999.00,-999.00,-999,-999.00,-999,-999.00,-999.00,-999.00,-999,-999.00,-999.00,-999.00,-999.00,14531338.92,24.12,-29.99,-2.93,-34.79,-100.44,-67.62,0,26.44,0.00,0.11,145.55,234.83,1263.31,1511.65
Chiroptera,Vespertilionidae,Myotis,nipalensis,myotis nipalensis,-999.00,-999.00,-999.00,-999.00,-999.00,-999.00,-999.00,-999.00,-999.00,-999.00,-999.00,-999.00,-999.00,-999.00,-999.00,-999.00,-999.00,-999.00,-999.00,-999.00,-999.00,-999.00,-999.00,-999.00,-999,-999.00,-999,-999.00,-999.00,-999.00,-999,-999.00,-999.00,-999.00,-999.00,-999.00,-999.00,-999.00,-999.00,-999.00,-999.00,-999.00,-999,-999.00,-999.00,-999.00,-999.00,-999.00,-999.00,-999.00
Chiroptera,Vespertilionidae,Myotis,occultus,myotis occultus,-999.00,8.79,-999.00,-999.00,-999.00,-999.00,-999.00,-999.00,-999.00,-999.00,-999.00,-999.00,-999.00,-999.00,-999.00,-999.00,-999.00,-999.00,-999.00,-999.00,-999.00,-999.00,-999.00,-999.00,-999,-999.00,-999,-999.00,-999.00,-999.00,2143,-999.00,-999.00,-999.00,-999.00,-999.00,-999.00,-999.00,-999.00,-999.00,-999.00,-999.00,-999,-999.00,-999.00,-999.00,-999.00,-999.00,-999.00,-999.00
Chiroptera,Vespertilionidae,Myotis,oreias,myotis oreias,-999.00,-999.00,38.00,-999.00,-999.00,-999.00,-999.00,-999.00,-999.00,-999.00,-999.00,1.00,-999.00,-999.00,-999.00,-999.00,-999.00,-999.00,-999.00,-999.00,-999.00,-999.00,-999.00,-999.00,-999,2.00,-999,-999.00,-999.00,-999.00,1658;2151,8.41,-999.00,-999.00,-999.00,557.11,1.47,1.25,1.36,104.00,103.63,103.82,185,1533.00,185.00,0.08,197.00,270.50,-999.00,-999.00
Chiroptera,Vespertilionidae,Myotis,oxygnathus,myotis oxygnathus,-999.00,21.23,-999.00,-999.00,-999.00,-999.00,-999.00,-999.00,-999.00,-999.00,-999.00,-999.00,-999.00,-999.00,-999.00,-999.00,-999.00,-999.00,-999.00,-999.00,-999.00,-999.00,-999.00,-999.00,-999,-999.00,-999,-999.00,-999.00,-999.00,2143,-999.00,-999.00,-999.00,-999.00,2492979.74,50.80,33.35,42.08,70.58,-7.68,31.45,0,112.20,11.00,0.03,52.89,94.78,482.76,795.65
Chiroptera,Vespertilionidae,Myotis,oxyotus,myotis oxyotus,-999.00,5.65,40.00,-999.00,-999.00,-999.00,-999.00,-999.00,-999.00,-999.00,-999.00,1.00,-999.00,-999.00,-999.00,0.98,-999.00,-999.00,-999.00,-999.00,-999.00,-999.00,-999.00,-999.00,-999,2.00,-999,-999.00,-999.00,-999.00,1297;1658;2151;2622;2655,-999.00,-999.00,-999.00,-999.00,2445705.56,12.46,-17.52,-2.53,-60.87,-85.30,-73.08,0,45.35,0.00,0.11,138.49,207.37,1248.86,1554.32
Chiroptera,Vespertilionidae,Myotis,ozensis,myotis ozensis,-999.00,-999.00,33.50,-999.00,-999.00,-999.00,-999.00,-999.00,-999.00,-999.00,-999.00,1.00,-999.00,-999.00,-999.00,-999.00,-999.00,-999.00,-999.00,-999.00,-999.00,-999.00,-999.00,-999.00,-999,2.00,-999,-999.00,-999.00,-999.00,1658;2151,5.86,-999.00,-999.00,-999.00,74.31,36.95,36.85,36.90,139.36,139.26,139.31,301,301.00,301.00,0.02,164.00,54.00,807.00,807.00
Chiroptera,Vespertilionidae,Myotis,peninsularis,myotis peninsularis,-999.00,-999.00,38.99,-999.00,-999.00,-999.00,-999.00,-999.00,-999.00,-999.00,-999.00,1.00,-999.00,-999.00,-999.00,-999.00,-999.00,-999.00,-999.00,-999.00,-999.00,-999.00,-999.00,-999.00,-999,2.00,-999,-999.00,-999.00,-999.00,1658;2151,9.05,-999.00,-999.00,-999.00,13115.08,24.50,22.86,23.68,-109.39,-111.16,-110.28,10,12.27,10.00,0.10,17.63,205.82,-999.00,-999.00
Chiroptera,Vespertilionidae,Myotis,pequinius,myotis pequinius,-999.00,-999.00,48.99,-999.00,-999.00,-999.00,-999.00,-999.00,-999.00,-999.00,-999.00,1.00,-999.00,-999.00,-999.00,-999.00,-999.00,-999.00,-999.00,-999.00,-999.00,-999.00,-999.00,-999.00,-999,2.00,-999,-999.00,-999.00,-999.00,1658;2151,17.41,-999.00,-999.00,-999.00,273300.51,41.45,30.94,36.20,122.70,114.55,118.62,44,530.05,101.00,0.04,54.68,114.57,692.59,873.25
Chiroptera,Vespertilionidae,Myotis,planiceps,myotis planiceps,-999.00,-999.00,26.50,-999.00,-999.00,-999.00,-999.00,-999.00,-999.00,-999.00,-999.00,1.00,-999.00,-999.00,-999.00,-999.00,-999.00,-999.00,-999.00,-999.00,-999.00,-999.00,-999.00,-999.00,-999,2.00,-999,-999.00,-999.00,-999.00,1658;2151,2.99,-999.00,-999.00,-999.00,27602.56,25.52,23.46,24.49,-100.34,-101.99,-101.17,2,14.96,2.00,0.06,20.79,159.37,528.78,992.22
Chiroptera,Vespertilionidae,Myotis,pruinosus,myotis pruinosus,-999.00,-999.00,31.50,-999.00,-999.00,-999.00,-999.00,-999.00,-999.00,-999.00,-999.00,1.00,-999.00,-999.00,-999.00,-999.00,-999.00,-999.00,-999.00,-999.00,-999.00,-999.00,-999.00,-999.00,-999,2.00,-999,-999.00,-999.00,-999.00,1658;2151,4.91,-999.00,-999.00,-999.00,264536.02,41.54,30.98,36.26,142.07,129.55,135.81,74,396.59,100.00,0.01,143.02,104.30,784.99,830.18
Chiroptera,Vespertilionidae,Myotis,punicus,myotis punicus,-999.00,-999.00,-999.00,-999.00,-999.00,-999.00,-999.00,-999.00,-999.00,-999.00,-999.00,-999.00,-999.00,-999.00,-999.00,-999.00,-999.00,-999.00,-999.00,-999.00,-999.00,-999.00,-999.00,-999.00,-999,-999.00,-999,-999.00,-999.00,-999.00,-999,-999.00,-999.00,-999.00,-999.00,503619.95,37.34,31.46,34.40,14.57,-8.85,2.86,3,141.27,5.00,0.10,34.26,154.18,394.64,1163.17
Chiroptera,Vespertilionidae,Myotis,ricketti,myotis ricketti,-999.00,-999.00,56.49,-999.00,-999.00,-999.00,-999.00,-999.00,-999.00,-999.00,-999.00,1.00,-999.00,-999.00,-999.00,-999.00,-999.00,-999.00,-999.00,-999.00,-999.00,-999.00,-999.00,-999.00,-999,2.00,-999,-999.00,-999.00,-999.00,1658;2151,26.19,-999.00,-999.00,-999.00,796233.64,37.81,21.66,29.74,121.66,98.79,110.23,45,374.84,100.50,0.06,106.94,150.94,1000.20,1099.26
Chiroptera,Vespertilionidae,Myotis,ridleyi,myotis ridleyi,-999.00,4.06,30.00,-999.00,-999.00,-999.00,-999.00,-999.00,-999.00,-999.00,-999.00,1.00,-999.00,-999.00,-999.00,-999.00,-999.00,-999.00,-999.00,-999.00,-999.00,-999.00,-999.00,-999.00,-999,2.00,-999,-999.00,-999.00,-999.00,1658;2151;2622;2655,-999.00,-999.00,-999.00,-999.00,184038.87,7.03,2.34,4.68,119.26,96.28,107.77,3,76.55,4.00,0.19,219.81,247.19,1665.88,1793.13
Chiroptera,Vespertilionidae,Myotis,riparius,myotis riparius,-999.00,4.57,34.99,-999.00,-999.00,-999.00,-999.00,-999.00,1.00,-999.00,-999.00,1.00,-999.00,-999.00,-999.00,0.98,-999.00,-999.00,-999.00,-999.00,-999.00,-999.00,-999.00,-999.00,-999,2.00,3,-999.00,-999.00,-999.00,196;1297;1658;2151;2622;2655;2752,-999.00,-999.00,-999.00,-999.00,14273179.55,15.88,-34.94,-9.52,-34.79,-86.84,-60.81,0,24.54,0.00,0.11,146.96,233.61,1267.62,1501.42
Artiodactyla,Bovidae,Nanger,dama,nanger dama,3.00,71424.81,-999.00,1462.78,-999.00,-999.00,-999.00,-999.00,1.00,-999.00,194.93,1.00,-999.00,-999.00,182.50,1.00,-999.00,207.96,-999.00,-999.00,0.18,12.50,109.36,1.00,-999,1.00,1,-999.00,-999.00,-999.00,869;899;1297;1525;1848;2655;2693,-999.00,1.56,-999.00,-999.00,1593778.59,28.23,12.21,20.22,33.87,-9.02,12.42,0,5.49,0.00,0.05,14.97,271.89,263.81,1507.48
Artiodactyla,Bovidae,Nanger,granti,nanger granti,2.00,55464.46,-999.00,1529.99,-999.00,-999.00,-999.00,-999.00,2.00,-999.00,191.21,1.00,-999.00,-999.00,-999.00,1.00,-999.00,152.04,5215.17,-999.00,3.92,40.00,249.81,-999.00,-999,1.00,1,-999.00,-999.00,-999.00,730;869;917;1052;1297;1525;1848;2655;2693;2986,-999.00,-999.00,-999.00,-999.00,963156.39,8.32,-7.75,0.28,42.35,33.54,37.94,1,40.52,1.00,0.12,58.07,231.78,853.79,1545.15
Artiodactyla,Bovidae,Nanger,soemmerringii,nanger soemmerringii,3.00,41582.93,-999.00,1360.00,-999.00,802.23,-999.00,-999.00,-999.00,-999.00,192.53,1.00,-999.00,-999.00,-999.00,1.00,-999.00,186.00,-999.00,-999.00,5.47,-999.00,413.84,-999.00,-999,1.00,-999,-999.00,-999.00,-999.00,543;869;1297;1525;1848;2655;2693,-999.00,-999.00,-999.00,-999.00,1089492.28,18.79,0.83,9.81,51.14,33.73,42.44,1,23.84,3.00,0.09,33.87,247.71,467.55,1672.35
Rodentia,Sciuridae,Nannosciurus,melanotis,nannosciurus melanotis,3.00,-999.00,-999.00,95.00,-999.00,-999.00,-999.00,-999.00,-999.00,-999.00,-999.00,-999.00,-999.00,-999.00,-999.00,-999.00,-999.00,-999.00,-999.00,-999.00,-999.00,-999.00,-999.00,-999.00,-999,-999.00,-999,-999.00,-999.00,-999.00,2152,26.76,-999.00,-999.00,-999.00,1066340.99,5.65,-8.78,-1.56,116.73,95.18,105.96,1,169.20,4.00,0.12,238.78,247.99,1659.23,1720.99
Chiroptera,Pteropodidae,Nanonycteris,veldkampii,nanonycteris veldkampii,-999.00,21.89,48.00,-999.00,-999.00,-999.00,-999.00,-999.00,-999.00,-999.00,-999.00,1.00,-999.00,-999.00,-999.00,0.98,-999.00,-999.00,-999.00,-999.00,-999.00,-999.00,-999.00,-999.00,-999,2.00,-999,-999.00,-999.00,-999.00,258;1297;1658;2151;2622;2655,-999.00,-999.00,-999.00,-999.00,1388474.86,10.81,3.52,7.16,19.11,-12.49,3.30,3,87.79,8.00,0.11,140.81,259.24,1164.08,1580.71
Rodentia,Dipodidae,Napaeozapus,insignis,napaeozapus insignis,1.00,22.25,-999.00,89.73,26.00,-999.00,39.60,22.00,5.00,-999.00,22.73,2.00,0.01,0.01,-999.00,4.50,1.25,48.00,0.93,30.00,667.18,-999.00,420.91,-999.00,8,1.00,2,34.99,8.90,-999.00,543;1297;1822;1849;2151;2655;2943;3004,-999.00,-999.00,-999.00,-999.00,2009406.44,54.23,34.57,44.40,-55.61,-96.83,-76.22,0,36.23,0.00,0.02,70.31,40.16,537.46,577.95
Primates,Cercopithecidae,Nasalis,larvatus,nasalis larvatus,3.00,12265.65,-999.00,647.49,-999.00,1642.50,-999.00,-999.00,4.00,-999.00,165.04,2.00,1.40,-999.00,547.50,1.02,-999.00,252.00,450.00,-999.00,8.99,14.45,1894.11,11.25,-999,2.00,1,211.75,2000.00,-999.00,208;543;730;741;899;1297;1347;1544;1547;1577;1767;1768;1848;2151;2344;2493;2655;2660;2986;3101,-999.00,0.89,-999.00,-999.00,574819.55,7.03,-4.18,1.42,119.26,108.83,114.05,2,29.67,4.00,0.18,257.08,250.21,1684.01,1720.98
Carnivora,Procyonidae,Nasua,narica,nasua narica,2.00,4578.43,-999.00,549.58,5.00,-999.00,2305.80,4460.00,6.00,365.00,76.82,1.00,0.78,0.83,365.00,4.00,-999.00,212.00,140.00,-999.00,6.07,-999.00,1009.04,-999.00,-999,1.00,2,132.63,-999.00,-999.00,367;730;890;1015;1113;1573;2151;2655,-999.00,1.10,-999.00,-999.00,2329129.95,35.33,7.19,21.26,-76.79,-113.87,-95.33,0,46.82,1.00,0.13,86.19,205.61,843.68,1399.09
Carnivora,Procyonidae,Nasua,nasua,nasua nasua,3.00,3775.50,-999.00,527.63,8.00,-999.00,1054.97,3780.00,6.00,-999.00,75.06,2.00,0.79,0.95,365.00,3.69,-999.00,212.40,144.91,-999.00,15.42,-999.00,841.82,-999.00,-999,2.00,2,113.15,-999.00,-999.00,367;543;730;1113;1297;1822;2151;2431;2655,-999.00,1.10,-999.00,-999.00,10694990.22,9.38,-32.48,-11.55,-39.91,-77.82,-58.87,0,15.03,0.00,0.11,156.33,239.16,1316.05,1510.34
Carnivora,Procyonidae,Nasuella,olivacea,nasuella olivacea,2.00,1339.99,-999.00,387.34,-999.00,-999.00,-999.00,-999.00,6.00,-999.00,-999.00,1.00,-999.00,-999.00,-999.00,-999.00,-999.00,-999.00,-999.00,-999.00,-999.00,-999.00,-999.00,-999.00,-999,1.00,2,-999.00,-999.00,-999.00,1113;2151;2655,-999.00,-999.00,-999.00,-999.00,111926.53,9.22,-1.39,3.91,-70.09,-78.51,-74.30,2,79.90,6.00,0.09,118.71,177.03,1429.45,1509.97
Chiroptera,Natalidae,Natalus,jamaicensis,natalus jamaicensis,-999.00,-999.00,-999.00,-999.00,-999.00,-999.00,-999.00,-999.00,-999.00,-999.00,-999.00,-999.00,-999.00,-999.00,-999.00,-999.00,-999.00,-999.00,-999.00,-999.00,-999.00,-999.00,-999.00,-999.00,-999,-999.00,-999,-999.00,-999.00,-999.00,-999,-999.00,-999.00,-999.00,-999.00,11081.39,18.52,17.70,18.11,-76.18,-78.36,-77.27,96,222.21,96.00,0.04,172.66,240.33,-999.00,-999.00
Chiroptera,Natalidae,Natalus,major,natalus major,-999.00,-999.00,-999.00,-999.00,-999.00,-999.00,-999.00,-999.00,-999.00,-999.00,-999.00,-999.00,-999.00,-999.00,-999.00,-999.00,-999.00,-999.00,-999.00,-999.00,-999.00,-999.00,-999.00,-999.00,-999,-999.00,-999,-999.00,-999.00,-999.00,-999,-999.00,-999.00,-999.00,-999.00,74512.66,19.95,17.60,18.77,-68.31,-74.47,-71.39,10,214.83,38.00,0.08,104.89,239.05,1406.39,1578.86
Chiroptera,Natalidae,Natalus,primus,natalus primus,-999.00,-999.00,-999.00,-999.00,-999.00,-999.00,-999.00,-999.00,-999.00,-999.00,-999.00,-999.00,-999.00,-999.00,-999.00,-999.00,-999.00,-999.00,-999.00,-999.00,-999.00,-999.00,-999.00,-999.00,-999,-999.00,-999,-999.00,-999.00,-999.00,-999,-999.00,-999.00,-999.00,-999.00,79953.26,23.15,19.82,21.49,-74.13,-83.19,-78.66,16,77.34,23.00,0.02,97.62,251.38,1271.00,1782.03
Chiroptera,Natalidae,Natalus,stramineus,natalus stramineus,-999.00,5.68,38.86,-999.00,17.00,-999.00,-999.00,-999.00,1.00,-999.00,244.85,1.00,-999.00,-999.00,-999.00,0.99,1.00,57.96,1.83,-999.00,-999.00,-999.00,-999.00,-999.00,-999,2.00,3,50.53,4.14,-999.00,465;657;889;1297;1658;2040;2143;2151;2655;2750,-999.00,-999.00,-999.00,-999.00,3998095.40,30.42,-22.96,3.72,-34.79,-112.03,-73.41,0,48.80,1.00,0.10,120.63,230.73,1097.42,1522.72
Chiroptera,Natalidae,Natalus,tumidirostris,natalus tumidirostris,-999.00,6.30,38.49,-999.00,-999.00,-999.00,8.31,5.40,1.00,-999.00,-999.00,1.00,-999.00,-999.00,-999.00,-999.00,-999.00,-999.00,-999.00,-999.00,-999.00,-999.00,-999.00,-999.00,-999,2.00,3,-999.00,-999.00,-999.00,196;889;1084;1658;2151;2622;2655;2719,-999.00,-999.00,-999.00,-999.00,1541215.06,12.46,1.18,6.82,-51.64,-76.92,-64.28,0,34.18,0.00,0.11,132.59,247.02,1426.25,1698.19
Rodentia,Cricetidae,Neacomys,dubosti,neacomys dubosti,-999.00,-999.00,-999.00,-999.00,-999.00,-999.00,-999.00,-999.00,-999.00,-999.00,-999.00,-999.00,-999.00,-999.00,-999.00,-999.00,-999.00,-999.00,-999.00,-999.00,-999.00,-999.00,-999.00,-999.00,-999,-999.00,-999,-999.00,-999.00,-999.00,-999,-999.00,-999.00,-999.00,-999.00,-999.00,-999.00,-999.00,-999.00,-999.00,-999.00,-999.00,-999,-999.00,-999.00,-999.00,-999.00,-999.00,-999.00,-999.00
Rodentia,Cricetidae,Neacomys,guianae,neacomys guianae,-999.00,15.87,-999.00,-999.00,-999.00,-999.00,-999.00,-999.00,3.00,-999.00,-999.00,1.00,-999.00,-999.00,-999.00,-999.00,-999.00,-999.00,-999.00,-999.00,27.45,-999.00,-999.00,1.00,-999,1.00,2,-999.00,-999.00,-999.00,730;905;2151;2655,-999.00,-999.00,-999.00,-999.00,490417.65,6.89,-1.13,2.88,-49.87,-60.05,-54.96,0,3.44,0.00,0.08,175.32,253.12,1478.99,1713.65
Rodentia,Cricetidae,Neacomys,minutus,neacomys minutus,-999.00,-999.00,-999.00,-999.00,-999.00,-999.00,-999.00,-999.00,-999.00,-999.00,-999.00,-999.00,-999.00,-999.00,-999.00,-999.00,-999.00,-999.00,-999.00,-999.00,-999.00,-999.00,-999.00,-999.00,-999,-999.00,-999,-999.00,-999.00,-999.00,-999,-999.00,-999.00,-999.00,-999.00,-999.00,-999.00,-999.00,-999.00,-999.00,-999.00,-999.00,-999,-999.00,-999.00,-999.00,-999.00,-999.00,-999.00,-999.00
Rodentia,Cricetidae,Neacomys,musseri,neacomys musseri,-999.00,-999.00,-999.00,-999.00,-999.00,-999.00,-999.00,-999.00,-999.00,-999.00,-999.00,-999.00,-999.00,-999.00,-999.00,-999.00,-999.00,-999.00,-999.00,-999.00,-999.00,-999.00,-999.00,-999.00,-999,-999.00,-999,-999.00,-999.00,-999.00,-999,-999.00,-999.00,-999.00,-999.00,-999.00,-999.00,-999.00,-999.00,-999.00,-999.00,-999.00,-999,-999.00,-999.00,-999.00,-999.00,-999.00,-999.00,-999.00
Rodentia,Cricetidae,Neacomys,paracou,neacomys paracou,-999.00,-999.00,-999.00,-999.00,-999.00,-999.00,-999.00,-999.00,-999.00,-999.00,-999.00,-999.00,-999.00,-999.00,-999.00,-999.00,-999.00,-999.00,-999.00,-999.00,-999.00,-999.00,-999.00,-999.00,-999,-999.00,-999,-999.00,-999.00,-999.00,-999,-999.00,-999.00,-999.00,-999.00,-999.00,-999.00,-999.00,-999.00,-999.00,-999.00,-999.00,-999,-999.00,-999.00,-999.00,-999.00,-999.00,-999.00,-999.00
Rodentia,Cricetidae,Neacomys,pictus,neacomys pictus,1.00,-999.00,-999.00,-999.00,-999.00,-999.00,-999.00,-999.00,3.00,-999.00,-999.00,1.00,-999.00,-999.00,-999.00,-999.00,-999.00,-999.00,-999.00,-999.00,-999.00,-999.00,-999.00,-999.00,-999,1.00,2,-999.00,-999.00,-999.00,2151,-999.00,-999.00,-999.00,-999.00,3247.73,8.34,7.69,8.01,-77.25,-77.96,-77.60,3,4.99,3.00,0.00,199.01,244.74,1541.75,1732.69
Rodentia,Cricetidae,Neacomys,spinosus,neacomys spinosus,1.00,19.00,-999.00,-999.00,-999.00,-999.00,-999.00,-999.00,3.00,-999.00,-999.00,1.00,-999.00,-999.00,-999.00,-999.00,-999.00,-999.00,-999.00,-999.00,-999.00,-999.00,-999.00,1.00,-999,1.00,2,-999.00,-999.00,-999.00,905;2151;2655,-999.00,-999.00,-999.00,-999.00,3572207.77,1.92,-20.25,-9.16,-49.37,-78.67,-64.02,0,3.08,0.00,0.14,182.12,246.77,1406.15,1537.98
Rodentia,Cricetidae,Neacomys,tenuipes,neacomys tenuipes,1.00,19.00,-999.00,-999.00,-999.00,-999.00,-999.00,-999.00,4.00,-999.00,-999.00,1.00,-999.00,-999.00,-999.00,3.94,6.10,-999.00,-999.00,-999.00,273.07,-999.00,31.19,1.00,-999,1.00,2,-999.00,-999.00,-999.00,730;905;1297;2151;2159;2655,-999.00,-999.00,-999.00,-999.00,1180606.56,11.40,-3.19,4.10,-49.87,-77.93,-63.90,0,28.10,0.00,0.12,151.01,247.93,1425.88,1647.20
Afrosoricida,Chrysochloridae,Neamblysomus,gunningi,neamblysomus gunningi,-999.00,-999.00,-999.00,123.77,-999.00,-999.00,-999.00,-999.00,1.00,-999.00,-999.00,1.00,-999.00,-999.00,-999.00,-999.00,-999.00,-999.00,-999.00,-999.00,-999.00,1.00,-999.00,1.00,-999,1.00,3,-999.00,-999.00,-999.00,1848;2131;2629,57.44,-999.00,-999.00,-999.00,87.66,-23.90,-24.00,-23.95,30.96,30.86,30.91,36,47.02,36.00,0.14,67.99,221.00,998.54,1289.53
Afrosoricida,Chrysochloridae,Neamblysomus,julianae,neamblysomus julianae,-999.00,21.99,-999.00,100.84,-999.00,-999.00,-999.00,-999.00,1.00,-999.00,-999.00,1.00,-999.00,-999.00,-999.00,0.96,-999.00,-999.00,-999.00,-999.00,-999.00,1.00,-999.00,1.00,-999,1.00,3,-999.00,-999.00,-999.00,1339;1848;2131;2629;2655,-999.00,-999.00,-999.00,-999.00,13822.31,-24.05,-26.06,-25.06,31.91,27.95,29.93,3,141.28,3.00,0.13,52.63,189.78,765.87,1273.15
Rodentia,Cricetidae,Necromys,amoenus,necromys amoenus,-999.00,27.09,-999.00,-999.00,-999.00,-999.00,-999.00,-999.00,-999.00,-999.00,-999.00,-999.00,-999.00,-999.00,-999.00,-999.00,-999.00,-999.00,-999.00,-999.00,1789.26,-999.00,-999.00,-999.00,-999,-999.00,-999,-999.00,-999.00,-999.00,730;2655,-999.00,-999.00,-999.00,-999.00,252648.91,-12.99,-21.81,-17.40,-63.17,-73.96,-68.57,0,15.77,1.00,0.13,120.69,147.46,1097.14,1443.94
Rodentia,Cricetidae,Necromys,benefactus,necromys benefactus,-999.00,-999.00,-999.00,-999.00,-999.00,-999.00,-999.00,-999.00,-999.00,-999.00,-999.00,-999.00,-999.00,-999.00,-999.00,-999.00,-999.00,-999.00,-999.00,-999.00,-999.00,-999.00,-999.00,-999.00,-999,-999.00,-999,-999.00,-999.00,-999.00,-999,-999.00,-999.00,-999.00,-999.00,-999.00,-999.00,-999.00,-999.00,-999.00,-999.00,-999.00,-999,-999.00,-999.00,-999.00,-999.00,-999.00,-999.00,-999.00
Rodentia,Cricetidae,Necromys,lactens,necromys lactens,-999.00,32.90,-999.00,-999.00,-999.00,-999.00,-999.00,-999.00,-999.00,-999.00,-999.00,-999.00,-999.00,-999.00,-999.00,-999.00,-999.00,-999.00,-999.00,-999.00,-999.00,-999.00,-999.00,-999.00,-999,-999.00,-999,-999.00,-999.00,-999.00,2655,-999.00,-999.00,-999.00,-999.00,151012.56,-16.61,-26.88,-21.74,-63.53,-66.21,-64.87,0,15.14,2.00,0.12,64.92,119.77,806.57,1405.57
Rodentia,Cricetidae,Necromys,lasiurus,necromys lasiurus,3.00,39.93,-999.00,144.99,-999.00,136.87,-999.00,-999.00,2.00,-999.00,21.97,1.00,-999.00,-999.00,-999.00,4.50,-999.00,-999.00,3.57,-999.00,-999.00,-999.00,39.06,-999.00,-999,1.00,2,-999.00,-999.00,-999.00,890;1297;1843;2655,-999.00,-999.00,-999.00,-999.00,-999.00,-999.00,-999.00,-999.00,-999.00,-999.00,-999.00,-999,-999.00,-999.00,-999.00,-999.00,-999.00,-999.00,-999.00
Rodentia,Cricetidae,Necromys,lenguarum,necromys lenguarum,-999.00,-999.00,-999.00,-999.00,-999.00,-999.00,-999.00,-999.00,-999.00,-999.00,-999.00,-999.00,-999.00,-999.00,-999.00,-999.00,-999.00,-999.00,-999.00,-999.00,-999.00,-999.00,-999.00,-999.00,-999,-999.00,-999,-999.00,-999.00,-999.00,-999,-999.00,-999.00,-999.00,-999.00,-999.00,-999.00,-999.00,-999.00,-999.00,-999.00,-999.00,-999,-999.00,-999.00,-999.00,-999.00,-999.00,-999.00,-999.00
Rodentia,Cricetidae,Necromys,obscurus,necromys obscurus,3.00,40.69,-999.00,-999.00,-999.00,-999.00,-999.00,-999.00,3.00,-999.00,-999.00,3.00,-999.00,-999.00,-999.00,4.86,-999.00,-999.00,-999.00,-999.00,-999.00,-999.00,-999.00,-999.00,-999,1.00,2,-999.00,-999.00,-999.00,890;896;1297;2034;2655,-999.00,-999.00,-999.00,-999.00,160780.62,-33.72,-38.40,-36.06,-54.88,-62.60,-58.74,1,93.43,3.00,0.06,75.58,148.15,823.52,951.13
Rodentia,Cricetidae,Nelsonia,goldmani,nelsonia goldmani,-999.00,-999.00,-999.00,-999.00,-999.00,-999.00,-999.00,-999.00,-999.00,-999.00,-999.00,-999.00,-999.00,-999.00,-999.00,-999.00,-999.00,-999.00,-999.00,-999.00,-999.00,-999.00,-999.00,-999.00,-999,-999.00,-999,-999.00,-999.00,-999.00,-999,-999.00,-999.00,-999.00,-999.00,3979.58,19.94,19.05,19.50,-102.04,-102.54,-102.29,24,71.22,24.00,0.05,89.50,203.29,865.00,1394.82
Rodentia,Cricetidae,Nelsonia,neotomodon,nelsonia neotomodon,-999.00,80.00,-999.00,-999.00,-999.00,-999.00,-999.00,-999.00,-999.00,-999.00,-999.00,-999.00,-999.00,-999.00,-999.00,-999.00,-999.00,-999.00,-999.00,-999.00,-999.00,-999.00,-999.00,-999.00,-999,-999.00,-999,-999.00,-999.00,-999.00,2655,-999.00,-999.00,-999.00,-999.00,46169.86,24.21,19.46,21.83,-102.30,-105.90,-104.10,4,28.77,4.00,0.06,54.62,152.67,731.24,1353.48
Rodentia,Cricetidae,Neodon,forresti,neodon forresti,-999.00,-999.00,-999.00,-999.00,-999.00,-999.00,-999.00,-999.00,-999.00,-999.00,-999.00,-999.00,-999.00,-999.00,-999.00,-999.00,-999.00,-999.00,-999.00,-999.00,-999.00,-999.00,-999.00,-999.00,-999,-999.00,-999,-999.00,-999.00,-999.00,-999,-999.00,-999.00,-999.00,-999.00,-999.00,-999.00,-999.00,-999.00,-999.00,-999.00,-999.00,-999,-999.00,-999.00,-999.00,-999.00,-999.00,-999.00,-999.00
Rodentia,Cricetidae,Neodon,irene,neodon irene,-999.00,-999.00,-999.00,-999.00,-999.00,-999.00,-999.00,-999.00,-999.00,-999.00,-999.00,-999.00,-999.00,-999.00,-999.00,-999.00,-999.00,-999.00,-999.00,-999.00,-999.00,-999.00,-999.00,-999.00,-999,-999.00,-999,-999.00,-999.00,-999.00,-999,-999.00,-999.00,-999.00,-999.00,494103.37,35.66,26.56,31.11,105.38,93.51,99.45,1,21.58,2.00,0.07,123.25,0.12,658.34,875.74
Rodentia,Cricetidae,Neodon,juldaschi,neodon juldaschi,-999.00,-999.00,-999.00,-999.00,-999.00,-999.00,-999.00,-999.00,-999.00,-999.00,-999.00,-999.00,-999.00,-999.00,26.60,3.52,-999.00,-999.00,-999.00,-999.00,-999.00,-999.00,-999.00,-999.00,-999,-999.00,-999,-999.00,-999.00,-999.00,1297,-999.00,4.14,-999.00,-999.00,399664.33,41.38,32.64,37.01,76.88,66.65,71.76,0,67.81,1.00,0.16,21.71,5.62,270.17,934.74
Rodentia,Cricetidae,Neodon,sikimensis,neodon sikimensis,-999.00,-999.00,-999.00,-999.00,-999.00,-999.00,-999.00,-999.00,-999.00,-999.00,-999.00,-999.00,-999.00,-999.00,-999.00,2.25,-999.00,-999.00,-999.00,-999.00,-999.00,-999.00,-999.00,-999.00,-999,-999.00,-999,-999.00,-999.00,-999.00,1297,-999.00,-999.00,-999.00,-999.00,359265.78,31.73,26.13,28.93,103.16,89.23,96.19,1,32.98,2.00,0.08,155.96,39.76,822.63,1055.76
Carnivora,Felidae,Neofelis,nebulosa,neofelis nebulosa,2.00,14945.05,-999.00,836.74,9.25,-999.00,-999.00,-999.00,1.00,-999.00,93.44,2.00,-999.00,-999.00,-999.00,2.25,-999.00,204.00,166.49,-999.00,-999.00,1.00,753.48,-999.00,-999,2.00,3,111.67,919.81,-999.00,543;1015;1113;1297;2655,-999.00,-999.00,-999.00,-999.00,2913590.85,28.84,-5.69,11.57,122.00,84.53,103.26,1,148.07,4.00,0.11,178.64,218.29,1288.73,1517.92
Rodentia,Cricetidae,Neofiber,alleni,neofiber alleni,1.00,265.38,-999.00,199.49,15.00,-999.00,216.80,258.10,3.00,-999.00,28.26,2.00,3.79558e-05,4.53855e-05,-999.00,2.33,4.50,-999.00,9.33,-999.00,14515.71,-999.00,95.80,1.00,-999,1.00,1,20.92,-999.00,-999.00,369;730;1297;1822;1849;1949;2655,-999.00,-999.00,-999.00,-999.00,100572.20,31.24,24.94,28.09,-80.03,-85.18,-82.60,0,130.84,2.00,0.10,111.09,218.69,1181.48,1379.10
Erinaceomorpha,Erinaceidae,Neohylomys,hainanensis,neohylomys hainanensis,2.00,52.21,-999.00,134.99,-999.00,-999.00,-999.00,-999.00,1.00,-999.00,-999.00,2.00,-999.00,-999.00,-999.00,-999.00,-999.00,-999.00,-999.00,-999.00,-999.00,-999.00,-999.00,-999.00,-999,1.00,3,-999.00,-999.00,-999.00,678;1015;1456,-999.00,-999.00,-999.00,-999.00,9825.71,19.45,18.59,19.02,110.08,108.88,109.48,128,170.76,128.00,0.10,118.88,225.62,1184.02,1907.66
Soricomorpha,Soricidae,Neomys,anomalus,neomys anomalus,-999.00,13.19,-999.00,75.99,22.00,-999.00,66.81,13.10,-999.00,-999.00,26.00,3.00,-999.00,-999.00,-999.00,7.10,-999.00,24.00,0.58,-999.00,-999.00,-999.00,106.45,-999.00,10,1.00,-999,27.84,-999.00,-999.00,543;626;630;1081;1297;1445;1456;1822;2080;2655;2786;2819,-999.00,-999.00,-999.00,-999.00,2471912.98,54.64,36.01,45.32,41.86,-9.49,16.18,3,122.75,15.00,6.76041685049102e-03,56.71,88.02,503.70,696.60
Soricomorpha,Soricidae,Neomys,fodiens,neomys fodiens,2.00,15.26,-999.00,81.94,22.00,-999.00,66.83,14.10,3.00,-999.00,21.38,3.00,1.56744e-04,1.69697e-04,59.00,6.39,2.00,36.00,0.71,-999.00,320.00,1.00,320.22,-999.00,10,1.00,2,35.34,10.00,-999.00,34;541;543;562;620;622;623;624;626;629;630;813;857;1081;1297;1436;1445;1456;1577;1737;1738;1817;1822;2009;2080;2334;2597;2655;2730;27862819;2891;2954,-999.00,-999.00,-999.00,-999.00,12748836.64,71.13,40.04,55.58,144.75,-9.29,67.73,0,52.90,0.00,-8.54645606245314e-05,43.41,17.70,372.49,428.83
Soricomorpha,Soricidae,Neomys,teres,neomys teres,-999.00,-999.00,-999.00,86.94,-999.00,-999.00,-999.00,-999.00,-999.00,-999.00,-999.00,3.00,-999.00,-999.00,-999.00,-999.00,-999.00,-999.00,-999.00,-999.00,-999.00,-999.00,-999.00,-999.00,-999,1.00,-999,-999.00,-999.00,-999.00,626;630;1456,20.71,-999.00,-999.00,-999.00,541334.36,46.48,37.92,42.20,50.37,35.96,43.16,1,89.84,7.00,0.03,52.66,67.94,523.97,751.54
Chiroptera,Phyllostomidae,Neonycteris,pusilla,neonycteris pusilla,-999.00,-999.00,34.00,-999.00,-999.00,-999.00,-999.00,-999.00,2.00,-999.00,-999.00,1.00,-999.00,-999.00,-999.00,-999.00,-999.00,-999.00,-999.00,-999.00,-999.00,-999.00,-999.00,-999.00,-999,2.00,2,-999.00,-999.00,-999.00,889;1658;2151,6.11,-999.00,-999.00,-999.00,132901.20,2.82,-0.79,1.01,-67.00,-70.78,-68.89,0,0.07,0.00,-0.20,261.74,248.03,1574.76,1577.83
Dasyuromorphia,Dasyuridae,Neophascogale,lorentzi,neophascogale lorentzi,2.00,212.00,-999.00,195.77,-999.00,-999.00,-999.00,-999.00,-999.00,-999.00,-999.00,2.00,-999.00,-999.00,-999.00,-999.00,-999.00,-999.00,-999.00,-999.00,-999.00,-999.00,-999.00,-999.00,-999,2.00,-999,-999.00,-999.00,-999.00,977;1760;1991;2655,-999.00,-999.00,-999.00,-999.00,30928.61,-3.74,-6.16,-4.95,144.39,137.82,141.10,3,10.32,3.00,0.20,230.41,194.83,1663.49,1663.49
Carnivora,Otariidae,Neophoca,cinerea,neophoca cinerea,2.00,189274.99,-999.00,1798.13,0.00,-999.00,-999.00,-999.00,6.00,-999.00,265.94,2.00,-999.00,-999.00,539.89,1.35,-999.00,192.00,7147.62,-999.00,-999.00,-999.00,1587.55,-999.00,-999,1.00,2,542.19,-999.00,-999.00,367;1297;1763;2151;2655;2986,-999.00,0.90,-999.00,-999.00,-999.00,-999.00,-999.00,-999.00,-999.00,-999.00,-999.00,-999,-999.00,-999.00,-999.00,-999.00,-999.00,-999.00,-999.00
Cetacea,Phocoenidae,Neophocaena,phocaenoides,neophocaena phocaenoides,-999.00,32500.00,-999.00,-999.00,-999.00,-999.00,-999.00,-999.00,-999.00,-999.00,319.01,-999.00,-999.00,-999.00,730.00,0.97,-999.00,276.00,6657.53,-999.00,-999.00,-999.00,-999.00,-999.00,-999,-999.00,-999,319.37,24500.00,-999.00,543;1297;2655,-999.00,0.77,-999.00,-999.00,-999.00,-999.00,-999.00,-999.00,-999.00,-999.00,-999.00,-999,-999.00,-999.00,-999.00,-999.00,-999.00,-999.00,-999.00
Chiroptera,Pteropodidae,Neopteryx,frosti,neopteryx frosti,-999.00,-999.00,110.00,-999.00,-999.00,-999.00,-999.00,-999.00,-999.00,-999.00,-999.00,1.00,-999.00,-999.00,-999.00,0.98,-999.00,-999.00,-999.00,-999.00,-999.00,-999.00,-999.00,-999.00,-999,2.00,-999,-999.00,-999.00,-999.00,1297;1658;2151,176.65,-999.00,-999.00,-999.00,1526.23,0.80,-2.12,-0.65,123.06,119.61,121.33,29,51.00,29.00,0.12,219.00,190.26,1832.00,1851.00
Chiroptera,Vespertilionidae,Neoromicia,brunneus,neoromicia brunneus,-999.00,-999.00,35.49,-999.00,-999.00,-999.00,-999.00,-999.00,-999.00,-999.00,-999.00,1.00,-999.00,-999.00,-999.00,-999.00,-999.00,-999.00,-999.00,-999.00,-999.00,-999.00,-999.00,-999.00,-999,2.00,-999,-999.00,-999.00,-999.00,1658;2151,6.91,-999.00,-999.00,-999.00,821997.84,7.17,-2.34,2.41,20.18,-10.22,4.98,1,93.76,1.00,0.11,159.58,251.93,1360.21,1555.48
Chiroptera,Vespertilionidae,Neoromicia,capensis,neoromicia capensis,-999.00,5.96,31.54,-999.00,-999.00,-999.00,-999.00,-999.00,1.00,-999.00,-999.00,1.00,-999.00,-999.00,-999.00,1.96,-999.00,-999.00,2.00,-999.00,-999.00,-999.00,-999.00,-999.00,-999,2.00,3,-999.00,-999.00,-999.00,44;1257;1297;1658;1938;2143;2151;2622;2655;2900,-999.00,-999.00,-999.00,-999.00,15781762.19,16.33,-34.83,-9.25,44.07,-16.88,13.59,0,33.75,1.00,0.13,92.96,230.89,929.27,1505.99
Chiroptera,Vespertilionidae,Neoromicia,flavescens,neoromicia flavescens,-999.00,10.50,-999.00,-999.00,-999.00,-999.00,-999.00,-999.00,-999.00,-999.00,-999.00,1.00,-999.00,-999.00,-999.00,-999.00,-999.00,-999.00,-999.00,-999.00,-999.00,-999.00,-999.00,-999.00,-999,2.00,-999,-999.00,-999.00,-999.00,196;2151;2655,-999.00,-999.00,-999.00,-999.00,1481889.62,-8.46,-15.81,-12.13,35.51,14.57,25.04,1,15.55,2.00,0.22,96.17,214.24,859.42,1433.87
Chiroptera,Vespertilionidae,Neoromicia,guineensis,neoromicia guineensis,-999.00,-999.00,28.00,-999.00,-999.00,-999.00,-999.00,-999.00,-999.00,-999.00,-999.00,1.00,-999.00,-999.00,-999.00,-999.00,-999.00,-999.00,-999.00,-999.00,-999.00,-999.00,-999.00,-999.00,-999,2.00,-999,-999.00,-999.00,-999.00,1658;2151,3.50,-999.00,-999.00,-999.00,3890543.28,14.44,3.45,8.94,47.32,-15.84,15.74,0,31.92,1.00,0.11,85.04,250.26,860.62,1605.48
Chiroptera,Vespertilionidae,Neoromicia,helios,neoromicia helios,-999.00,3.56,-999.00,-999.00,-999.00,-999.00,-999.00,-999.00,-999.00,-999.00,-999.00,-999.00,-999.00,-999.00,-999.00,-999.00,-999.00,-999.00,-999.00,-999.00,-999.00,-999.00,-999.00,-999.00,-999,-999.00,-999,-999.00,-999.00,-999.00,1388,-999.00,-999.00,-999.00,-999.00,2275484.15,15.75,-5.31,5.21,47.19,31.54,39.36,0,48.19,2.00,0.11,64.83,229.52,829.37,1580.53
Chiroptera,Vespertilionidae,Neoromicia,melckorum,neoromicia melckorum,-999.00,-999.00,35.99,-999.00,-999.00,-999.00,-999.00,-999.00,1.00,-999.00,-999.00,1.00,-999.00,-999.00,-999.00,1.98,-999.00,-999.00,-999.00,-999.00,-999.00,-999.00,-999.00,-999.00,-999,2.00,3,-999.00,-999.00,-999.00,44;1297;1658;2151;2900,7.20,-999.00,-999.00,-999.00,364896.25,-15.20,-34.83,-25.02,32.00,17.02,24.51,0,31.65,1.00,0.10,42.54,185.14,587.77,1244.58
Chiroptera,Vespertilionidae,Neoromicia,nanus,neoromicia nanus,-999.00,3.88,29.00,-999.00,-999.00,-999.00,-999.00,-999.00,1.00,-999.00,75.56,1.00,-999.00,-999.00,-999.00,1.86,1.50,-999.00,-999.00,-999.00,-999.00,-999.00,-999.00,1.00,-999,2.00,3,-999.00,-999.00,-999.00,44;196;287;428;818;1257;1297;1658;1784;2143;2151;2191;2622;2655;2719;2900;3023,-999.00,-999.00,-999.00,-999.00,14429424.31,15.75,-33.40,-8.82,50.48,-16.79,16.84,0,36.78,1.00,0.14,102.98,235.81,1011.47,1542.12
Chiroptera,Vespertilionidae,Neoromicia,rendalli,neoromicia rendalli,-999.00,6.42,34.50,-999.00,-999.00,-999.00,-999.00,-999.00,-999.00,-999.00,-999.00,1.00,-999.00,-999.00,-999.00,-999.00,-999.00,-999.00,-999.00,-999.00,-999.00,-999.00,-999.00,1.00,-999,2.00,-999,-999.00,-999.00,-999.00,428;1658;2151;2622;2655,-999.00,-999.00,-999.00,-999.00,8003793.87,16.67,-19.34,-1.33,44.18,-17.53,13.32,0,42.34,1.00,0.13,94.95,243.48,954.26,1565.52
Chiroptera,Vespertilionidae,Neoromicia,somalicus,neoromicia somalicus,-999.00,3.53,28.94,84.99,-999.00,-999.00,-999.00,-999.00,-999.00,-999.00,-999.00,1.00,-999.00,-999.00,-999.00,2.00,-999.00,-999.00,-999.00,-999.00,-999.00,-999.00,-999.00,-999.00,-999,2.00,-999,-999.00,-999.00,-999.00,1048;1297;1658;1938;2151;2655,-999.00,-999.00,-999.00,-999.00,7186189.92,16.54,-23.55,-3.50,46.10,-2.08,22.01,0,37.87,1.00,0.12,79.56,242.57,878.81,1602.40
Chiroptera,Vespertilionidae,Neoromicia,tenuipinnis,neoromicia tenuipinnis,-999.00,5.35,30.96,37.00,-999.00,-999.00,-999.00,-999.00,-999.00,-999.00,-999.00,1.00,-999.00,-999.00,-999.00,-999.00,-999.00,-999.00,-999.00,-999.00,-999.00,-999.00,-999.00,-999.00,-999,2.00,-999,-999.00,-999.00,-999.00,892;1658;2143;2151;2655,-999.00,-999.00,-999.00,-999.00,6710058.70,12.81,-10.98,0.91,41.15,-16.79,12.18,0,44.28,1.00,0.13,127.51,239.59,1194.73,1553.55
Chiroptera,Vespertilionidae,Neoromicia,zuluensis,neoromicia zuluensis,-999.00,4.14,-999.00,-999.00,-999.00,-999.00,-999.00,-999.00,1.00,-999.00,-999.00,-999.00,-999.00,-999.00,-999.00,-999.00,-999.00,-999.00,-999.00,-999.00,-999.00,-999.00,-999.00,-999.00,-999,-999.00,3,-999.00,-999.00,-999.00,44;1257;2143,-999.00,-999.00,-999.00,-999.00,1155340.39,-17.97,-27.64,-22.81,32.54,13.67,23.10,0,15.00,0.00,0.10,40.85,201.20,565.18,1395.42
Erinaceomorpha,Erinaceidae,Neotetracus,sinensis,neotetracus sinensis,1.00,-999.00,-999.00,117.96,-999.00,-999.00,-999.00,-999.00,1.00,-999.00,-999.00,1.00,-999.00,-999.00,-999.00,4.28,2.00,-999.00,-999.00,-999.00,-999.00,-999.00,-999.00,-999.00,8,1.00,3,-999.00,-999.00,-999.00,678;1297;1456,49.99,-999.00,-999.00,-999.00,137875.24,30.96,21.48,26.22,105.29,97.65,101.47,1,92.75,8.00,0.07,134.50,87.51,993.96,1158.59
Rodentia,Cricetidae,Neotoma,albigula,neotoma albigula,1.00,208.18,-999.00,175.47,14.70,-999.00,134.50,183.00,2.00,-999.00,37.00,1.00,1.97477e-04,2.79725e-04,49.00,2.14,2.00,92.40,11.21,-999.00,610.11,-999.00,94.14,1.00,-999,1.00,1,33.50,103.30,-999.00,543;952;1297;1822;1850;2435;2473;2572;2655;2888;2924,-999.00,-999.00,-999.00,-999.00,1897368.42,39.02,19.51,29.26,-98.40,-116.85,-107.63,0,19.96,0.00,0.10,30.34,158.36,485.49,1148.58
Rodentia,Cricetidae,Neotoma,angustapalata,neotoma angustapalata,-999.00,198.00,-999.00,-999.00,-999.00,-999.00,-999.00,-999.00,-999.00,-999.00,-999.00,-999.00,-999.00,-999.00,-999.00,-999.00,-999.00,-999.00,-999.00,-999.00,-999.00,-999.00,-999.00,-999.00,-999,-999.00,-999,-999.00,-999.00,-999.00,2655,-999.00,-999.00,-999.00,-999.00,9613.18,23.57,22.45,23.01,-98.77,-99.90,-99.33,6,26.40,6.00,0.08,54.61,221.57,934.68,1452.44
Rodentia,Cricetidae,Neotoma,anthonyi,neotoma anthonyi,-999.00,195.40,-999.00,179.65,-999.00,-999.00,-999.00,-999.00,-999.00,-999.00,-999.00,-999.00,-999.00,-999.00,-999.00,-999.00,-999.00,-999.00,-999.00,-999.00,-999.00,-999.00,-999.00,-999.00,-999,-999.00,-999,-999.00,-999.00,-999.00,687;2655,-999.00,-999.00,-999.00,-999.00,0.66,31.82,31.80,31.81,-116.79,-116.80,-116.80,6,6.00,6.00,0.20,-999.00,-999.00,-999.00,-999.00
Rodentia,Cricetidae,Neotoma,bryanti,neotoma bryanti,-999.00,182.00,-999.00,209.00,-999.00,-999.00,-999.00,-999.00,-999.00,-999.00,-999.00,-999.00,-999.00,-999.00,-999.00,-999.00,-999.00,-999.00,-999.00,-999.00,230.92,-999.00,-999.00,-999.00,-999,-999.00,-999,-999.00,-999.00,-999.00,64;2655,-999.00,-999.00,-999.00,-999.00,369.55,28.37,28.03,28.20,-115.14,-115.35,-115.25,8,8.00,8.00,0.14,-999.00,-999.00,-999.00,-999.00
Rodentia,Cricetidae,Neotoma,bunkeri,neotoma bunkeri,-999.00,375.00,-999.00,-999.00,-999.00,-999.00,-999.00,-999.00,-999.00,-999.00,-999.00,-999.00,-999.00,-999.00,-999.00,-999.00,-999.00,-999.00,-999.00,-999.00,-999.00,-999.00,-999.00,-999.00,-999,-999.00,-999,-999.00,-999.00,-999.00,2655,-999.00,-999.00,-999.00,-999.00,9.15,26.12,26.08,26.10,-111.25,-111.29,-111.27,4,4.00,4.00,0.00,-999.00,-999.00,-999.00,-999.00
Rodentia,Cricetidae,Neotoma,chrysomelas,neotoma chrysomelas,-999.00,-999.00,-999.00,-999.00,-999.00,-999.00,-999.00,-999.00,-999.00,-999.00,-999.00,-999.00,-999.00,-999.00,-999.00,0.97,-999.00,-999.00,-999.00,-999.00,-999.00,-999.00,-999.00,-999.00,-999,-999.00,-999,-999.00,-999.00,-999.00,1297,-999.00,-999.00,-999.00,-999.00,29901.48,15.08,12.44,13.76,-85.62,-88.21,-86.92,21,80.02,28.00,0.16,122.37,200.73,1143.64,1607.86
Rodentia,Cricetidae,Neotoma,cinerea,neotoma cinerea,1.00,285.89,-999.00,208.96,14.50,-999.00,168.59,205.10,3.00,-999.00,29.69,-999.00,0.03,0.04,30.00,3.45,1.50,-999.00,14.40,-999.00,-999.00,-999.00,525.00,4.00,-999,-999.00,1,26.35,93.36,-999.00,879;952;1215;1297;1573;1594;1822;1849;2652;2655;2924,-999.00,-999.00,-999.00,-999.00,3606599.01,65.62,34.55,50.09,-100.14,-138.98,-119.56,0,7.53,0.00,0.08,40.78,33.34,356.18,668.38
Rodentia,Cricetidae,Neotoma,devia,neotoma devia,-999.00,200.00,-999.00,-999.00,-999.00,-999.00,-999.00,-999.00,-999.00,-999.00,-999.00,-999.00,-999.00,-999.00,-999.00,-999.00,-999.00,-999.00,-999.00,-999.00,-999.00,-999.00,-999.00,-999.00,-999,-999.00,-999,-999.00,-999.00,-999.00,2655,-999.00,-999.00,-999.00,-999.00,73864.90,36.51,32.02,34.26,-111.23,-114.93,-113.08,0,15.62,0.00,0.20,18.87,167.99,279.45,1121.10
Rodentia,Cricetidae,Neotoma,floridana,neotoma floridana,1.00,249.16,-999.00,212.67,17.00,-999.00,-999.00,-999.00,3.00,-999.00,34.84,-999.00,1.763588e-03,1.944402e-03,83.00,3.11,2.50,36.00,14.04,66.00,273.98,-999.00,175.38,1.00,-999,-999.00,1,37.31,45.90,-999.00,543;730;1122;1297;1328;1417;1849;2197;2240;2317;2362;2655;2924;3019,-999.00,-999.00,-999.00,-999.00,-999.00,-999.00,-999.00,-999.00,-999.00,-999.00,-999.00,-999,-999.00,-999.00,-999.00,-999.00,-999.00,-999.00,-999.00
Rodentia,Cricetidae,Neotoma,fuscipes,neotoma fuscipes,-999.00,213.26,-999.00,207.38,14.00,-999.00,148.54,186.85,-999.00,-999.00,33.21,-999.00,1.759369e-03,1.857575e-03,-999.00,2.79,1.75,-999.00,13.15,-999.00,1700.00,-999.00,-999.00,1.00,-999,-999.00,-999,27.49,-999.00,-999.00,547;697;730;819;1297;1573;1822;1849;1944;2655;2924;3072,-999.00,-999.00,-999.00,-999.00,-999.00,-999.00,-999.00,-999.00,-999.00,-999.00,-999.00,-999,-999.00,-999.00,-999.00,-999.00,-999.00,-999.00,-999.00
Rodentia,Cricetidae,Neotoma,goldmani,neotoma goldmani,-999.00,198.00,-999.00,144.96,-999.00,-999.00,-999.00,-999.00,-999.00,-999.00,-999.00,-999.00,-999.00,-999.00,-999.00,1.29,-999.00,-999.00,-999.00,-999.00,-999.00,-999.00,-999.00,-999.00,-999,-999.00,-999,-999.00,-999.00,-999.00,1396;2655,-999.00,-999.00,-999.00,-999.00,171526.50,28.90,21.06,24.98,-99.42,-104.82,-102.12,1,19.86,2.00,0.07,25.72,167.75,500.27,1101.34
Rodentia,Cricetidae,Neotoma,lepida,neotoma lepida,1.00,143.88,-999.00,163.73,13.05,-999.00,90.69,119.20,1.00,-999.00,32.99,2.00,1.105651e-03,1.406926e-03,60.00,2.70,3.50,-999.00,9.36,-999.00,674.58,-999.00,94.59,-999.00,-999,2.00,1,33.24,34.94,-999.00,531;730;808;878;1215;1297;1573;1822;1849;1944;2572;2655;2921;2924,-999.00,-999.00,-999.00,-999.00,984444.00,44.14,22.86,33.50,-107.61,-121.97,-114.79,0,33.94,0.00,0.11,20.02,115.33,283.23,1004.02
Rodentia,Cricetidae,Neotoma,leucodon,neotoma leucodon,-999.00,-999.00,-999.00,-999.00,-999.00,-999.00,-999.00,-999.00,-999.00,-999.00,-999.00,-999.00,-999.00,-999.00,-999.00,-999.00,-999.00,-999.00,-999.00,-999.00,-999.00,-999.00,-999.00,-999.00,-999,-999.00,-999,-999.00,-999.00,-999.00,-999,-999.00,-999.00,-999.00,-999.00,-999.00,-999.00,-999.00,-999.00,-999.00,-999.00,-999.00,-999,-999.00,-999.00,-999.00,-999.00,-999.00,-999.00,-999.00
Rodentia,Cricetidae,Neotoma,macrotis,neotoma macrotis,-999.00,225.74,-999.00,-999.00,-999.00,-999.00,-999.00,-999.00,-999.00,-999.00,-999.00,-999.00,-999.00,-999.00,-999.00,-999.00,-999.00,-999.00,-999.00,-999.00,-999.00,-999.00,-999.00,-999.00,-999,-999.00,-999,-999.00,-999.00,-999.00,547,-999.00,-999.00,-999.00,-999.00,-999.00,-999.00,-999.00,-999.00,-999.00,-999.00,-999.00,-999,-999.00,-999.00,-999.00,-999.00,-999.00,-999.00,-999.00
Rodentia,Cricetidae,Neotoma,magister,neotoma magister,-999.00,447.00,-999.00,-999.00,20.00,-999.00,-999.00,-999.00,-999.00,-999.00,33.43,-999.00,-999.00,-999.00,-999.00,2.00,-999.00,-999.00,15.00,-999.00,-999.00,-999.00,-999.00,-999.00,-999,-999.00,-999,25.80,-999.00,-999.00,2311,-999.00,-999.00,-999.00,-999.00,-999.00,-999.00,-999.00,-999.00,-999.00,-999.00,-999.00,-999,-999.00,-999.00,-999.00,-999.00,-999.00,-999.00,-999.00
Rodentia,Cricetidae,Neotoma,martinensis,neotoma martinensis,-999.00,240.16,-999.00,184.15,-999.00,-999.00,-999.00,-999.00,-999.00,-999.00,-999.00,-999.00,-999.00,-999.00,-999.00,-999.00,-999.00,-999.00,-999.00,-999.00,-999.00,-999.00,-999.00,-999.00,-999,-999.00,-999,-999.00,-999.00,-999.00,689;2655,-999.00,-999.00,-999.00,-999.00,2.80,30.49,30.47,30.48,-116.09,-116.12,-116.11,6,6.00,6.00,0.20,-999.00,-999.00,-999.00,-999.00
Rodentia,Cricetidae,Neotoma,mexicana,neotoma mexicana,1.00,203.00,-999.00,184.13,-999.00,-999.00,-999.00,-999.00,5.00,-999.00,33.21,-999.00,-999.00,-999.00,-999.00,2.59,2.00,-999.00,10.40,-999.00,132.62,-999.00,59.82,-999.00,-999,-999.00,1,-999.00,-999.00,-999.00,482;684;730;925;1297;1594;2183;2655;2924,-999.00,-999.00,-999.00,-999.00,1791179.01,40.98,13.62,27.30,-88.01,-112.90,-100.45,0,46.50,0.00,0.10,47.48,157.42,628.65,1250.72
Chiroptera,Vespertilionidae,Nyctophilus,nebulosus,nyctophilus nebulosus,-999.00,-999.00,-999.00,-999.00,-999.00,-999.00,-999.00,-999.00,-999.00,-999.00,-999.00,-999.00,-999.00,-999.00,-999.00,-999.00,-999.00,-999.00,-999.00,-999.00,-999.00,-999.00,-999.00,-999.00,-999,-999.00,-999,-999.00,-999.00,-999.00,-999,-999.00,-999.00,-999.00,-999.00,101.95,-22.07,-22.20,-22.13,166.58,166.48,166.53,10,10.00,10.00,0.11,90.00,198.00,-999.00,-999.00
Chiroptera,Vespertilionidae,Nyctophilus,timoriensis,nyctophilus timoriensis,-999.00,11.02,43.40,-999.00,-999.00,-999.00,-999.00,-999.00,1.00,-999.00,-999.00,1.00,-999.00,-999.00,-999.00,2.00,-999.00,-999.00,-999.00,-999.00,-999.00,1.00,-999.00,-999.00,-999,2.00,3,-999.00,-999.00,-999.00,196;1297;1384;1658;1835;2143;2151;2186;2655;2719;3023,-999.00,-999.00,-999.00,-999.00,2083863.67,-7.12,-43.03,-25.07,152.05,114.90,133.47,0,4.89,0.00,0.02,39.42,176.42,445.01,1138.22
Chiroptera,Vespertilionidae,Nyctophilus,walkeri,nyctophilus walkeri,-999.00,4.44,32.99,-999.00,-999.00,-999.00,-999.00,-999.00,-999.00,-999.00,-999.00,1.00,-999.00,-999.00,-999.00,-999.00,-999.00,-999.00,-999.00,-999.00,-999.00,-999.00,-999.00,-999.00,-999,2.00,-999,-999.00,-999.00,-999.00,1658;2151;2622;2655,-999.00,-999.00,-999.00,-999.00,376698.55,-11.11,-18.34,-14.72,139.95,124.36,132.15,0,1.07,0.00,4.4643496477917e-03,80.68,268.42,842.03,1773.61
Lagomorpha,Ochotonidae,Ochotona,alpina,ochotona alpina,-999.00,150.00,-999.00,175.00,-999.00,-999.00,-999.00,-999.00,-999.00,-999.00,28.98,1.00,-999.00,-999.00,-999.00,3.07,2.00,36.00,8.19,-999.00,812.40,-999.00,377.57,-999.00,-999,1.00,-999,21.00,-999.00,-999.00,95;401;1297;2646;2647;2655,-999.00,-999.00,-999.00,-999.00,880723.78,54.55,38.02,46.28,123.71,83.93,103.82,0,2.88,1.00,0.02,23.77,-63.82,303.38,488.71
Lagomorpha,Ochotonidae,Ochotona,argentata,ochotona argentata,-999.00,-999.00,-999.00,-999.00,-999.00,-999.00,-999.00,-999.00,-999.00,-999.00,-999.00,-999.00,-999.00,-999.00,-999.00,-999.00,-999.00,-999.00,-999.00,-999.00,-999.00,-999.00,-999.00,-999.00,-999,-999.00,-999,-999.00,-999.00,-999.00,-999,-999.00,-999.00,-999.00,-999.00,1253.73,39.12,38.41,38.77,106.03,105.62,105.83,2,75.50,2.00,0.07,11.99,66.80,199.66,684.36
Lagomorpha,Ochotonidae,Ochotona,cansus,ochotona cansus,-999.00,68.75,-999.00,134.50,-999.00,-999.00,-999.00,-999.00,1.00,-999.00,24.49,2.00,5.67109e-04,6.0909e-04,-999.00,3.65,2.25,60.00,-999.00,-999.00,-999.00,-999.00,413.84,-999.00,-999,1.00,1,18.00,-999.00,-999.00,1315;2647,-999.00,-999.00,-999.00,-999.00,767181.20,39.57,29.29,34.43,112.42,93.59,103.00,0,39.20,1.00,0.05,81.97,-19.31,520.48,806.92
Lagomorpha,Ochotonidae,Ochotona,collaris,ochotona collaris,3.00,129.00,-999.00,187.44,-999.00,365.00,-999.00,-999.00,2.00,-999.00,-999.00,1.00,1.003006e-03,1.388578e-03,-999.00,3.35,2.00,72.00,-999.00,-999.00,733.17,-999.00,374.39,-999.00,-999,1.00,1,-999.00,-999.00,-999.00,466;543;1297;1846;2646;2647;2655,-999.00,-999.00,-999.00,-999.00,1151823.27,69.45,59.28,64.37,-124.07,-155.86,-139.97,0,0.13,0.00,0.01,38.66,-93.52,212.75,238.50
Lagomorpha,Ochotonidae,Ochotona,curzoniae,ochotona curzoniae,2.00,159.47,-999.00,170.00,-999.00,-999.00,-999.00,-999.00,1.00,-999.00,22.50,2.00,1.073894e-03,1.007503e-03,-999.00,4.39,3.50,-999.00,11.20,57.60,19000.00,-999.00,-999.00,-999.00,-999,1.00,1,-999.00,-999.00,-999.00,401;1297;1315;1573;2646;2647;2988,-999.00,-999.00,-999.00,-999.00,2326434.58,40.59,27.52,34.06,102.16,78.00,90.08,0,4.59,0.00,0.05,49.51,-47.58,346.07,786.79
Lagomorpha,Ochotonidae,Ochotona,dauurica,ochotona dauurica,-999.00,131.01,-999.00,180.00,-999.00,365.00,-999.00,-999.00,3.00,-999.00,30.00,2.00,-999.00,-999.00,-999.00,5.91,2.25,-999.00,-999.00,-999.00,5490.90,-999.00,94.39,-999.00,-999,1.00,1,-999.00,-999.00,-999.00,95;401;1297;1315;2646;2647;2988,-999.00,-999.00,-999.00,-999.00,2972204.68,52.49,33.08,42.78,120.31,88.20,104.26,0,27.87,0.00,0.06,22.80,-2.41,312.59,598.76
Lagomorpha,Ochotonidae,Ochotona,erythrotis,ochotona erythrotis,-999.00,-999.00,-999.00,245.00,-999.00,-999.00,-999.00,-999.00,-999.00,-999.00,-999.00,2.00,-999.00,-999.00,-999.00,-999.00,-999.00,-999.00,-999.00,-999.00,-999.00,-999.00,-999.00,-999.00,-999,1.00,-999,-999.00,-999.00,-999.00,401;2647,412.45,-999.00,-999.00,-999.00,394635.90,40.11,32.39,36.25,102.27,86.82,94.54,0,12.30,0.00,0.04,43.71,-48.59,306.14,759.35
Lagomorpha,Ochotonidae,Ochotona,forresti,ochotona forresti,-999.00,-999.00,-999.00,-999.00,-999.00,-999.00,-999.00,-999.00,-999.00,-999.00,-999.00,-999.00,-999.00,-999.00,-999.00,-999.00,-999.00,-999.00,-999.00,-999.00,-999.00,-999.00,-999.00,-999.00,-999,-999.00,-999,-999.00,-999.00,-999.00,-999,-999.00,-999.00,-999.00,-999.00,312212.22,29.50,25.64,27.57,100.44,87.65,94.04,1,48.45,1.00,0.10,174.58,67.23,995.18,1180.14
Lagomorpha,Ochotonidae,Ochotona,gaoligongensis,ochotona gaoligongensis,-999.00,-999.00,-999.00,167.08,-999.00,-999.00,-999.00,-999.00,-999.00,-999.00,-999.00,1.00,-999.00,-999.00,-999.00,-999.00,-999.00,-999.00,-999.00,-999.00,-999.00,-999.00,-999.00,-999.00,-999,1.00,-999,-999.00,-999.00,-999.00,2647;3106,136.59,-999.00,-999.00,-999.00,4.89,27.76,27.73,27.74,98.47,98.45,98.46,5,5.00,5.00,0.25,195.00,113.00,998.00,1117.00
Lagomorpha,Ochotonidae,Ochotona,gloveri,ochotona gloveri,-999.00,-999.00,-999.00,-999.00,-999.00,-999.00,-999.00,-999.00,-999.00,-999.00,-999.00,1.00,-999.00,-999.00,-999.00,-999.00,-999.00,-999.00,-999.00,-999.00,-999.00,-999.00,-999.00,-999.00,-999,1.00,-999,-999.00,-999.00,-999.00,2647,-999.00,-999.00,-999.00,-999.00,205591.09,33.80,26.43,30.11,100.63,96.82,98.72,1,9.71,2.00,0.07,152.24,-16.18,682.43,925.46
Lagomorpha,Ochotonidae,Ochotona,himalayana,ochotona himalayana,-999.00,-999.00,-999.00,165.50,-999.00,-999.00,-999.00,-999.00,-999.00,-999.00,-999.00,1.00,-999.00,-999.00,-999.00,3.42,-999.00,-999.00,-999.00,-999.00,-999.00,-999.00,-999.00,-999.00,-999,1.00,-999,-999.00,-999.00,-999.00,2647;2988,132.90,-999.00,-999.00,-999.00,35498.06,30.41,27.91,29.16,97.42,84.02,90.72,0,21.40,0.00,0.06,102.73,-84.18,886.87,1097.05
Lagomorpha,Ochotonidae,Ochotona,hoffmanni,ochotona hoffmanni,-999.00,-999.00,-999.00,-999.00,-999.00,-999.00,-999.00,-999.00,-999.00,-999.00,-999.00,-999.00,-999.00,-999.00,-999.00,-999.00,-999.00,-999.00,-999.00,-999.00,-999.00,-999.00,-999.00,-999.00,-999,-999.00,-999,-999.00,-999.00,-999.00,-999,-999.00,-999.00,-999.00,-999.00,30238.14,51.73,48.67,50.20,107.63,103.86,105.74,2,10.83,2.00,0.25,20.52,-31.40,350.65,476.12
Lagomorpha,Ochotonidae,Ochotona,huangensis,ochotona huangensis,-999.00,105.33,-999.00,156.39,-999.00,-999.00,-999.00,-999.00,-999.00,-999.00,-999.00,-999.00,-999.00,-999.00,-999.00,-999.00,-999.00,-999.00,-999.00,-999.00,-999.00,-999.00,-999.00,-999.00,-999,-999.00,-999,-999.00,-999.00,-999.00,2612,-999.00,-999.00,-999.00,-999.00,166222.22,35.60,30.95,33.28,110.04,101.47,105.76,4,113.36,6.00,0.06,59.62,70.46,691.73,853.28
Lagomorpha,Ochotonidae,Ochotona,hyperborea,ochotona hyperborea,-999.00,120.00,-999.00,160.00,-999.00,-999.00,-999.00,-999.00,-999.00,-999.00,28.00,1.00,2.148301e-03,2.568817e-03,-999.00,3.02,-999.00,-999.00,9.59,-999.00,3376.38,-999.00,-999.00,-999.00,-999,1.00,-999,-999.00,-999.00,-999.00,401;1210;2647,-999.00,-999.00,-999.00,-999.00,10228947.77,74.80,39.08,56.94,179.99,60.91,120.45,0,5.75,0.00,-0.04,28.26,-92.29,278.27,320.26
Lagomorpha,Ochotonidae,Ochotona,iliensis,ochotona iliensis,-999.00,-999.00,-999.00,203.19,-999.00,-999.00,-999.00,-999.00,-999.00,-999.00,-999.00,1.00,-999.00,-999.00,-999.00,-999.00,-999.00,-999.00,-999.00,-999.00,-999.00,-999.00,-999.00,-999.00,-999,1.00,-999,-999.00,-999.00,-999.00,2647;2988,240.30,-999.00,-999.00,-999.00,57046.16,45.14,42.63,43.89,88.01,80.77,84.39,4,27.80,5.00,0.09,15.53,-17.96,244.57,711.18
Lagomorpha,Ochotonidae,Ochotona,koslowi,ochotona koslowi,3.00,-999.00,-999.00,239.99,-999.00,-999.00,-999.00,-999.00,-999.00,-999.00,-999.00,2.00,-999.00,-999.00,-999.00,1.00,1.00,-999.00,-999.00,-999.00,-999.00,-999.00,-999.00,-999.00,-999,1.00,-999,-999.00,-999.00,-999.00,401;899;2647;2988,388.57,-999.00,-999.00,-999.00,38543.68,38.59,36.71,37.65,90.33,87.60,88.97,0,0.00,0.00,-999.00,20.76,-92.60,43.94,790.42
Lagomorpha,Ochotonidae,Ochotona,ladacensis,ochotona ladacensis,-999.00,-999.00,-999.00,177.40,-999.00,-999.00,-999.00,-999.00,1.00,-999.00,-999.00,2.00,-999.00,-999.00,-999.00,-999.00,-999.00,-999.00,-999.00,-999.00,-999.00,-999.00,-999.00,-999.00,-999,1.00,1,-999.00,-999.00,-999.00,401;2647,162.39,-999.00,-999.00,-999.00,726242.14,39.60,32.34,35.97,96.72,76.21,86.47,0,2.87,0.00,0.05,18.63,-61.26,123.04,749.13
Lagomorpha,Ochotonidae,Ochotona,macrotis,ochotona macrotis,-999.00,204.75,-999.00,178.50,-999.00,-999.00,-999.00,-999.00,-999.00,-999.00,-999.00,1.00,-999.00,-999.00,-999.00,4.23,2.00,-999.00,-999.00,-999.00,1200.00,-999.00,371.23,-999.00,-999,1.00,-999,-999.00,-999.00,-999.00,25;401;1297;1315;2646;2647;2655,-999.00,-999.00,-999.00,-999.00,2201966.15,44.16,25.28,34.72,104.18,71.48,87.83,0,27.27,0.00,0.06,67.32,-15.75,444.90,882.00
Lagomorpha,Ochotonidae,Ochotona,muliensis,ochotona muliensis,-999.00,-999.00,-999.00,-999.00,-999.00,-999.00,-999.00,-999.00,-999.00,-999.00,-999.00,-999.00,-999.00,-999.00,-999.00,-999.00,-999.00,-999.00,-999.00,-999.00,-999.00,-999.00,-999.00,-999.00,-999,-999.00,-999,-999.00,-999.00,-999.00,-999,-999.00,-999.00,-999.00,-999.00,27843.24,27.77,25.87,26.82,102.28,100.58,101.43,23,79.57,23.00,0.06,113.25,124.88,829.10,1105.88
Lagomorpha,Ochotonidae,Ochotona,nigritia,ochotona nigritia,-999.00,-999.00,-999.00,-999.00,-999.00,-999.00,-999.00,-999.00,-999.00,-999.00,-999.00,-999.00,-999.00,-999.00,-999.00,-999.00,-999.00,-999.00,-999.00,-999.00,-999.00,-999.00,-999.00,-999.00,-999,-999.00,-999,-999.00,-999.00,-999.00,-999,-999.00,-999.00,-999.00,-999.00,10.68,26.02,25.99,26.00,98.64,98.60,98.62,34,54.04,34.00,0.07,144.97,-19.97,1154.85,1282.47
Lagomorpha,Ochotonidae,Ochotona,nubrica,ochotona nubrica,-999.00,-999.00,-999.00,150.00,-999.00,-999.00,-999.00,-999.00,-999.00,-999.00,-999.00,2.00,-999.00,-999.00,-999.00,-999.00,-999.00,-999.00,-999.00,-999.00,-999.00,-999.00,-999.00,-999.00,-999,1.00,-999,-999.00,-999.00,-999.00,401;2647,100.05,-999.00,-999.00,-999.00,564920.82,35.57,27.42,31.49,94.92,77.64,86.28,0,14.67,0.00,0.09,71.46,-39.36,580.28,948.89
Lagomorpha,Ochotonidae,Ochotona,pallasi,ochotona pallasi,-999.00,-999.00,-999.00,-999.00,-999.00,-999.00,-999.00,-999.00,-999.00,-999.00,25.00,2.00,1.754244e-03,1.879837e-03,-999.00,7.45,2.50,48.00,7.00,-999.00,10000.00,-999.00,365.00,-999.00,-999,1.00,-999,19.44,-999.00,-999.00,95;1297;2646;2647,-999.00,-999.00,-999.00,-999.00,723598.90,51.23,39.16,45.20,114.21,70.35,92.28,0,4.59,0.00,0.03,18.98,-5.21,229.49,570.50
Lagomorpha,Ochotonidae,Ochotona,princeps,ochotona princeps,3.00,157.63,-999.00,190.00,7.00,-999.00,166.77,109.00,2.00,-999.00,30.44,1.00,1.114724e-03,1.366521e-03,30.41,2.88,2.00,84.00,11.00,-999.00,774.59,1.00,374.39,-999.00,-999,1.00,1,26.45,88.49,-999.00,466;543;730;1004;1015;1297;1494;1573;1822;1849;1879;2314;2338;2586;2620;2646;2647;2648;2655,-999.00,-999.00,-999.00,-999.00,1346175.96,54.58,35.26,44.92,-103.58,-127.78,-115.68,0,10.06,0.00,0.10,39.59,43.58,374.48,769.08
Lagomorpha,Ochotonidae,Ochotona,pusilla,ochotona pusilla,-999.00,142.50,-999.00,157.00,-999.00,-999.00,-999.00,-999.00,1.00,-999.00,21.99,2.00,-999.00,-999.00,-999.00,8.59,3.50,48.00,6.74,-999.00,3279.99,-999.00,31.87,-999.00,-999,1.00,1,21.00,-999.00,-999.00,95;401;543;1297;2646;2647;2655,-999.00,-999.00,-999.00,-999.00,1451427.17,54.62,46.44,50.53,86.55,50.83,68.69,0,8.17,0.00,-5.324390102196e-03,24.39,26.80,318.01,526.04
Lagomorpha,Ochotonidae,Ochotona,roylei,ochotona roylei,-999.00,260.00,-999.00,177.71,-999.00,-999.00,-999.00,-999.00,-999.00,-999.00,-999.00,1.00,-999.00,-999.00,-999.00,3.00,1.50,-999.00,7.00,-999.00,1172.60,-999.00,335.51,-999.00,4,1.00,-999,21.00,-999.00,-999.00,25;95;401;1297;2646;2647;2655,-999.00,-999.00,-999.00,-999.00,382682.29,37.27,27.42,32.34,87.65,73.11,80.38,0,33.44,0.00,0.09,48.02,-36.12,487.94,959.47
Artiodactyla,Bovidae,Pelea,capreolus,pelea capreolus,3.00,22731.33,-999.00,-999.00,-999.00,-999.00,-999.00,-999.00,2.00,-999.00,260.99,1.00,-999.00,-999.00,-999.00,1.00,-999.00,147.96,-999.00,-999.00,18.71,-999.00,-999.00,10.25,4,1.00,1,-999.00,-999.00,-999.00,543;730;869;1297;1525;1848;2629;2655;2693;2986,-999.00,-999.00,-999.00,-999.00,866217.26,-22.59,-34.83,-28.71,31.75,16.92,24.34,0,34.26,1.00,0.10,42.22,164.23,592.41,1148.00
Rodentia,Muridae,Pelomys,campanae,pelomys campanae,-999.00,-999.00,-999.00,-999.00,-999.00,-999.00,-999.00,-999.00,-999.00,-999.00,-999.00,-999.00,-999.00,-999.00,-999.00,-999.00,-999.00,-999.00,-999.00,-999.00,-999.00,-999.00,-999.00,-999.00,-999,-999.00,-999,-999.00,-999.00,-999.00,-999,-999.00,-999.00,-999.00,-999.00,181683.59,-5.03,-12.15,-8.59,15.77,12.27,14.02,5,37.47,5.00,0.21,92.11,227.53,1017.04,1520.67
Rodentia,Muridae,Pelomys,fallax,pelomys fallax,-999.00,120.46,-999.00,-999.00,-999.00,-999.00,-999.00,-999.00,-999.00,-999.00,-999.00,-999.00,-999.00,-999.00,-999.00,4.00,-999.00,-999.00,-999.00,-999.00,983.20,-999.00,-999.00,-999.00,-999,-999.00,-999,-999.00,-999.00,-999.00,370;730;1297;2655,-999.00,-999.00,-999.00,-999.00,5222579.33,-0.64,-22.67,-11.66,40.84,11.73,26.28,1,26.92,1.00,0.17,89.99,221.43,929.52,1485.47
Rodentia,Muridae,Pelomys,hopkinsi,pelomys hopkinsi,-999.00,-999.00,-999.00,-999.00,-999.00,-999.00,-999.00,-999.00,-999.00,-999.00,-999.00,-999.00,-999.00,-999.00,-999.00,-999.00,-999.00,-999.00,-999.00,-999.00,-999.00,-999.00,-999.00,-999.00,-999,-999.00,-999,-999.00,-999.00,-999.00,-999,-999.00,-999.00,-999.00,-999.00,31127.30,-0.24,-2.96,-1.60,35.10,29.20,32.15,41,205.60,53.00,0.02,96.09,197.45,1231.89,1477.04
Rodentia,Muridae,Pelomys,isseli,pelomys isseli,-999.00,59.99,-999.00,-999.00,-999.00,-999.00,-999.00,-999.00,-999.00,-999.00,-999.00,-999.00,-999.00,-999.00,-999.00,-999.00,-999.00,-999.00,-999.00,-999.00,-999.00,-999.00,-999.00,-999.00,-999,-999.00,-999,-999.00,-999.00,-999.00,2655,-999.00,-999.00,-999.00,-999.00,85.90,-0.04,-0.68,-0.36,32.81,32.27,32.54,96,184.33,96.00,0.25,-999.00,-999.00,-999.00,-999.00
Rodentia,Muridae,Pelomys,minor,pelomys minor,-999.00,49.99,-999.00,-999.00,-999.00,-999.00,-999.00,-999.00,-999.00,-999.00,-999.00,-999.00,-999.00,-999.00,-999.00,2.50,-999.00,-999.00,-999.00,-999.00,-999.00,-999.00,-999.00,-999.00,-999,-999.00,-999,-999.00,-999.00,-999.00,1297;2655,-999.00,-999.00,-999.00,-999.00,1043824.08,-2.83,-12.66,-7.74,32.25,19.48,25.87,2,21.20,2.00,0.16,111.73,225.67,1013.49,1505.29
Lagomorpha,Leporidae,Pentalagus,furnessi,pentalagus furnessi,1.00,-999.00,-999.00,443.99,-999.00,-999.00,-999.00,-999.00,3.00,-999.00,-999.00,2.00,-999.00,-999.00,-999.00,2.44,-999.00,-999.00,-999.00,-999.00,-999.00,-999.00,-999.00,-999.00,-999,1.00,1,-999.00,-999.00,-999.00,2;95;511;899;1292;2758,2295.21,-999.00,-999.00,-999.00,960.37,28.51,27.65,28.08,129.72,128.88,129.30,365,365.00,365.00,0.04,-999.00,-999.00,-999.00,-999.00
Rodentia,Cricetidae,Oecomys,concolor,oecomys concolor,-999.00,46.33,-999.00,-999.00,-999.00,-999.00,-999.00,-999.00,-999.00,-999.00,-999.00,1.00,-999.00,-999.00,-999.00,2.95,4.20,-999.00,-999.00,-999.00,135.08,-999.00,92.80,-999.00,-999,2.00,-999,-999.00,-999.00,-999.00,730;1297;2151;2655,-999.00,-999.00,-999.00,-999.00,5462130.43,11.51,-27.15,-7.81,-45.83,-77.88,-61.86,0,14.69,0.00,0.12,169.67,248.91,1428.02,1586.33
Rodentia,Cricetidae,Oecomys,flavicans,oecomys flavicans,-999.00,73.40,-999.00,-999.00,-999.00,-999.00,-999.00,-999.00,-999.00,-999.00,-999.00,-999.00,-999.00,-999.00,-999.00,-999.00,-999.00,-999.00,-999.00,-999.00,-999.00,-999.00,-999.00,-999.00,-999,-999.00,-999,-999.00,-999.00,-999.00,2655,-999.00,-999.00,-999.00,-999.00,40871.50,11.14,7.79,9.46,-66.02,-73.04,-69.53,7,176.78,11.00,0.11,99.00,233.69,1363.89,1725.75
Rodentia,Cricetidae,Oecomys,mamorae,oecomys mamorae,-999.00,62.50,-999.00,-999.00,-999.00,-999.00,-999.00,-999.00,-999.00,-999.00,-999.00,-999.00,-999.00,-999.00,-999.00,-999.00,-999.00,-999.00,-999.00,-999.00,-999.00,-999.00,-999.00,-999.00,-999,-999.00,-999,-999.00,-999.00,-999.00,2655,-999.00,-999.00,-999.00,-999.00,939350.65,-11.43,-20.46,-15.95,-55.87,-72.10,-63.99,0,4.15,0.00,0.16,131.24,236.93,1243.94,1474.37
Rodentia,Cricetidae,Oecomys,paricola,oecomys paricola,-999.00,73.40,-999.00,-999.00,-999.00,-999.00,-999.00,-999.00,-999.00,-999.00,-999.00,-999.00,-999.00,-999.00,-999.00,-999.00,-999.00,-999.00,-999.00,-999.00,-999.00,-999.00,-999.00,-999.00,-999,-999.00,-999,-999.00,-999.00,-999.00,2655,-999.00,-999.00,-999.00,-999.00,-999.00,-999.00,-999.00,-999.00,-999.00,-999.00,-999.00,-999,-999.00,-999.00,-999.00,-999.00,-999.00,-999.00,-999.00
Rodentia,Cricetidae,Oecomys,phaeotis,oecomys phaeotis,-999.00,73.40,-999.00,-999.00,-999.00,-999.00,-999.00,-999.00,-999.00,-999.00,-999.00,-999.00,-999.00,-999.00,-999.00,-999.00,-999.00,-999.00,-999.00,-999.00,-999.00,-999.00,-999.00,-999.00,-999,-999.00,-999,-999.00,-999.00,-999.00,2655,-999.00,-999.00,-999.00,-999.00,102039.14,-8.86,-14.49,-11.68,-69.08,-75.79,-72.43,1,7.24,1.00,0.08,207.59,201.80,1302.38,1467.62
Rodentia,Cricetidae,Oecomys,rex,oecomys rex,-999.00,73.40,-999.00,-999.00,-999.00,-999.00,-999.00,-999.00,-999.00,-999.00,-999.00,-999.00,-999.00,-999.00,-999.00,-999.00,-999.00,-999.00,-999.00,-999.00,-999.00,-999.00,-999.00,-999.00,-999,-999.00,-999,-999.00,-999.00,-999.00,2655,-999.00,-999.00,-999.00,-999.00,518332.04,8.63,-1.11,3.75,-49.87,-61.20,-55.54,0,3.33,0.00,0.08,176.38,253.61,1505.22,1722.07
Rodentia,Cricetidae,Oecomys,roberti,oecomys roberti,-999.00,73.40,-999.00,-999.00,-999.00,-999.00,-999.00,-999.00,-999.00,-999.00,-999.00,-999.00,-999.00,-999.00,-999.00,-999.00,-999.00,-999.00,-999.00,-999.00,-999.00,-999.00,-999.00,-999.00,-999,-999.00,-999,-999.00,-999.00,-999.00,2655,-999.00,-999.00,-999.00,-999.00,2124839.50,7.56,-13.57,-3.00,-51.41,-74.03,-62.72,0,1.67,0.00,0.11,186.59,251.10,1517.52,1607.72
Rodentia,Cricetidae,Oecomys,rutilus,oecomys rutilus,-999.00,73.40,-999.00,-999.00,-999.00,-999.00,-999.00,-999.00,-999.00,-999.00,-999.00,-999.00,-999.00,-999.00,-999.00,-999.00,-999.00,-999.00,-999.00,-999.00,-999.00,-999.00,-999.00,-999.00,-999,-999.00,-999,-999.00,-999.00,-999.00,2655,-999.00,-999.00,-999.00,-999.00,442179.94,8.53,1.18,4.86,-51.64,-61.38,-56.51,0,3.44,0.00,0.09,160.63,252.44,1527.12,1718.92
Rodentia,Cricetidae,Oecomys,speciosus,oecomys speciosus,-999.00,73.40,-999.00,-999.00,-999.00,-999.00,-999.00,-999.00,-999.00,-999.00,-999.00,-999.00,-999.00,-999.00,-999.00,-999.00,-999.00,-999.00,-999.00,-999.00,-999.00,-999.00,-999.00,-999.00,-999,-999.00,-999,-999.00,-999.00,-999.00,2655,-999.00,-999.00,-999.00,-999.00,273664.21,10.76,4.04,7.40,-57.13,-65.27,-61.20,0,19.65,0.00,0.11,131.56,243.49,1566.62,1740.09
Rodentia,Cricetidae,Oecomys,superans,oecomys superans,-999.00,73.40,-999.00,-999.00,-999.00,-999.00,-999.00,-999.00,-999.00,-999.00,-999.00,-999.00,-999.00,-999.00,-999.00,-999.00,-999.00,-999.00,-999.00,-999.00,-999.00,-999.00,-999.00,-999.00,-999,-999.00,-999,-999.00,-999.00,-999.00,2655,-999.00,-999.00,-999.00,-999.00,236984.26,-0.18,-13.43,-6.81,-68.85,-77.83,-73.34,0,3.52,1.00,0.14,230.78,251.72,1409.76,1464.92
Rodentia,Cricetidae,Oecomys,trinitatis,oecomys trinitatis,-999.00,73.40,-999.00,-999.00,-999.00,-999.00,-999.00,-999.00,-999.00,-999.00,-999.00,1.00,-999.00,-999.00,-999.00,-999.00,-999.00,-999.00,-999.00,-999.00,-999.00,-999.00,-999.00,-999.00,-999,2.00,-999,-999.00,-999.00,-999.00,890;2655,-999.00,-999.00,-999.00,-999.00,-999.00,-999.00,-999.00,-999.00,-999.00,-999.00,-999.00,-999,-999.00,-999.00,-999.00,-999.00,-999.00,-999.00,-999.00
Rodentia,Muridae,Oenomys,hypoxanthus,oenomys hypoxanthus,1.00,89.84,-999.00,-999.00,-999.00,-999.00,-999.00,-999.00,-999.00,-999.00,-999.00,2.00,-999.00,-999.00,-999.00,2.81,-999.00,-999.00,-999.00,-999.00,3737.96,-999.00,116.96,-999.00,-999,2.00,-999,30.00,30.00,-999.00,730;773;904;1297;2361;2399;2655,-999.00,-999.00,-999.00,-999.00,4812175.91,9.22,-13.25,-2.01,39.93,3.14,21.53,0,42.05,1.00,0.14,129.72,232.87,1244.21,1537.81
Rodentia,Muridae,Oenomys,ornatus,oenomys ornatus,-999.00,85.50,-999.00,-999.00,-999.00,-999.00,-999.00,-999.00,-999.00,-999.00,-999.00,-999.00,-999.00,-999.00,-999.00,-999.00,-999.00,-999.00,-999.00,-999.00,-999.00,-999.00,-999.00,-999.00,-999,-999.00,-999,-999.00,-999.00,-999.00,2655,-999.00,-999.00,-999.00,-999.00,456581.35,10.89,4.35,7.62,-0.01,-13.15,-6.58,3,70.28,8.00,0.07,178.24,255.08,1291.31,1548.72
Artiodactyla,Giraffidae,Okapia,johnstoni,okapia johnstoni,3.00,230001.14,-999.00,2000.00,-999.00,-999.00,-999.00,-999.00,1.00,-999.00,442.99,1.00,4.63,6.00,-999.00,0.98,1.00,396.00,18325.61,-999.00,1.02,-999.00,947.05,1.00,4,1.00,1,181.46,-999.00,-999.00,395;511;543;730;869;899;1297;1573;1792;1848;2655,-999.00,-999.00,-999.00,-999.00,1105797.06,5.13,-8.28,-1.57,30.73,18.12,24.43,1,19.42,2.00,0.14,143.90,240.38,1428.28,1604.05
Rodentia,Echimyidae,Olallamys,albicauda,olallamys albicauda,-999.00,273.50,-999.00,-999.00,-999.00,-999.00,-999.00,-999.00,-999.00,-999.00,-999.00,-999.00,-999.00,-999.00,-999.00,-999.00,-999.00,-999.00,-999.00,-999.00,-999.00,-999.00,-999.00,-999.00,-999,-999.00,-999,-999.00,-999.00,-999.00,2655,-999.00,-999.00,-999.00,-999.00,45105.03,9.88,5.12,7.50,-72.87,-76.04,-74.46,13,70.93,13.00,0.08,122.16,209.86,1459.02,1570.89
Rodentia,Echimyidae,Olallamys,edax,olallamys edax,1.00,206.40,-999.00,-999.00,-999.00,-999.00,-999.00,-999.00,-999.00,-999.00,-999.00,1.00,-999.00,-999.00,-999.00,-999.00,-999.00,-999.00,-999.00,-999.00,-999.00,-999.00,-999.00,-999.00,-999,2.00,-999,-999.00,-999.00,-999.00,2151;2655,-999.00,-999.00,-999.00,-999.00,13734.28,8.94,7.68,8.31,-71.11,-72.38,-71.75,8,66.68,8.00,0.08,106.56,232.86,1448.07,1608.07
Rodentia,Cricetidae,Oligoryzomys,andinus,oligoryzomys andinus,-999.00,25.20,-999.00,-999.00,-999.00,-999.00,-999.00,-999.00,-999.00,-999.00,-999.00,-999.00,-999.00,-999.00,-999.00,-999.00,-999.00,-999.00,-999.00,-999.00,-999.00,-999.00,-999.00,-999.00,-999,-999.00,-999,-999.00,-999.00,-999.00,2655,-999.00,-999.00,-999.00,-999.00,200929.57,-6.73,-18.23,-12.48,-65.38,-78.19,-71.79,1,22.07,3.00,0.07,72.87,109.64,813.45,1324.41
Rodentia,Cricetidae,Oligoryzomys,arenalis,oligoryzomys arenalis,-999.00,25.20,-999.00,-999.00,-999.00,-999.00,-999.00,-999.00,-999.00,-999.00,-999.00,-999.00,-999.00,-999.00,-999.00,-999.00,-999.00,-999.00,-999.00,-999.00,-999.00,-999.00,-999.00,-999.00,-999,-999.00,-999,-999.00,-999.00,-999.00,2655,-999.00,-999.00,-999.00,-999.00,92796.32,-4.39,-13.13,-8.76,-76.06,-81.20,-78.63,7,134.93,11.00,0.08,22.33,150.01,478.98,1336.12
Rodentia,Cricetidae,Oligoryzomys,brendae,oligoryzomys brendae,-999.00,-999.00,-999.00,-999.00,-999.00,-999.00,-999.00,-999.00,-999.00,-999.00,-999.00,-999.00,-999.00,-999.00,-999.00,-999.00,-999.00,-999.00,-999.00,-999.00,-999.00,-999.00,-999.00,-999.00,-999,-999.00,-999,-999.00,-999.00,-999.00,-999,-999.00,-999.00,-999.00,-999.00,-999.00,-999.00,-999.00,-999.00,-999.00,-999.00,-999.00,-999,-999.00,-999.00,-999.00,-999.00,-999.00,-999.00,-999.00
Rodentia,Cricetidae,Oligoryzomys,chacoensis,oligoryzomys chacoensis,1.00,23.00,-999.00,-999.00,-999.00,-999.00,-999.00,-999.00,3.00,-999.00,-999.00,1.00,-999.00,-999.00,-999.00,-999.00,-999.00,-999.00,-999.00,-999.00,-999.00,-999.00,-999.00,1.00,-999,1.00,2,-999.00,-999.00,-999.00,905;2655,-999.00,-999.00,-999.00,-999.00,827771.43,-15.39,-26.72,-21.06,-55.55,-65.10,-60.33,0,5.15,0.00,0.11,86.45,230.08,1051.32,1313.63
Rodentia,Cricetidae,Oligoryzomys,delticola,oligoryzomys delticola,1.00,29.39,-999.00,-999.00,-999.00,-999.00,-999.00,-999.00,2.00,-999.00,-999.00,1.00,-999.00,-999.00,-999.00,3.30,-999.00,-999.00,-999.00,-999.00,-999.00,-999.00,-999.00,-999.00,-999,2.00,2,-999.00,-999.00,-999.00,890;1297;2655,-999.00,-999.00,-999.00,-999.00,372583.05,-26.00,-34.97,-30.49,-52.65,-60.09,-56.37,3,53.85,5.00,0.05,111.31,174.93,1016.90,1120.48
Rodentia,Cricetidae,Oligoryzomys,destructor,oligoryzomys destructor,-999.00,25.20,-999.00,-999.00,-999.00,-999.00,-999.00,-999.00,-999.00,-999.00,-999.00,-999.00,-999.00,-999.00,-999.00,-999.00,-999.00,-999.00,-999.00,-999.00,-999.00,-999.00,-999.00,-999.00,-999,-999.00,-999,-999.00,-999.00,-999.00,2655,-999.00,-999.00,-999.00,-999.00,668994.69,3.32,-26.57,-11.62,-63.09,-79.24,-71.16,0,19.36,1.00,0.11,114.19,145.22,1039.19,1422.91
Rodentia,Cricetidae,Oligoryzomys,eliurus,oligoryzomys eliurus,-999.00,34.58,-999.00,-999.00,-999.00,-999.00,-999.00,-999.00,-999.00,-999.00,-999.00,-999.00,-999.00,-999.00,-999.00,-999.00,-999.00,-999.00,-999.00,-999.00,930.06,-999.00,-999.00,-999.00,-999,-999.00,-999,-999.00,-999.00,-999.00,730;2655,-999.00,-999.00,-999.00,-999.00,2271192.96,-7.14,-26.55,-16.84,-34.81,-57.94,-46.38,1,63.92,2.00,0.07,112.00,219.73,1138.23,1395.26
Rodentia,Cricetidae,Oligoryzomys,flavescens,oligoryzomys flavescens,1.00,21.30,-999.00,-999.00,-999.00,-999.00,-999.00,-999.00,2.00,-999.00,-999.00,1.00,-999.00,-999.00,-999.00,4.95,-999.00,-999.00,-999.00,-999.00,-999.00,-999.00,-999.00,-999.00,-999,1.00,2,-999.00,-999.00,-999.00,890;896;1297;2034;2655,-999.00,-999.00,-999.00,-999.00,1101364.27,-22.60,-37.88,-30.24,-46.50,-64.03,-55.26,1,53.42,4.00,0.05,115.24,179.10,1076.60,1164.14
Rodentia,Cricetidae,Oligoryzomys,fornesi,oligoryzomys fornesi,-999.00,-999.00,-999.00,-999.00,-999.00,-999.00,-999.00,-999.00,-999.00,-999.00,-999.00,-999.00,-999.00,-999.00,-999.00,-999.00,-999.00,-999.00,-999.00,-999.00,-999.00,-999.00,-999.00,-999.00,-999,-999.00,-999,-999.00,-999.00,-999.00,-999,-999.00,-999.00,-999.00,-999.00,-999.00,-999.00,-999.00,-999.00,-999.00,-999.00,-999.00,-999,-999.00,-999.00,-999.00,-999.00,-999.00,-999.00,-999.00
Rodentia,Cricetidae,Oligoryzomys,fulvescens,oligoryzomys fulvescens,1.00,25.00,-999.00,-999.00,-999.00,-999.00,-999.00,-999.00,-999.00,-999.00,-999.00,1.00,-999.00,-999.00,-999.00,3.64,-999.00,-999.00,-999.00,-999.00,-999.00,-999.00,-999.00,1.00,-999,1.00,-999,-999.00,-999.00,-999.00,905;1297;2655,-999.00,-999.00,-999.00,-999.00,2286363.05,25.66,-6.59,9.53,-49.87,-105.70,-77.78,0,47.68,1.00,0.13,142.80,235.95,1308.87,1613.67
Rodentia,Cricetidae,Oligoryzomys,griseolus,oligoryzomys griseolus,-999.00,25.20,-999.00,-999.00,-999.00,-999.00,-999.00,-999.00,-999.00,-999.00,-999.00,-999.00,-999.00,-999.00,-999.00,-999.00,-999.00,-999.00,-999.00,-999.00,-999.00,-999.00,-999.00,-999.00,-999,-999.00,-999,-999.00,-999.00,-999.00,2655,-999.00,-999.00,-999.00,-999.00,5640.42,7.90,6.99,7.45,-72.00,-72.69,-72.35,9,75.74,9.00,0.09,114.18,135.16,1353.91,1578.18
Rodentia,Cricetidae,Oligoryzomys,longicaudatus,oligoryzomys longicaudatus,-999.00,27.54,-999.00,-999.00,-999.00,-999.00,51.01,28.20,4.00,-999.00,-999.00,2.00,6.41437e-04,8.19928e-04,-999.00,4.77,-999.00,-999.00,-999.00,-999.00,361.16,-999.00,27.72,-999.00,-999,2.00,2,-999.00,-999.00,-999.00,672;730;890;1297;1492;1822;2655,-999.00,-999.00,-999.00,-999.00,912835.74,-12.59,-54.84,-33.71,-63.42,-74.62,-69.02,0,22.82,0.00,0.08,76.68,64.23,560.77,1039.71
Rodentia,Cricetidae,Oligoryzomys,magellanicus,oligoryzomys magellanicus,-999.00,25.20,-999.00,-999.00,-999.00,-999.00,-999.00,-999.00,-999.00,-999.00,-999.00,-999.00,-999.00,-999.00,-999.00,-999.00,-999.00,-999.00,-999.00,-999.00,-999.00,-999.00,-999.00,-999.00,-999,-999.00,-999,-999.00,-999.00,-999.00,2655,-999.00,-999.00,-999.00,-999.00,46140.03,-52.46,-55.05,-53.75,-65.13,-71.24,-68.19,0,2.80,0.00,0.39,33.28,41.03,328.20,407.53
Rodentia,Cricetidae,Oligoryzomys,microtis,oligoryzomys microtis,1.00,22.50,-999.00,-999.00,-999.00,-999.00,-999.00,-999.00,3.00,-999.00,-999.00,1.00,-999.00,-999.00,-999.00,-999.00,-999.00,-999.00,-999.00,-999.00,-999.00,-999.00,-999.00,1.00,-999,1.00,2,-999.00,-999.00,-999.00,905;2655,-999.00,-999.00,-999.00,-999.00,3711072.03,-2.31,-27.92,-15.12,-52.95,-75.20,-64.07,0,4.60,0.00,0.14,150.36,241.61,1307.94,1485.57
Rodentia,Cricetidae,Oligoryzomys,nigripes,oligoryzomys nigripes,1.00,20.33,-999.00,61.70,-999.00,-999.00,-999.00,-999.00,4.00,-999.00,-999.00,1.00,-999.00,-999.00,-999.00,3.59,-999.00,-999.00,-999.00,-999.00,2174.57,-999.00,47.39,1.00,-999,2.00,2,14.44,-999.00,-999.00,730;890;905;1297;1843;1849;2655,-999.00,-999.00,-999.00,-999.00,1196492.37,-21.56,-38.86,-30.21,-48.35,-66.89,-57.62,1,33.02,2.00,0.07,94.06,182.75,1010.51,1165.05
Rodentia,Cricetidae,Oligoryzomys,stramineus,oligoryzomys stramineus,-999.00,-999.00,-999.00,-999.00,-999.00,-999.00,-999.00,-999.00,-999.00,-999.00,-999.00,-999.00,-999.00,-999.00,-999.00,-999.00,-999.00,-999.00,-999.00,-999.00,-999.00,-999.00,-999.00,-999.00,-999,-999.00,-999,-999.00,-999.00,-999.00,-999,-999.00,-999.00,-999.00,-999.00,-999.00,-999.00,-999.00,-999.00,-999.00,-999.00,-999.00,-999,-999.00,-999.00,-999.00,-999.00,-999.00,-999.00,-999.00
Rodentia,Cricetidae,Oligoryzomys,vegetus,oligoryzomys vegetus,-999.00,-999.00,-999.00,-999.00,-999.00,-999.00,-999.00,-999.00,-999.00,-999.00,-999.00,-999.00,-999.00,-999.00,-999.00,-999.00,-999.00,-999.00,-999.00,-999.00,-999.00,-999.00,-999.00,-999.00,-999,-999.00,-999,-999.00,-999.00,-999.00,-999,-999.00,-999.00,-999.00,-999.00,23114.34,10.63,8.31,9.47,-81.68,-84.83,-83.26,9,62.51,9.50,0.12,262.19,249.67,1370.20,1736.63
Rodentia,Cricetidae,Oligoryzomys,victus,oligoryzomys victus,-999.00,-999.00,-999.00,-999.00,-999.00,-999.00,-999.00,-999.00,-999.00,-999.00,-999.00,-999.00,-999.00,-999.00,-999.00,-999.00,-999.00,-999.00,-999.00,-999.00,-999.00,-999.00,-999.00,-999.00,-999,-999.00,-999,-999.00,-999.00,-999.00,-999,-999.00,-999.00,-999.00,-999.00,-999.00,-999.00,-999.00,-999.00,-999.00,-999.00,-999.00,-999,-999.00,-999.00,-999.00,-999.00,-999.00,-999.00,-999.00
Carnivora,Phocidae,Ommatophoca,rossii,ommatophoca rossii,2.00,208252.12,-999.00,2061.84,0.00,-999.00,-999.00,-999.00,1.00,28.00,349.79,2.00,-999.00,-999.00,365.00,0.96,-999.00,252.00,17000.00,-999.00,0.16,-999.00,1489.84,1.00,-999,1.00,3,27.84,-999.00,-999.00,367;543;890;905;1297;2151;2655;2986,-999.00,1.10,-999.00,-999.00,-999.00,-999.00,-999.00,-999.00,-999.00,-999.00,-999.00,-999,-999.00,-999.00,-999.00,-999.00,-999.00,-999.00,-999.00
Rodentia,Cricetidae,Ondatra,zibethicus,ondatra zibethicus,2.00,991.31,-999.00,276.67,14.50,365.00,841.27,1067.30,5.00,-999.00,27.86,3.00,3.209364e-03,3.39923e-03,30.00,6.55,2.43,120.00,21.99,-999.00,-999.00,-999.00,198.11,-999.00,6,1.00,2,27.84,153.70,-999.00,543;912;1215;1297;1473;1573;1577;1849;1949;2550;2655;2950;3039,-999.00,-999.00,-999.00,-999.00,14671151.06,68.46,28.92,48.69,-52.63,-168.12,-110.38,0,18.34,0.00,0.04,52.25,30.61,455.05,598.80
Diprotodontia,Macropodidae,Onychogalea,fraenata,onychogalea fraenata,-999.00,4952.05,-999.00,525.00,-999.00,-999.00,-999.00,-999.00,1.00,-999.00,23.00,1.00,0.33,0.31,125.00,1.00,-999.00,60.00,-999.00,-999.00,20.00,1.00,209.75,-999.00,-999,1.00,1,164.53,1232.88,-999.00,899;955;1297;1573;1760;1848;2655,-999.00,1.89,-999.00,-999.00,14215.63,-23.29,-24.50,-23.89,149.17,147.87,148.52,0,0.41,0.00,0.00,54.76,205.11,756.31,1453.20
Diprotodontia,Macropodidae,Onychogalea,lunata,onychogalea lunata,-999.00,3499.99,-999.00,-999.00,-999.00,-999.00,-999.00,-999.00,-999.00,-999.00,-999.00,1.00,-999.00,-999.00,-999.00,1.00,-999.00,-999.00,-999.00,-999.00,-999.00,-999.00,-999.00,-999.00,-999,1.00,-999,-999.00,-999.00,-999.00,1760;1848;2655,-999.00,-999.00,-999.00,-999.00,-999.00,-999.00,-999.00,-999.00,-999.00,-999.00,-999.00,-999,-999.00,-999.00,-999.00,-999.00,-999.00,-999.00,-999.00
Diprotodontia,Macropodidae,Onychogalea,unguifera,onychogalea unguifera,-999.00,6494.73,-999.00,-999.00,-999.00,-999.00,-999.00,-999.00,-999.00,-999.00,-999.00,1.00,-999.00,-999.00,-999.00,1.00,-999.00,-999.00,-999.00,-999.00,-999.00,-999.00,-999.00,-999.00,-999,1.00,-999,-999.00,-999.00,-999.00,955;1760;1848;2655;2986,-999.00,-999.00,-999.00,-999.00,1113729.55,-11.11,-19.58,-15.35,144.06,122.13,133.09,0,0.43,0.00,3.66165406561445e-03,66.62,264.27,740.07,1711.29
Rodentia,Cricetidae,Onychomys,arenicola,onychomys arenicola,-999.00,30.00,-999.00,-999.00,-999.00,-999.00,-999.00,-999.00,-999.00,-999.00,-999.00,-999.00,-999.00,-999.00,-999.00,-999.00,-999.00,-999.00,-999.00,-999.00,-999.00,-999.00,-999.00,-999.00,-999,-999.00,-999,-999.00,-999.00,-999.00,2655,-999.00,-999.00,-999.00,-999.00,781840.35,38.00,21.90,29.95,-99.63,-109.01,-104.32,0,16.22,0.00,0.10,27.86,153.50,458.16,1137.06
Rodentia,Cricetidae,Oryzomys,curasoae,oryzomys curasoae,-999.00,-999.00,-999.00,-999.00,-999.00,-999.00,-999.00,-999.00,-999.00,-999.00,-999.00,-999.00,-999.00,-999.00,-999.00,-999.00,-999.00,-999.00,-999.00,-999.00,-999.00,-999.00,-999.00,-999.00,-999,-999.00,-999,-999.00,-999.00,-999.00,-999,-999.00,-999.00,-999.00,-999.00,-999.00,-999.00,-999.00,-999.00,-999.00,-999.00,-999.00,-999,-999.00,-999.00,-999.00,-999.00,-999.00,-999.00,-999.00
Rodentia,Cricetidae,Oryzomys,devius,oryzomys devius,-999.00,-999.00,-999.00,-999.00,-999.00,-999.00,-999.00,-999.00,-999.00,-999.00,-999.00,-999.00,-999.00,-999.00,-999.00,-999.00,-999.00,-999.00,-999.00,-999.00,-999.00,-999.00,-999.00,-999.00,-999,-999.00,-999,-999.00,-999.00,-999.00,-999,-999.00,-999.00,-999.00,-999.00,15901.86,10.39,8.59,9.49,-82.28,-84.68,-83.48,9,77.73,9.00,0.11,245.91,249.61,1384.66,1785.18
Rodentia,Cricetidae,Oryzomys,dimidiatus,oryzomys dimidiatus,-999.00,-999.00,-999.00,-999.00,-999.00,-999.00,-999.00,-999.00,-999.00,-999.00,-999.00,-999.00,-999.00,-999.00,-999.00,-999.00,-999.00,-999.00,-999.00,-999.00,-999.00,-999.00,-999.00,-999.00,-999,-999.00,-999,-999.00,-999.00,-999.00,-999,-999.00,-999.00,-999.00,-999.00,2792.35,12.10,11.61,11.85,-83.83,-84.41,-84.12,6,12.00,6.00,0.06,295.75,250.99,1482.52,1922.24
Rodentia,Cricetidae,Oryzomys,emmonsae,oryzomys emmonsae,-999.00,-999.00,-999.00,-999.00,-999.00,-999.00,-999.00,-999.00,-999.00,-999.00,-999.00,-999.00,-999.00,-999.00,-999.00,-999.00,-999.00,-999.00,-999.00,-999.00,-999.00,-999.00,-999.00,-999.00,-999,-999.00,-999,-999.00,-999.00,-999.00,-999,-999.00,-999.00,-999.00,-999.00,-999.00,-999.00,-999.00,-999.00,-999.00,-999.00,-999.00,-999,-999.00,-999.00,-999.00,-999.00,-999.00,-999.00,-999.00
Rodentia,Cricetidae,Oryzomys,galapagoensis,oryzomys galapagoensis,-999.00,63.51,-999.00,112.71,-999.00,-999.00,-999.00,-999.00,-999.00,-999.00,-999.00,-999.00,-999.00,-999.00,-999.00,-999.00,-999.00,20.00,-999.00,-999.00,2290.00,-999.00,-999.00,-999.00,-999,-999.00,-999,-999.00,-999.00,-999.00,641,-999.00,-999.00,-999.00,-999.00,23.33,-0.79,-0.83,-0.81,-90.02,-90.08,-90.05,4,4.00,4.00,0.33,-999.00,-999.00,-999.00,-999.00
Rodentia,Cricetidae,Oryzomys,gorgasi,oryzomys gorgasi,-999.00,60.50,-999.00,-999.00,-999.00,-999.00,-999.00,-999.00,-999.00,-999.00,-999.00,-999.00,-999.00,-999.00,-999.00,-999.00,-999.00,-999.00,-999.00,-999.00,-999.00,-999.00,-999.00,-999.00,-999,-999.00,-999,-999.00,-999.00,-999.00,2655,-999.00,-999.00,-999.00,-999.00,3724.47,8.12,7.40,7.76,-76.64,-77.34,-76.99,4,17.66,4.00,0.08,232.87,254.83,1552.66,1653.11
Rodentia,Cricetidae,Oryzomys,hammondi,oryzomys hammondi,-999.00,60.50,-999.00,-999.00,-999.00,-999.00,-999.00,-999.00,-999.00,-999.00,-999.00,-999.00,-999.00,-999.00,-999.00,-999.00,-999.00,-999.00,-999.00,-999.00,-999.00,-999.00,-999.00,-999.00,-999,-999.00,-999,-999.00,-999.00,-999.00,2655,-999.00,-999.00,-999.00,-999.00,25037.04,1.09,-1.54,-0.22,-77.83,-79.38,-78.60,9,74.55,9.00,0.11,133.52,188.87,1336.18,1462.46
Rodentia,Cricetidae,Oryzomys,keaysi,oryzomys keaysi,-999.00,58.29,-999.00,-999.00,-999.00,-999.00,-999.00,-999.00,-999.00,-999.00,-999.00,-999.00,-999.00,-999.00,-999.00,-999.00,-999.00,-999.00,-999.00,-999.00,-999.00,-999.00,-999.00,-999.00,-999,-999.00,-999,-999.00,-999.00,-999.00,2655,-999.00,-999.00,-999.00,-999.00,103630.84,-11.14,-17.18,-14.16,-65.30,-74.55,-69.93,1,17.80,1.00,0.13,157.98,156.43,1128.52,1424.80
Rodentia,Cricetidae,Oryzomys,lamia,oryzomys lamia,-999.00,60.50,-999.00,-999.00,-999.00,-999.00,-999.00,-999.00,-999.00,-999.00,-999.00,-999.00,-999.00,-999.00,-999.00,-999.00,-999.00,-999.00,-999.00,-999.00,-999.00,-999.00,-999.00,-999.00,-999,-999.00,-999,-999.00,-999.00,-999.00,2655,-999.00,-999.00,-999.00,-999.00,6408.10,-18.35,-19.13,-18.74,-47.57,-48.55,-48.06,11,31.25,11.00,0.04,137.44,207.86,1120.25,1416.44
Rodentia,Cricetidae,Oryzomys,laticeps,oryzomys laticeps,-999.00,49.11,-999.00,-999.00,-999.00,-999.00,-999.00,-999.00,-999.00,-999.00,-999.00,-999.00,-999.00,-999.00,-999.00,-999.00,-999.00,-999.00,-999.00,-999.00,177.15,-999.00,-999.00,-999.00,-999,-999.00,-999,-999.00,-999.00,-999.00,730;2655,-999.00,-999.00,-999.00,-999.00,313335.16,-3.70,-13.55,-8.62,-34.79,-40.81,-37.80,7,130.49,14.50,0.07,98.67,242.29,996.27,1473.07
Rodentia,Cricetidae,Oryzomys,legatus,oryzomys legatus,-999.00,61.50,-999.00,-999.00,-999.00,-999.00,-999.00,-999.00,-999.00,-999.00,-999.00,-999.00,-999.00,-999.00,-999.00,-999.00,-999.00,-999.00,-999.00,-999.00,-999.00,-999.00,-999.00,-999.00,-999,-999.00,-999,-999.00,-999.00,-999.00,2655,-999.00,-999.00,-999.00,-999.00,95064.98,-18.69,-23.38,-21.04,-61.89,-65.16,-63.53,0,4.48,1.00,0.09,78.03,187.51,865.64,1504.23
Rodentia,Cricetidae,Oryzomys,levipes,oryzomys levipes,-999.00,60.50,-999.00,-999.00,-999.00,-999.00,-999.00,-999.00,-999.00,-999.00,-999.00,-999.00,-999.00,-999.00,-999.00,-999.00,-999.00,-999.00,-999.00,-999.00,-999.00,-999.00,-999.00,-999.00,-999,-999.00,-999,-999.00,-999.00,-999.00,2655,-999.00,-999.00,-999.00,-999.00,127740.80,-12.37,-18.40,-15.39,-64.26,-72.03,-68.14,1,20.99,1.00,0.12,151.20,133.65,1109.27,1379.82
Rodentia,Cricetidae,Oryzomys,macconnelli,oryzomys macconnelli,1.00,66.49,-999.00,-999.00,-999.00,-999.00,-999.00,-999.00,3.00,-999.00,-999.00,1.00,-999.00,-999.00,-999.00,-999.00,-999.00,-999.00,-999.00,-999.00,52.08,-999.00,-999.00,1.00,-999,1.00,2,-999.00,-999.00,-999.00,730;905;2655,-999.00,-999.00,-999.00,-999.00,3728432.24,6.35,-13.81,-3.73,-46.18,-76.68,-61.43,0,2.81,0.00,0.11,182.27,254.23,1475.69,1606.74
Rodentia,Cricetidae,Oryzomys,maracajuensis,oryzomys maracajuensis,-999.00,-999.00,-999.00,-999.00,-999.00,-999.00,-999.00,-999.00,-999.00,-999.00,-999.00,-999.00,-999.00,-999.00,-999.00,-999.00,-999.00,-999.00,-999.00,-999.00,-999.00,-999.00,-999.00,-999.00,-999,-999.00,-999,-999.00,-999.00,-999.00,-999,-999.00,-999.00,-999.00,-999.00,-999.00,-999.00,-999.00,-999.00,-999.00,-999.00,-999.00,-999,-999.00,-999.00,-999.00,-999.00,-999.00,-999.00,-999.00
Rodentia,Cricetidae,Oryzomys,marinhus,oryzomys marinhus,-999.00,-999.00,-999.00,-999.00,-999.00,-999.00,-999.00,-999.00,-999.00,-999.00,-999.00,-999.00,-999.00,-999.00,-999.00,-999.00,-999.00,-999.00,-999.00,-999.00,-999.00,-999.00,-999.00,-999.00,-999,-999.00,-999,-999.00,-999.00,-999.00,-999,-999.00,-999.00,-999.00,-999.00,-999.00,-999.00,-999.00,-999.00,-999.00,-999.00,-999.00,-999,-999.00,-999.00,-999.00,-999.00,-999.00,-999.00,-999.00
Rodentia,Cricetidae,Oryzomys,megacephalus,oryzomys megacephalus,1.00,57.00,-999.00,122.13,-999.00,-999.00,-999.00,-999.00,4.00,-999.00,27.28,1.00,6.039781e-03,5.666387e-03,-999.00,3.72,6.06,45.00,3.84,-999.00,320.00,-999.00,53.85,1.00,-999,1.00,2,-999.00,-999.00,-999.00,730;905;921;979;1297;1573;1876;2151;2159;2655,-999.00,-999.00,-999.00,-999.00,-999.00,-999.00,-999.00,-999.00,-999.00,-999.00,-999.00,-999,-999.00,-999.00,-999.00,-999.00,-999.00,-999.00,-999.00
Rodentia,Cricetidae,Oryzomys,melanotis,oryzomys melanotis,-999.00,49.99,-999.00,-999.00,-999.00,-999.00,-999.00,-999.00,-999.00,-999.00,-999.00,2.00,-999.00,-999.00,-999.00,3.88,-999.00,-999.00,-999.00,-999.00,1023.95,-999.00,-999.00,-999.00,-999,2.00,-999,-999.00,-999.00,-999.00,568;730;1297;2655,-999.00,-999.00,-999.00,-999.00,139186.08,23.85,15.64,19.74,-95.44,-106.88,-101.16,4,36.96,8.00,0.06,88.73,206.43,869.58,1630.41
Rodentia,Cricetidae,Oryzomys,meridensis,oryzomys meridensis,-999.00,-999.00,-999.00,-999.00,-999.00,-999.00,-999.00,-999.00,-999.00,-999.00,-999.00,-999.00,-999.00,-999.00,-999.00,-999.00,-999.00,-999.00,-999.00,-999.00,-999.00,-999.00,-999.00,-999.00,-999,-999.00,-999,-999.00,-999.00,-999.00,-999,-999.00,-999.00,-999.00,-999.00,-999.00,-999.00,-999.00,-999.00,-999.00,-999.00,-999.00,-999,-999.00,-999.00,-999.00,-999.00,-999.00,-999.00,-999.00
Rodentia,Cricetidae,Oryzomys,nelsoni,oryzomys nelsoni,-999.00,-999.00,-999.00,-999.00,-999.00,-999.00,-999.00,-999.00,-999.00,-999.00,-999.00,-999.00,-999.00,-999.00,-999.00,-999.00,-999.00,-999.00,-999.00,-999.00,-999.00,-999.00,-999.00,-999.00,-999,-999.00,-999,-999.00,-999.00,-999.00,-999,-999.00,-999.00,-999.00,-999.00,-999.00,-999.00,-999.00,-999.00,-999.00,-999.00,-999.00,-999,-999.00,-999.00,-999.00,-999.00,-999.00,-999.00,-999.00
Rodentia,Cricetidae,Oryzomys,nitidus,oryzomys nitidus,1.00,55.19,-999.00,-999.00,-999.00,-999.00,-999.00,-999.00,3.00,-999.00,-999.00,1.00,-999.00,-999.00,-999.00,-999.00,-999.00,-999.00,-999.00,-999.00,-999.00,-999.00,-999.00,1.00,-999,1.00,2,-999.00,-999.00,-999.00,890;905;2655,-999.00,-999.00,-999.00,-999.00,1399021.30,0.27,-19.88,-9.80,-57.04,-77.98,-67.51,0,3.58,0.00,0.16,160.46,244.82,1329.43,1490.03
Rodentia,Cricetidae,Oryzomys,palustris,oryzomys palustris,1.00,53.26,-999.00,133.50,8.75,-999.00,-999.00,-999.00,5.00,-999.00,24.74,2.00,2.784913e-03,2.739781e-03,-999.00,4.08,-999.00,28.50,3.49,-999.00,534.88,-999.00,49.92,-999.00,16,1.00,2,11.44,21.99,-999.00,291;533;730;899;1235;1297;1577;1849;2118;2655;2774;3065,-999.00,-999.00,-999.00,-999.00,1511258.59,41.28,24.94,33.11,-73.97,-98.46,-86.22,0,70.74,5.00,0.06,98.30,174.01,970.45,1094.88
Rodentia,Cricetidae,Oryzomys,perenensis,oryzomys perenensis,-999.00,-999.00,-999.00,-999.00,-999.00,-999.00,-999.00,-999.00,-999.00,-999.00,-999.00,-999.00,-999.00,-999.00,-999.00,-999.00,-999.00,-999.00,-999.00,-999.00,-999.00,-999.00,-999.00,-999.00,-999,-999.00,-999,-999.00,-999.00,-999.00,-999,-999.00,-999.00,-999.00,-999.00,-999.00,-999.00,-999.00,-999.00,-999.00,-999.00,-999.00,-999,-999.00,-999.00,-999.00,-999.00,-999.00,-999.00,-999.00
Rodentia,Cricetidae,Oryzomys,polius,oryzomys polius,-999.00,60.50,-999.00,-999.00,-999.00,-999.00,-999.00,-999.00,-999.00,-999.00,-999.00,-999.00,-999.00,-999.00,-999.00,-999.00,-999.00,-999.00,-999.00,-999.00,-999.00,-999.00,-999.00,-999.00,-999,-999.00,-999,-999.00,-999.00,-999.00,2655,-999.00,-999.00,-999.00,-999.00,66779.09,-6.62,-11.88,-9.25,-72.88,-76.34,-74.61,1,5.14,2.00,0.20,147.90,246.51,1414.23,1506.12
Rodentia,Cricetidae,Oryzomys,rhabdops,oryzomys rhabdops,-999.00,-999.00,-999.00,-999.00,-999.00,-999.00,-999.00,-999.00,-999.00,-999.00,-999.00,-999.00,-999.00,-999.00,-999.00,-999.00,-999.00,-999.00,-999.00,-999.00,-999.00,-999.00,-999.00,-999.00,-999,-999.00,-999,-999.00,-999.00,-999.00,-999,-999.00,-999.00,-999.00,-999.00,48320.79,17.06,13.85,15.46,-90.34,-93.30,-91.82,17,113.83,22.00,0.09,113.17,209.98,1327.39,1704.00
Rodentia,Cricetidae,Oryzomys,rostratus,oryzomys rostratus,-999.00,-999.00,-999.00,-999.00,-999.00,-999.00,-999.00,-999.00,-999.00,-999.00,-999.00,-999.00,-999.00,-999.00,-999.00,-999.00,-999.00,-999.00,-999.00,-999.00,-999.00,-999.00,-999.00,-999.00,-999,-999.00,-999,-999.00,-999.00,-999.00,-999,-999.00,-999.00,-999.00,-999.00,379484.12,24.37,13.14,18.76,-86.73,-99.84,-93.28,3,58.17,4.00,0.14,111.60,244.37,1193.65,1560.35
Rodentia,Cricetidae,Oryzomys,russatus,oryzomys russatus,1.00,60.50,-999.00,-999.00,-999.00,-999.00,-999.00,-999.00,3.00,-999.00,-999.00,1.00,-999.00,-999.00,-999.00,-999.00,-999.00,-999.00,-999.00,-999.00,-999.00,-999.00,-999.00,1.00,-999,1.00,2,-999.00,-999.00,-999.00,905;2655,-999.00,-999.00,-999.00,-999.00,327955.46,-18.88,-24.17,-21.52,-39.69,-47.52,-43.61,7,199.66,10.00,0.05,123.76,198.46,1181.09,1366.32
Rodentia,Cricetidae,Oryzomys,saturatior,oryzomys saturatior,-999.00,-999.00,-999.00,-999.00,-999.00,-999.00,-999.00,-999.00,-999.00,-999.00,-999.00,-999.00,-999.00,-999.00,-999.00,-999.00,-999.00,-999.00,-999.00,-999.00,-999.00,-999.00,-999.00,-999.00,-999,-999.00,-999,-999.00,-999.00,-999.00,-999,-999.00,-999.00,-999.00,-999.00,127187.85,17.88,13.14,15.51,-86.53,-92.79,-89.66,10,105.37,17.00,0.12,132.74,221.17,1312.18,1630.11
Rodentia,Cricetidae,Oryzomys,scotti,oryzomys scotti,-999.00,-999.00,-999.00,-999.00,-999.00,-999.00,-999.00,-999.00,-999.00,-999.00,-999.00,-999.00,-999.00,-999.00,-999.00,-999.00,-999.00,-999.00,-999.00,-999.00,-999.00,-999.00,-999.00,-999.00,-999,-999.00,-999,-999.00,-999.00,-999.00,-999,-999.00,-999.00,-999.00,-999.00,-999.00,-999.00,-999.00,-999.00,-999.00,-999.00,-999.00,-999,-999.00,-999.00,-999.00,-999.00,-999.00,-999.00,-999.00
Rodentia,Cricetidae,Neotoma,micropus,neotoma micropus,2.00,255.14,-999.00,212.68,13.50,-999.00,-999.00,-999.00,5.00,182.50,34.00,-999.00,2.00287e-04,2.09499e-04,-999.00,2.50,2.00,27.00,11.70,-999.00,2520.91,-999.00,172.70,-999.00,-999,-999.00,1,29.83,-999.00,-999.00,450;730;952;1297;1573;2393;2655;2924,-999.00,-999.00,-999.00,-999.00,1066968.81,38.38,21.34,29.86,-96.76,-108.93,-102.85,0,16.87,0.00,0.07,39.57,172.97,578.71,1140.31
Rodentia,Cricetidae,Neotoma,nelsoni,neotoma nelsoni,-999.00,198.00,-999.00,-999.00,-999.00,-999.00,-999.00,-999.00,-999.00,-999.00,-999.00,-999.00,-999.00,-999.00,-999.00,-999.00,-999.00,-999.00,-999.00,-999.00,-999.00,-999.00,-999.00,-999.00,-999,-999.00,-999,-999.00,-999.00,-999.00,2655,-999.00,-999.00,-999.00,-999.00,401.20,19.44,19.23,19.34,-97.18,-97.38,-97.28,100,100.00,100.00,0.08,135.00,104.00,1082.00,1223.00
Rodentia,Cricetidae,Neotoma,palatina,neotoma palatina,-999.00,198.00,-999.00,-999.00,-999.00,-999.00,-999.00,-999.00,-999.00,-999.00,-999.00,-999.00,-999.00,-999.00,-999.00,-999.00,-999.00,-999.00,-999.00,-999.00,-999.00,-999.00,-999.00,-999.00,-999,-999.00,-999,-999.00,-999.00,-999.00,2655,-999.00,-999.00,-999.00,-999.00,12276.38,23.11,21.28,22.19,-103.35,-104.23,-103.79,4,10.18,4.00,0.04,55.03,162.60,712.96,1379.13
Rodentia,Cricetidae,Neotoma,phenax,neotoma phenax,-999.00,227.49,-999.00,196.00,-999.00,-999.00,-999.00,-999.00,2.00,-999.00,-999.00,-999.00,-999.00,-999.00,-999.00,2.00,-999.00,-999.00,-999.00,-999.00,-999.00,-999.00,-999.00,-999.00,-999,-999.00,1,-999.00,-999.00,-999.00,1297;1641;2655,-999.00,-999.00,-999.00,-999.00,42812.73,28.31,24.26,26.29,-107.44,-111.37,-109.40,3,42.76,4.00,0.10,26.35,238.77,656.95,1364.05
Rodentia,Cricetidae,Neotoma,stephensi,neotoma stephensi,-999.00,149.22,-999.00,161.00,13.00,-999.00,-999.00,-999.00,3.00,-999.00,31.65,-999.00,-999.00,-999.00,130.00,1.06,1.90,-999.00,10.60,-999.00,-999.00,-999.00,324.33,-999.00,-999,-999.00,2,36.60,34.99,-999.00,1297;1515;2655;2923;2924,-999.00,-999.00,-999.00,-999.00,227258.75,37.29,32.41,34.85,-106.38,-114.48,-110.43,0,5.77,0.00,0.12,24.91,120.18,387.54,1132.57
Rodentia,Cricetidae,Neotomodon,alstoni,neotomodon alstoni,1.00,44.64,-999.00,115.16,19.00,-999.00,-999.00,-999.00,-999.00,-999.00,27.29,2.00,1.524967e-03,1.315443e-03,-999.00,3.20,2.50,-999.00,3.40,29.00,3379.42,-999.00,106.63,-999.00,-999,1.00,-999,-999.00,-999.00,-999.00,730;925;926;1297;1832;2655;3030,-999.00,-999.00,-999.00,-999.00,47683.50,19.96,18.79,19.37,-96.84,-102.53,-99.68,19,328.00,24.00,0.09,90.97,172.71,931.06,1354.62
Rodentia,Cricetidae,Neotomys,ebriosus,neotomys ebriosus,-999.00,64.50,-999.00,-999.00,-999.00,-999.00,-999.00,-999.00,-999.00,-999.00,-999.00,-999.00,-999.00,-999.00,-999.00,-999.00,-999.00,-999.00,-999.00,-999.00,-999.00,-999.00,-999.00,-999.00,-999,-999.00,-999,-999.00,-999.00,-999.00,2655,-999.00,-999.00,-999.00,-999.00,859787.06,-7.45,-29.71,-18.58,-64.02,-78.13,-71.08,0,13.47,0.00,0.06,63.94,48.08,634.86,1307.39
Artiodactyla,Bovidae,Neotragus,batesi,neotragus batesi,2.00,2967.45,-999.00,540.00,-999.00,365.00,-999.00,-999.00,4.00,-999.00,181.24,1.00,-999.00,-999.00,-999.00,1.00,-999.00,168.00,499.99,-999.00,-999.00,-999.00,366.52,-999.00,4,1.00,1,-999.00,-999.00,-999.00,904;1297;1848;2655;2693;2986,-999.00,-999.00,-999.00,-999.00,1089948.06,8.02,-4.03,1.99,30.92,6.03,18.47,0,41.93,1.00,0.10,144.95,238.25,1384.80,1560.58
Artiodactyla,Bovidae,Neotragus,moschatus,neotragus moschatus,2.00,5639.01,-999.00,599.99,-999.00,-999.00,-999.00,-999.00,5.00,-999.00,180.00,1.00,-999.00,-999.00,-999.00,1.00,-999.00,168.00,-999.00,-999.00,17.32,-999.00,197.64,1.50,4,1.00,1,-999.00,-999.00,-999.00,543;869;1052;1297;1525;1848;2629;2655;2693,-999.00,-999.00,-999.00,-999.00,1612115.59,2.16,-28.74,-13.29,40.84,30.22,35.53,1,42.01,2.00,0.19,75.22,231.84,908.38,1518.29
Artiodactyla,Bovidae,Neotragus,pygmaeus,neotragus pygmaeus,2.00,3913.68,-999.00,499.99,-999.00,-999.00,-999.00,-999.00,4.00,-999.00,180.00,-999.00,-999.00,-999.00,-999.00,1.00,-999.00,168.00,-999.00,-999.00,-999.00,-999.00,-999.00,2.00,4,-999.00,1,-999.00,-999.00,-999.00,543;1525;1848;2655;2693,-999.00,-999.00,-999.00,-999.00,426515.09,9.27,4.35,6.81,0.13,-13.32,-6.59,3,74.42,8.00,0.07,176.50,256.17,1310.62,1560.33
Carnivora,Mustelidae,Neovison,macrodon,neovison macrodon,-999.00,-999.00,-999.00,-999.00,-999.00,-999.00,-999.00,-999.00,-999.00,-999.00,-999.00,-999.00,-999.00,-999.00,-999.00,-999.00,-999.00,-999.00,-999.00,-999.00,-999.00,-999.00,-999.00,-999.00,-999,-999.00,-999,-999.00,-999.00,-999.00,-999,-999.00,-999.00,-999.00,-999.00,-999.00,-999.00,-999.00,-999.00,-999.00,-999.00,-999.00,-999,-999.00,-999.00,-999.00,-999.00,-999.00,-999.00,-999.00
Carnivora,Mustelidae,Neovison,vison,neovison vison,-999.00,-999.00,-999.00,-999.00,-999.00,-999.00,-999.00,-999.00,-999.00,-999.00,-999.00,-999.00,-999.00,-999.00,-999.00,-999.00,-999.00,-999.00,-999.00,-999.00,-999.00,-999.00,-999.00,-999.00,-999,-999.00,-999,-999.00,-999.00,-999.00,-999,-999.00,-999.00,-999.00,-999.00,13218592.49,71.39,24.94,48.16,-55.61,-168.12,-111.87,0,20.21,0.00,0.03,55.37,14.91,458.26,529.25
Soricomorpha,Soricidae,Nesiotites,hidalgo,nesiotites hidalgo,-999.00,-999.00,-999.00,-999.00,-999.00,-999.00,-999.00,-999.00,-999.00,-999.00,-999.00,-999.00,-999.00,-999.00,-999.00,-999.00,-999.00,-999.00,-999.00,-999.00,-999.00,-999.00,-999.00,-999.00,-999,-999.00,-999,-999.00,-999.00,-999.00,-999,-999.00,-999.00,-999.00,-999.00,-999.00,-999.00,-999.00,-999.00,-999.00,-999.00,-999.00,-999,-999.00,-999.00,-999.00,-999.00,-999.00,-999.00,-999.00
Soricomorpha,Soricidae,Nesiotites,similis,nesiotites similis,-999.00,-999.00,-999.00,-999.00,-999.00,-999.00,-999.00,-999.00,-999.00,-999.00,-999.00,-999.00,-999.00,-999.00,-999.00,-999.00,-999.00,-999.00,-999.00,-999.00,-999.00,-999.00,-999.00,-999.00,-999,-999.00,-999,-999.00,-999.00,-999.00,-999,-999.00,-999.00,-999.00,-999.00,-999.00,-999.00,-999.00,-999.00,-999.00,-999.00,-999.00,-999,-999.00,-999.00,-999.00,-999.00,-999.00,-999.00,-999.00
Rodentia,Muridae,Nesokia,bunnii,nesokia bunnii,-999.00,-999.00,-999.00,-999.00,-999.00,-999.00,-999.00,-999.00,-999.00,-999.00,-999.00,-999.00,-999.00,-999.00,-999.00,-999.00,-999.00,-999.00,-999.00,-999.00,-999.00,-999.00,-999.00,-999.00,-999,-999.00,-999,-999.00,-999.00,-999.00,-999,-999.00,-999.00,-999.00,-999.00,125600.92,33.79,29.50,31.65,49.34,43.96,46.65,6,78.56,21.00,0.08,13.80,234.02,193.33,1300.29
Rodentia,Muridae,Nesokia,indica,nesokia indica,-999.00,178.08,-999.00,-999.00,-999.00,-999.00,-999.00,-999.00,2.00,-999.00,17.00,-999.00,-999.00,-999.00,-999.00,4.18,-999.00,-999.00,-999.00,-999.00,-999.00,-999.00,-999.00,-999.00,-999,-999.00,1,-999.00,-999.00,-999.00,679;1297;2329;2655,-999.00,-999.00,-999.00,-999.00,3123147.51,44.14,22.73,33.44,93.64,48.71,71.18,0,71.50,1.00,0.14,23.65,158.25,269.32,1122.51
Lagomorpha,Leporidae,Nesolagus,netscheri,nesolagus netscheri,1.00,1511.67,-999.00,377.73,-999.00,-999.00,-999.00,-999.00,2.00,-999.00,-999.00,2.00,-999.00,-999.00,-999.00,-999.00,-999.00,-999.00,-999.00,-999.00,-999.00,-999.00,-999.00,-999.00,-999,1.00,1,-999.00,-999.00,-999.00,95;511;899;990;1952,-999.00,-999.00,-999.00,-999.00,15903.21,3.30,-5.00,-0.84,104.56,97.51,101.03,39,83.11,39.00,0.16,269.74,238.81,1856.66,1875.92
Lagomorpha,Leporidae,Nesolagus,timminsi,nesolagus timminsi,-999.00,-999.00,-999.00,-999.00,-999.00,-999.00,-999.00,-999.00,-999.00,-999.00,-999.00,-999.00,-999.00,-999.00,-999.00,-999.00,-999.00,-999.00,-999.00,-999.00,-999.00,-999.00,-999.00,-999.00,-999,-999.00,-999,-999.00,-999.00,-999.00,-999,-999.00,-999.00,-999.00,-999.00,57.96,18.41,18.33,18.37,105.26,105.18,105.22,60,60.00,60.00,0.11,147.00,183.00,1100.00,1459.00
Rodentia,Nesomyidae,Nesomys,audeberti,nesomys audeberti,-999.00,214.04,-999.00,-999.00,-999.00,-999.00,-999.00,-999.00,2.00,-999.00,-999.00,-999.00,7.414147e-03,6.955787e-03,-999.00,-999.00,-999.00,-999.00,-999.00,-999.00,-999.00,-999.00,-999.00,-999.00,-999,-999.00,1,-999.00,-999.00,-999.00,1048;1573;2655,-999.00,-999.00,-999.00,-999.00,-999.00,-999.00,-999.00,-999.00,-999.00,-999.00,-999.00,-999,-999.00,-999.00,-999.00,-999.00,-999.00,-999.00,-999.00
Rodentia,Nesomyidae,Nesomys,lambertoni,nesomys lambertoni,-999.00,155.00,-999.00,-999.00,-999.00,-999.00,-999.00,-999.00,-999.00,-999.00,-999.00,-999.00,-999.00,-999.00,-999.00,-999.00,-999.00,-999.00,-999.00,-999.00,-999.00,-999.00,-999.00,-999.00,-999,-999.00,-999,-999.00,-999.00,-999.00,2655,-999.00,-999.00,-999.00,-999.00,-999.00,-999.00,-999.00,-999.00,-999.00,-999.00,-999.00,-999,-999.00,-999.00,-999.00,-999.00,-999.00,-999.00,-999.00
Rodentia,Nesomyidae,Nesomys,rufus,nesomys rufus,2.00,163.96,-999.00,208.00,-999.00,-999.00,-999.00,-999.00,2.00,-999.00,-999.00,-999.00,3.902215e-03,3.660971e-03,-999.00,-999.00,-999.00,-999.00,-999.00,-999.00,-999.00,-999.00,-999.00,-999.00,-999,-999.00,1,-999.00,-999.00,-999.00,1048;1573;2152;2333;2655,-999.00,-999.00,-999.00,-999.00,65566.48,-13.66,-22.77,-18.21,50.11,46.75,48.43,8,43.74,10.00,0.18,169.07,191.80,1325.20,1577.46
Soricomorpha,Nesophontidae,Nesophontes,edithae,nesophontes edithae,-999.00,-999.00,-999.00,-999.00,-999.00,-999.00,-999.00,-999.00,-999.00,-999.00,-999.00,-999.00,-999.00,-999.00,-999.00,-999.00,-999.00,-999.00,-999.00,-999.00,-999.00,-999.00,-999.00,-999.00,-999,-999.00,-999,-999.00,-999.00,-999.00,-999,-999.00,-999.00,-999.00,-999.00,-999.00,-999.00,-999.00,-999.00,-999.00,-999.00,-999.00,-999,-999.00,-999.00,-999.00,-999.00,-999.00,-999.00,-999.00
Soricomorpha,Nesophontidae,Nesophontes,hypomicrus,nesophontes hypomicrus,-999.00,-999.00,-999.00,-999.00,-999.00,-999.00,-999.00,-999.00,-999.00,-999.00,-999.00,-999.00,-999.00,-999.00,-999.00,-999.00,-999.00,-999.00,-999.00,-999.00,-999.00,-999.00,-999.00,-999.00,-999,-999.00,-999,-999.00,-999.00,-999.00,-999,-999.00,-999.00,-999.00,-999.00,-999.00,-999.00,-999.00,-999.00,-999.00,-999.00,-999.00,-999,-999.00,-999.00,-999.00,-999.00,-999.00,-999.00,-999.00
Soricomorpha,Nesophontidae,Nesophontes,longirostris,nesophontes longirostris,-999.00,-999.00,-999.00,-999.00,-999.00,-999.00,-999.00,-999.00,-999.00,-999.00,-999.00,-999.00,-999.00,-999.00,-999.00,-999.00,-999.00,-999.00,-999.00,-999.00,-999.00,-999.00,-999.00,-999.00,-999,-999.00,-999,-999.00,-999.00,-999.00,-999,-999.00,-999.00,-999.00,-999.00,-999.00,-999.00,-999.00,-999.00,-999.00,-999.00,-999.00,-999,-999.00,-999.00,-999.00,-999.00,-999.00,-999.00,-999.00
Soricomorpha,Nesophontidae,Nesophontes,major,nesophontes major,-999.00,-999.00,-999.00,-999.00,-999.00,-999.00,-999.00,-999.00,-999.00,-999.00,-999.00,-999.00,-999.00,-999.00,-999.00,-999.00,-999.00,-999.00,-999.00,-999.00,-999.00,-999.00,-999.00,-999.00,-999,-999.00,-999,-999.00,-999.00,-999.00,-999,-999.00,-999.00,-999.00,-999.00,-999.00,-999.00,-999.00,-999.00,-999.00,-999.00,-999.00,-999,-999.00,-999.00,-999.00,-999.00,-999.00,-999.00,-999.00
Soricomorpha,Nesophontidae,Nesophontes,micrus,nesophontes micrus,-999.00,-999.00,-999.00,-999.00,-999.00,-999.00,-999.00,-999.00,-999.00,-999.00,-999.00,-999.00,-999.00,-999.00,-999.00,-999.00,-999.00,-999.00,-999.00,-999.00,-999.00,-999.00,-999.00,-999.00,-999,-999.00,-999,-999.00,-999.00,-999.00,-999,-999.00,-999.00,-999.00,-999.00,-999.00,-999.00,-999.00,-999.00,-999.00,-999.00,-999.00,-999,-999.00,-999.00,-999.00,-999.00,-999.00,-999.00,-999.00
Soricomorpha,Nesophontidae,Nesophontes,paramicrus,nesophontes paramicrus,-999.00,-999.00,-999.00,-999.00,-999.00,-999.00,-999.00,-999.00,-999.00,-999.00,-999.00,-999.00,-999.00,-999.00,-999.00,-999.00,-999.00,-999.00,-999.00,-999.00,-999.00,-999.00,-999.00,-999.00,-999,-999.00,-999,-999.00,-999.00,-999.00,-999,-999.00,-999.00,-999.00,-999.00,-999.00,-999.00,-999.00,-999.00,-999.00,-999.00,-999.00,-999,-999.00,-999.00,-999.00,-999.00,-999.00,-999.00,-999.00
Soricomorpha,Nesophontidae,Nesophontes,submicrus,nesophontes submicrus,-999.00,-999.00,-999.00,-999.00,-999.00,-999.00,-999.00,-999.00,-999.00,-999.00,-999.00,-999.00,-999.00,-999.00,-999.00,-999.00,-999.00,-999.00,-999.00,-999.00,-999.00,-999.00,-999.00,-999.00,-999,-999.00,-999,-999.00,-999.00,-999.00,-999,-999.00,-999.00,-999.00,-999.00,-999.00,-999.00,-999.00,-999.00,-999.00,-999.00,-999.00,-999,-999.00,-999.00,-999.00,-999.00,-999.00,-999.00,-999.00
Soricomorpha,Nesophontidae,Nesophontes,superstes,nesophontes superstes,-999.00,-999.00,-999.00,-999.00,-999.00,-999.00,-999.00,-999.00,-999.00,-999.00,-999.00,-999.00,-999.00,-999.00,-999.00,-999.00,-999.00,-999.00,-999.00,-999.00,-999.00,-999.00,-999.00,-999.00,-999,-999.00,-999,-999.00,-999.00,-999.00,-999,-999.00,-999.00,-999.00,-999.00,-999.00,-999.00,-999.00,-999.00,-999.00,-999.00,-999.00,-999,-999.00,-999.00,-999.00,-999.00,-999.00,-999.00,-999.00
Soricomorpha,Nesophontidae,Nesophontes,zamicrus,nesophontes zamicrus,-999.00,-999.00,-999.00,-999.00,-999.00,-999.00,-999.00,-999.00,-999.00,-999.00,-999.00,-999.00,-999.00,-999.00,-999.00,-999.00,-999.00,-999.00,-999.00,-999.00,-999.00,-999.00,-999.00,-999.00,-999,-999.00,-999,-999.00,-999.00,-999.00,-999,-999.00,-999.00,-999.00,-999.00,-999.00,-999.00,-999.00,-999.00,-999.00,-999.00,-999.00,-999,-999.00,-999.00,-999.00,-999.00,-999.00,-999.00,-999.00
Rodentia,Muridae,Nesoromys,ceramicus,nesoromys ceramicus,-999.00,-999.00,-999.00,-999.00,-999.00,-999.00,-999.00,-999.00,-999.00,-999.00,-999.00,-999.00,-999.00,-999.00,-999.00,-999.00,-999.00,-999.00,-999.00,-999.00,-999.00,-999.00,-999.00,-999.00,-999,-999.00,-999,-999.00,-999.00,-999.00,-999,-999.00,-999.00,-999.00,-999.00,2716.44,-2.91,-3.32,-3.11,129.88,129.11,129.49,23,23.00,23.00,0.04,280.50,233.50,-999.00,-999.00
Rodentia,Cricetidae,Nesoryzomys,darwini,nesoryzomys darwini,-999.00,-999.00,-999.00,-999.00,-999.00,-999.00,-999.00,-999.00,-999.00,-999.00,-999.00,-999.00,-999.00,-999.00,-999.00,-999.00,-999.00,-999.00,-999.00,-999.00,-999.00,-999.00,-999.00,-999.00,-999,-999.00,-999,-999.00,-999.00,-999.00,-999,-999.00,-999.00,-999.00,-999.00,-999.00,-999.00,-999.00,-999.00,-999.00,-999.00,-999.00,-999,-999.00,-999.00,-999.00,-999.00,-999.00,-999.00,-999.00
Rodentia,Cricetidae,Nesoryzomys,fernandinae,nesoryzomys fernandinae,-999.00,-999.00,-999.00,-999.00,-999.00,-999.00,-999.00,-999.00,-999.00,-999.00,-999.00,-999.00,-999.00,-999.00,-999.00,-999.00,-999.00,-999.00,-999.00,-999.00,-999.00,-999.00,-999.00,-999.00,-999,-999.00,-999,-999.00,-999.00,-999.00,-999,-999.00,-999.00,-999.00,-999.00,641.36,-0.25,-0.49,-0.37,-91.37,-91.66,-91.51,0,0.00,0.00,-999.00,28.00,218.00,-999.00,-999.00
Rodentia,Cricetidae,Nesoryzomys,indefessus,nesoryzomys indefessus,-999.00,-999.00,-999.00,-999.00,-999.00,-999.00,-999.00,-999.00,-999.00,-999.00,-999.00,-999.00,-999.00,-999.00,-999.00,-999.00,-999.00,-999.00,-999.00,-999.00,-999.00,-999.00,-999.00,-999.00,-999,-999.00,-999,-999.00,-999.00,-999.00,-999,-999.00,-999.00,-999.00,-999.00,666.88,-0.25,-0.49,-0.37,-90.24,-91.66,-90.95,0,1.33,0.00,0.33,28.00,218.00,-999.00,-999.00
Rodentia,Cricetidae,Nesoryzomys,swarthi,nesoryzomys swarthi,-999.00,-999.00,-999.00,-999.00,-999.00,-999.00,-999.00,-999.00,-999.00,-999.00,-999.00,-999.00,-999.00,-999.00,-999.00,-999.00,-999.00,-999.00,-999.00,-999.00,-999.00,-999.00,-999.00,-999.00,-999,-999.00,-999,-999.00,-999.00,-999.00,-999,-999.00,-999.00,-999.00,-999.00,577.46,-0.14,-0.37,-0.25,-90.54,-90.86,-90.70,4,4.00,4.00,0.33,-999.00,-999.00,-999.00,-999.00
Soricomorpha,Talpidae,Neurotrichus,gibbsii,neurotrichus gibbsii,2.00,9.56,-999.00,78.76,-999.00,-999.00,-999.00,-999.00,4.00,-999.00,21.27,2.00,2.858953e-03,4.049691e-03,-999.00,2.99,1.00,-999.00,0.60,23.36,1413.50,2.00,-999.00,-999.00,-999,1.00,2,-999.00,-999.00,-999.00,176;548;595;724;966;1297;1451;1681;2131;2655;2786,-999.00,-999.00,-999.00,-999.00,221424.03,49.95,36.55,43.25,-120.53,-124.73,-122.63,0,73.48,1.00,0.07,93.39,77.45,431.15,759.89
Rodentia,Cricetidae,Neusticomys,monticolus,neusticomys monticolus,-999.00,39.50,-999.00,-999.00,-999.00,-999.00,-999.00,-999.00,-999.00,-999.00,-999.00,1.00,-999.00,-999.00,-999.00,1.94,-999.00,-999.00,-999.00,-999.00,-999.00,-999.00,-999.00,-999.00,-999,-999.00,-999,-999.00,-999.00,-999.00,1297;2151;2655,-999.00,-999.00,-999.00,-999.00,33242.18,0.72,-3.34,-1.31,-77.39,-79.67,-78.53,4,74.42,6.00,0.11,140.46,158.28,1233.12,1412.26
Rodentia,Cricetidae,Neusticomys,mussoi,neusticomys mussoi,-999.00,40.00,-999.00,-999.00,-999.00,-999.00,-999.00,-999.00,-999.00,-999.00,-999.00,1.00,-999.00,-999.00,-999.00,-999.00,-999.00,-999.00,-999.00,-999.00,-999.00,-999.00,-999.00,-999.00,-999,-999.00,-999,-999.00,-999.00,-999.00,2151;2655,-999.00,-999.00,-999.00,-999.00,4883.45,8.40,7.73,8.06,-71.14,-72.10,-71.62,8,78.83,8.00,0.08,106.84,213.50,1426.15,1588.15
Rodentia,Cricetidae,Neusticomys,oyapocki,neusticomys oyapocki,-999.00,47.00,-999.00,-999.00,-999.00,-999.00,-999.00,-999.00,1.00,-999.00,-999.00,1.00,-999.00,-999.00,-999.00,-999.00,-999.00,-999.00,-999.00,-999.00,-999.00,-999.00,-999.00,-999.00,-999,-999.00,3,-999.00,-999.00,-999.00,905;2151;2655,-999.00,-999.00,-999.00,-999.00,1365.89,3.17,2.78,2.98,-52.33,-52.77,-52.55,0,0.00,0.00,-999.00,246.74,243.50,1450.74,1682.99
Rodentia,Cricetidae,Neusticomys,peruviensis,neusticomys peruviensis,-999.00,40.00,-999.00,-999.00,-999.00,-999.00,-999.00,-999.00,1.00,-999.00,-999.00,1.00,-999.00,-999.00,-999.00,-999.00,-999.00,-999.00,-999.00,-999.00,-999.00,-999.00,-999.00,-999.00,-999,-999.00,3,-999.00,-999.00,-999.00,905;2151;2655,-999.00,-999.00,-999.00,-999.00,3393.98,-10.33,-11.00,-10.67,-71.12,-71.71,-71.42,0,0.19,0.00,0.00,358.15,238.00,1485.42,1543.04
Rodentia,Cricetidae,Neusticomys,venezuelae,neusticomys venezuelae,-999.00,47.10,-999.00,-999.00,-999.00,-999.00,-999.00,-999.00,1.00,-999.00,-999.00,1.00,-999.00,-999.00,-999.00,-999.00,-999.00,-999.00,-999.00,-999.00,-999.00,-999.00,-999.00,-999.00,-999,-999.00,3,-999.00,-999.00,-999.00,905;2151;2655,-999.00,-999.00,-999.00,-999.00,156124.94,10.48,3.26,6.87,-60.32,-67.46,-63.89,0,4.41,0.00,0.15,152.67,230.41,1586.79,1736.21
Rodentia,Muridae,Nilopegamys,plumbeus,nilopegamys plumbeus,-999.00,-999.00,-999.00,-999.00,-999.00,-999.00,-999.00,-999.00,-999.00,-999.00,-999.00,-999.00,-999.00,-999.00,-999.00,-999.00,-999.00,-999.00,-999.00,-999.00,-999.00,-999.00,-999.00,-999.00,-999,-999.00,-999,-999.00,-999.00,-999.00,-999,-999.00,-999.00,-999.00,-999.00,-999.00,-999.00,-999.00,-999.00,-999.00,-999.00,-999.00,-999,-999.00,-999.00,-999.00,-999.00,-999.00,-999.00,-999.00
Dasyuromorphia,Dasyuridae,Ningaui,ridei,ningaui ridei,2.00,9.42,-999.00,-999.00,-999.00,-999.00,-999.00,-999.00,-999.00,-999.00,13.49,1.00,-999.00,-999.00,365.00,5.99,2.00,24.00,4.998342e-03,-999.00,-999.00,-999.00,328.80,-999.00,-999,1.00,-999,90.74,0.70,-999.00,955;1760;2655,-999.00,-999.00,-999.00,-999.00,2432521.15,-16.70,-31.25,-23.98,147.15,121.20,134.17,0,0.01,0.00,0.04,21.37,214.90,293.85,1328.84
Dasyuromorphia,Dasyuridae,Ningaui,timealeyi,ningaui timealeyi,2.00,6.37,-999.00,-999.00,-999.00,-999.00,-999.00,-999.00,-999.00,-999.00,-999.00,1.00,-999.00,-999.00,365.00,5.70,2.00,24.00,-999.00,-999.00,-999.00,-999.00,-999.00,-999.00,-999,1.00,-999,-999.00,2.00,-999.00,543;955;1760;2655,-999.00,-999.00,-999.00,-999.00,169167.70,-20.16,-24.56,-22.36,119.14,113.75,116.45,0,0.23,0.00,0.00,22.10,242.19,316.47,1586.08
Dasyuromorphia,Dasyuridae,Ningaui,yvonnae,ningaui yvonnae,2.00,9.30,-999.00,-999.00,-999.00,-999.00,15.66,11.60,-999.00,-999.00,-999.00,1.00,-999.00,-999.00,-999.00,7.00,2.00,-999.00,-999.00,-999.00,-999.00,-999.00,-999.00,-999.00,-999,1.00,-999,-999.00,-999.00,-999.00,1297;1760;1822;2655,-999.00,-999.00,-999.00,-999.00,180419.08,-28.70,-35.25,-31.98,146.66,119.13,132.89,0,0.26,0.00,-0.01,21.92,176.51,300.87,1058.42
Rodentia,Muridae,Niviventer,andersoni,niviventer andersoni,-999.00,-999.00,-999.00,-999.00,-999.00,-999.00,-999.00,-999.00,-999.00,-999.00,-999.00,-999.00,-999.00,-999.00,-999.00,-999.00,-999.00,-999.00,-999.00,-999.00,-999.00,-999.00,-999.00,-999.00,-999,-999.00,-999,-999.00,-999.00,-999.00,-999,-999.00,-999.00,-999.00,-999.00,486719.14,34.51,27.26,30.88,109.01,94.71,101.86,1,180.01,2.00,0.06,129.11,70.51,818.29,958.17
Rodentia,Muridae,Niviventer,brahma,niviventer brahma,-999.00,-999.00,-999.00,-999.00,-999.00,-999.00,-999.00,-999.00,-999.00,-999.00,-999.00,-999.00,-999.00,-999.00,-999.00,-999.00,-999.00,-999.00,-999.00,-999.00,-999.00,-999.00,-999.00,-999.00,-999,-999.00,-999,-999.00,-999.00,-999.00,-999,-999.00,-999.00,-999.00,-999.00,36091.70,28.56,25.66,27.11,99.97,95.27,97.62,1,23.37,1.00,0.11,183.95,58.99,1098.14,1219.32
Rodentia,Muridae,Niviventer,cameroni,niviventer cameroni,-999.00,-999.00,-999.00,-999.00,-999.00,-999.00,-999.00,-999.00,-999.00,-999.00,-999.00,-999.00,-999.00,-999.00,-999.00,-999.00,-999.00,-999.00,-999.00,-999.00,-999.00,-999.00,-999.00,-999.00,-999,-999.00,-999,-999.00,-999.00,-999.00,-999,-999.00,-999.00,-999.00,-999.00,23506.95,5.25,3.99,4.62,102.36,100.42,101.39,7,137.69,7.00,0.07,209.77,247.28,1671.17,1767.90
Rodentia,Muridae,Niviventer,confucianus,niviventer confucianus,-999.00,-999.00,-999.00,-999.00,-999.00,-999.00,-999.00,-999.00,-999.00,-999.00,-999.00,-999.00,-999.00,-999.00,-999.00,-999.00,-999.00,-999.00,-999.00,-999.00,-999.00,-999.00,-999.00,-999.00,-999,-999.00,-999,-999.00,-999.00,-999.00,-999,-999.00,-999.00,-999.00,-999.00,3495239.84,40.13,19.53,29.83,122.70,96.95,109.82,1,298.29,17.00,0.06,94.18,137.74,900.52,1036.23
Rodentia,Muridae,Niviventer,coninga,niviventer coninga,-999.00,80.65,-999.00,130.63,-999.00,-999.00,-999.00,-999.00,-999.00,-999.00,-999.00,-999.00,-999.00,-999.00,-999.00,2.37,-999.00,-999.00,-999.00,-999.00,-999.00,-999.00,-999.00,-999.00,-999,-999.00,-999,-999.00,-999.00,-999.00,3121,-999.00,-999.00,-999.00,-999.00,36065.98,25.29,21.90,23.60,122.00,120.04,121.02,70,676.60,73.00,0.03,160.50,165.80,-999.00,-999.00
Rodentia,Muridae,Niviventer,cremoriventer,niviventer cremoriventer,-999.00,71.54,-999.00,159.00,-999.00,-999.00,-999.00,-999.00,-999.00,-999.00,-999.00,-999.00,-999.00,-999.00,-999.00,3.70,-999.00,-999.00,-999.00,-999.00,23.91,-999.00,-999.00,-999.00,-999,-999.00,-999,-999.00,-999.00,-999.00,456;730;1297;1945;2152;2655,-999.00,-999.00,-999.00,-999.00,1232473.45,10.71,-8.78,0.96,119.26,98.13,108.70,1,158.45,4.00,0.14,240.57,248.40,1674.12,1742.70
Rodentia,Muridae,Niviventer,culturatus,niviventer culturatus,-999.00,81.17,-999.00,143.23,-999.00,-999.00,-999.00,-999.00,-999.00,-999.00,-999.00,-999.00,-999.00,-999.00,-999.00,-999.00,-999.00,-999.00,-999.00,-999.00,-999.00,-999.00,-999.00,-999.00,-999,-999.00,-999,-999.00,-999.00,-999.00,456;3121,-999.00,-999.00,-999.00,-999.00,36065.98,25.29,21.90,23.60,122.00,120.04,121.02,70,676.60,73.00,0.03,160.50,165.80,-999.00,-999.00
Rodentia,Muridae,Niviventer,eha,niviventer eha,-999.00,-999.00,-999.00,-999.00,-999.00,-999.00,-999.00,-999.00,-999.00,-999.00,-999.00,-999.00,-999.00,-999.00,-999.00,4.86,-999.00,-999.00,-999.00,-999.00,-999.00,-999.00,-999.00,-999.00,-999,-999.00,-999,-999.00,-999.00,-999.00,1297,-999.00,-999.00,-999.00,-999.00,212869.40,29.51,24.54,27.03,100.63,84.41,92.52,1,89.98,1.00,0.08,182.18,94.68,1043.41,1218.30
Rodentia,Muridae,Niviventer,excelsior,niviventer excelsior,-999.00,-999.00,-999.00,-999.00,-999.00,-999.00,-999.00,-999.00,-999.00,-999.00,-999.00,-999.00,-999.00,-999.00,-999.00,-999.00,-999.00,-999.00,-999.00,-999.00,-999.00,-999.00,-999.00,-999.00,-999,-999.00,-999,-999.00,-999.00,-999.00,-999,-999.00,-999.00,-999.00,-999.00,60049.13,32.78,30.09,31.43,104.49,101.78,103.14,5,183.50,5.00,0.06,101.12,75.16,759.62,846.81
Rodentia,Muridae,Niviventer,fraternus,niviventer fraternus,-999.00,-999.00,-999.00,-999.00,-999.00,-999.00,-999.00,-999.00,-999.00,-999.00,-999.00,-999.00,-999.00,-999.00,-999.00,-999.00,-999.00,-999.00,-999.00,-999.00,-999.00,-999.00,-999.00,-999.00,-999,-999.00,-999,-999.00,-999.00,-999.00,-999,-999.00,-999.00,-999.00,-999.00,46452.46,4.84,-1.02,1.90,102.47,96.11,99.29,20,80.80,20.00,0.12,212.15,244.59,1586.80,1715.38
Rodentia,Muridae,Niviventer,fulvescens,niviventer fulvescens,-999.00,81.79,-999.00,-999.00,-999.00,-999.00,-999.00,-999.00,-999.00,-999.00,-999.00,-999.00,-999.00,-999.00,-999.00,4.41,-999.00,-999.00,-999.00,-999.00,-999.00,-999.00,-999.00,-999.00,-999,-999.00,-999,-999.00,-999.00,-999.00,1297;2655,-999.00,-999.00,-999.00,-999.00,3471658.30,35.05,-8.84,13.10,120.96,73.46,97.21,0,194.41,8.00,0.09,152.67,203.44,1172.91,1438.57
Rodentia,Muridae,Niviventer,hinpoon,niviventer hinpoon,-999.00,-999.00,-999.00,-999.00,-999.00,-999.00,-999.00,-999.00,-999.00,-999.00,-999.00,-999.00,-999.00,-999.00,-999.00,-999.00,-999.00,-999.00,-999.00,-999.00,-999.00,-999.00,-999.00,-999.00,-999,-999.00,-999,-999.00,-999.00,-999.00,-999,-999.00,-999.00,-999.00,-999.00,2945.56,14.69,14.18,14.43,101.81,101.06,101.44,51,89.99,51.00,0.04,120.76,258.50,1242.00,1720.51
Rodentia,Muridae,Niviventer,langbianis,niviventer langbianis,-999.00,-999.00,-999.00,-999.00,-999.00,-999.00,-999.00,-999.00,-999.00,-999.00,-999.00,-999.00,-999.00,-999.00,-999.00,-999.00,-999.00,-999.00,-999.00,-999.00,-999.00,-999.00,-999.00,-999.00,-999,-999.00,-999,-999.00,-999.00,-999.00,-999,-999.00,-999.00,-999.00,-999.00,192161.81,26.88,10.60,18.74,109.23,93.29,101.26,2,140.88,6.00,0.11,179.56,223.51,1143.09,1481.24
Rodentia,Muridae,Niviventer,lepturus,niviventer lepturus,-999.00,-999.00,-999.00,-999.00,-999.00,-999.00,-999.00,-999.00,-999.00,-999.00,-999.00,-999.00,-999.00,-999.00,-999.00,-999.00,-999.00,-999.00,-999.00,-999.00,-999.00,-999.00,-999.00,-999.00,-999,-999.00,-999,-999.00,-999.00,-999.00,-999,-999.00,-999.00,-999.00,-999.00,14861.73,-6.54,-7.63,-7.09,110.66,106.66,108.66,444,874.24,444.00,0.05,215.61,233.45,1546.94,1750.81
Rodentia,Muridae,Niviventer,niviventer,niviventer niviventer,-999.00,100.00,-999.00,-999.00,-999.00,-999.00,-999.00,-999.00,-999.00,-999.00,-999.00,-999.00,-999.00,-999.00,-999.00,-999.00,-999.00,-999.00,3.75,-999.00,-999.00,-999.00,-999.00,-999.00,-999,-999.00,-999,-999.00,-999.00,-999.00,1297;2655,-999.00,-999.00,-999.00,-999.00,285657.49,35.40,26.98,31.19,89.11,73.16,81.14,0,137.06,3.00,0.08,103.37,69.58,864.22,1143.26
Rodentia,Muridae,Niviventer,rapit,niviventer rapit,-999.00,79.73,-999.00,159.00,-999.00,-999.00,-999.00,-999.00,-999.00,-999.00,-999.00,-999.00,-999.00,-999.00,-999.00,-999.00,-999.00,-999.00,-999.00,-999.00,-999.00,-999.00,-999.00,-999.00,-999,-999.00,-999,-999.00,-999.00,-999.00,2152,-999.00,-999.00,-999.00,-999.00,115873.29,7.03,3.09,5.06,119.26,114.62,116.94,3,36.24,3.50,0.28,282.45,239.18,1737.98,1808.37
Rodentia,Muridae,Niviventer,tenaster,niviventer tenaster,-999.00,-999.00,-999.00,-999.00,-999.00,-999.00,-999.00,-999.00,-999.00,-999.00,-999.00,-999.00,-999.00,-999.00,-999.00,-999.00,-999.00,-999.00,-999.00,-999.00,-999.00,-999.00,-999.00,-999.00,-999,-999.00,-999,-999.00,-999.00,-999.00,-999,-999.00,-999.00,-999.00,-999.00,77232.22,26.16,15.49,20.82,106.33,92.11,99.22,6,139.79,25.00,0.08,183.25,223.17,1056.85,1375.43
Chiroptera,Noctilionidae,Noctilio,albiventris,noctilio albiventris,2.00,31.46,59.96,66.50,0.00,-999.00,27.54,33.50,3.00,-999.00,-999.00,1.00,-999.00,-999.00,-999.00,0.99,-999.00,-999.00,6.16,38.79,-999.00,-999.00,-999.00,-999.00,-999,2.00,2,77.56,21.00,-999.00,185;196;487;598;889;1297;1367;1528;1658;1784;1822;1948;2144;2151;2622;2655;2719;2751;3023,-999.00,-999.00,-999.00,-999.00,13030875.29,16.72,-30.96,-7.11,-34.79,-93.33,-64.06,0,25.32,0.00,0.11,152.62,240.09,1304.55,1532.32
Chiroptera,Noctilionidae,Noctilio,leporinus,noctilio leporinus,-999.00,29.93,-999.00,-999.00,-999.00,-999.00,-999.00,-999.00,-999.00,-999.00,-999.00,-999.00,-999.00,-999.00,-999.00,-999.00,1.00,-999.00,-999.00,-999.00,-999.00,-999.00,-999.00,-999.00,-999,-999.00,-999,-999.00,-999.00,-999.00,2143;3043,-999.00,-999.00,-999.00,-999.00,14991800.72,26.18,-33.75,-3.78,-34.79,-109.22,-72.00,0,31.17,0.00,0.11,142.79,234.63,1256.03,1510.54
Primates,Hylobatidae,Nomascus,concolor,nomascus concolor,3.00,6410.47,-999.00,545.00,-999.00,3285.00,-999.00,-999.00,5.00,-999.00,205.81,1.00,1.05,1.50,821.25,1.01,-999.00,529.20,-999.00,-999.00,6.17,-999.00,2454.24,4.00,-999,2.00,2,635.13,-999.00,-999.00,543;1015;1297;1489;1544;1547;1733;1848;2344;2655;2660;2986,-999.00,0.73,-999.00,-999.00,191956.23,25.32,20.09,22.70,107.98,98.95,103.47,9,167.56,17.00,0.08,119.62,172.93,1062.28,1242.12
Primates,Hylobatidae,Nomascus,gabriellae,nomascus gabriellae,3.00,-999.00,-999.00,-999.00,-999.00,-999.00,-999.00,-999.00,-999.00,-999.00,-999.00,-999.00,-999.00,-999.00,-999.00,-999.00,-999.00,-999.00,-999.00,-999.00,-999.00,-999.00,-999.00,1.00,-999,-999.00,-999,-999.00,-999.00,-999.00,2660,-999.00,-999.00,-999.00,-999.00,88851.07,13.89,9.61,11.75,109.28,106.12,107.70,2,202.80,3.00,0.13,142.76,249.15,1151.59,1474.18
Primates,Hylobatidae,Nomascus,hainanus,nomascus hainanus,-999.00,-999.00,-999.00,-999.00,-999.00,-999.00,-999.00,-999.00,-999.00,-999.00,-999.00,-999.00,-999.00,-999.00,-999.00,-999.00,-999.00,-999.00,-999.00,-999.00,-999.00,-999.00,-999.00,-999.00,-999,-999.00,-999,-999.00,-999.00,-999.00,-999,-999.00,-999.00,-999.00,-999.00,15875.47,22.77,18.50,20.63,110.21,105.11,107.66,54,210.26,54.00,0.09,117.65,217.93,1161.60,1576.16
Primates,Hylobatidae,Nomascus,leucogenys,nomascus leucogenys,3.00,7320.00,-999.00,545.00,-999.00,-999.00,-999.00,-999.00,-999.00,-999.00,-999.00,-999.00,-999.00,-999.00,-999.00,-999.00,-999.00,-999.00,497.33,-999.00,-999.00,-999.00,-999.00,1.00,-999,-999.00,-999,-999.00,-999.00,-999.00,1547;1848;2655;2660,-999.00,-999.00,-999.00,-999.00,194572.77,23.75,18.07,20.91,106.03,99.54,102.78,5,100.25,9.50,0.10,123.41,190.67,1050.88,1289.06
Primates,Hylobatidae,Nomascus,siki,nomascus siki,-999.00,-999.00,-999.00,-999.00,-999.00,-999.00,-999.00,-999.00,-999.00,-999.00,-999.00,-999.00,-999.00,-999.00,-999.00,-999.00,-999.00,-999.00,-999.00,-999.00,-999.00,-999.00,-999.00,-999.00,-999,-999.00,-999,-999.00,-999.00,-999.00,-999,-999.00,-999.00,-999.00,-999.00,83883.77,19.77,15.35,17.56,108.45,104.87,106.66,7,157.93,10.00,0.12,196.94,227.04,1265.05,1496.63
Rodentia,Cricetidae,Noronhomys,vespuccii,noronhomys vespuccii,-999.00,-999.00,-999.00,-999.00,-999.00,-999.00,-999.00,-999.00,-999.00,-999.00,-999.00,-999.00,-999.00,-999.00,-999.00,-999.00,-999.00,-999.00,-999.00,-999.00,-999.00,-999.00,-999.00,-999.00,-999,-999.00,-999,-999.00,-999.00,-999.00,-999,-999.00,-999.00,-999.00,-999.00,-999.00,-999.00,-999.00,-999.00,-999.00,-999.00,-999.00,-999,-999.00,-999.00,-999.00,-999.00,-999.00,-999.00,-999.00
Rodentia,Cricetidae,Notiomys,edwardsii,notiomys edwardsii,-999.00,21.30,-999.00,-999.00,-999.00,-999.00,-999.00,-999.00,1.00,-999.00,-999.00,2.00,-999.00,-999.00,-999.00,-999.00,-999.00,-999.00,-999.00,-999.00,-999.00,-999.00,-999.00,-999.00,-999,1.00,3,-999.00,-999.00,-999.00,890;2655,-999.00,-999.00,-999.00,-999.00,73368.05,-40.80,-50.74,-45.77,-68.61,-71.38,-70.00,0,0.84,0.00,0.06,33.51,63.93,340.43,537.91
Soricomorpha,Soricidae,Notiosorex,cockrumi,notiosorex cockrumi,-999.00,-999.00,-999.00,-999.00,-999.00,-999.00,-999.00,-999.00,-999.00,-999.00,-999.00,-999.00,-999.00,-999.00,-999.00,-999.00,-999.00,-999.00,-999.00,-999.00,-999.00,-999.00,-999.00,-999.00,-999,-999.00,-999,-999.00,-999.00,-999.00,-999,-999.00,-999.00,-999.00,-999.00,-999.00,-999.00,-999.00,-999.00,-999.00,-999.00,-999.00,-999,-999.00,-999.00,-999.00,-999.00,-999.00,-999.00,-999.00
Soricomorpha,Soricidae,Notiosorex,crawfordi,notiosorex crawfordi,2.00,4.79,-999.00,61.36,-999.00,-999.00,13.08,4.00,1.00,-999.00,-999.00,1.00,-999.00,-999.00,-999.00,3.69,-999.00,15.00,0.82,35.65,2399.99,-999.00,-999.00,-999.00,6,1.00,3,39.70,-999.00,-999.00,119;626;1081;1297;1445;1565;1822;1849;2080;2516;2623;2655;2786;2819,-999.00,-999.00,-999.00,-999.00,-999.00,-999.00,-999.00,-999.00,-999.00,-999.00,-999.00,-999,-999.00,-999.00,-999.00,-999.00,-999.00,-999.00,-999.00
Soricomorpha,Soricidae,Notiosorex,evotis,notiosorex evotis,-999.00,5.28,-999.00,66.53,-999.00,-999.00,-999.00,-999.00,-999.00,-999.00,-999.00,1.00,-999.00,-999.00,-999.00,-999.00,-999.00,-999.00,-999.00,-999.00,-999.00,-999.00,-999.00,-999.00,-999,1.00,-999,-999.00,-999.00,-999.00,119,-999.00,-999.00,-999.00,-999.00,-999.00,-999.00,-999.00,-999.00,-999.00,-999.00,-999.00,-999,-999.00,-999.00,-999.00,-999.00,-999.00,-999.00,-999.00
Soricomorpha,Soricidae,Notiosorex,villai,notiosorex villai,-999.00,-999.00,-999.00,-999.00,-999.00,-999.00,-999.00,-999.00,-999.00,-999.00,-999.00,-999.00,-999.00,-999.00,-999.00,-999.00,-999.00,-999.00,-999.00,-999.00,-999.00,-999.00,-999.00,-999.00,-999,-999.00,-999,-999.00,-999.00,-999.00,-999,-999.00,-999.00,-999.00,-999.00,-999.00,-999.00,-999.00,-999.00,-999.00,-999.00,-999.00,-999,-999.00,-999.00,-999.00,-999.00,-999.00,-999.00,-999.00
Rodentia,Muridae,Notomys,alexis,notomys alexis,-999.00,32.34,-999.00,100.93,20.27,-999.00,45.22,32.30,-999.00,-999.00,32.67,-999.00,-999.00,-999.00,32.75,4.01,-999.00,62.40,2.29,-999.00,-999.00,-999.00,76.70,-999.00,4,-999.00,-999,30.00,12.50,91.00,455;456;543;699;1009;1297;1577;1822;1849;2639;2655;2803;2978,-999.00,3.73,-999.00,-999.00,2996063.11,-19.19,-31.99,-25.59,141.71,113.38,127.54,0,0.03,0.00,0.01,20.79,214.60,286.74,1307.27
Rodentia,Muridae,Notomys,amplus,notomys amplus,-999.00,89.99,-999.00,145.05,-999.00,-999.00,-999.00,-999.00,-999.00,-999.00,-999.00,-999.00,-999.00,-999.00,-999.00,-999.00,-999.00,-999.00,-999.00,-999.00,-999.00,-999.00,-999.00,-999.00,4,-999.00,-999,-999.00,-999.00,-999.00,2655;2803,-999.00,-999.00,-999.00,-999.00,-999.00,-999.00,-999.00,-999.00,-999.00,-999.00,-999.00,-999,-999.00,-999.00,-999.00,-999.00,-999.00,-999.00,-999.00
Rodentia,Muridae,Notomys,aquilo,notomys aquilo,1.00,38.99,-999.00,103.19,-999.00,-999.00,-999.00,-999.00,4.00,-999.00,-999.00,-999.00,-999.00,-999.00,-999.00,-999.00,-999.00,-999.00,-999.00,-999.00,-999.00,-999.00,-999.00,-999.00,4,-999.00,2,-999.00,-999.00,-999.00,899;2655;2803,-999.00,-999.00,-999.00,-999.00,55857.79,-10.69,-14.51,-12.60,142.86,133.65,138.25,0,0.37,0.00,0.06,104.03,266.09,951.31,1800.10
Rodentia,Muridae,Notomys,cervinus,notomys cervinus,-999.00,34.79,-999.00,100.80,23.00,-999.00,44.15,33.20,-999.00,-999.00,41.54,-999.00,-999.00,-999.00,-999.00,2.95,-999.00,-999.00,-999.00,-999.00,-999.00,-999.00,183.07,-999.00,4,-999.00,-999,32.62,-999.00,-999.00,456;1297;1577;1822;1849;2655;2803;2978,-999.00,-999.00,-999.00,-999.00,353845.53,-24.63,-31.21,-27.92,142.39,133.29,137.84,0,5.9865437892177e-03,0.00,0.00,15.84,200.80,180.86,1331.07
Rodentia,Muridae,Notomys,fuscus,notomys fuscus,1.00,39.28,-999.00,120.81,-999.00,-999.00,-999.00,-999.00,5.00,-999.00,34.99,2.00,-999.00,-999.00,41.50,3.07,-999.00,-999.00,-999.00,-999.00,-999.00,5.00,81.36,-999.00,4,1.00,2,30.00,-999.00,-999.00,456;899;1297;1577;2655;2803,-999.00,3.30,-999.00,-999.00,205961.50,-25.17,-31.11,-28.14,141.51,137.63,139.57,0,0.00,0.00,-999.00,15.52,209.56,172.02,1325.96
Rodentia,Muridae,Notomys,longicaudatus,notomys longicaudatus,-999.00,100.00,-999.00,138.19,-999.00,-999.00,-999.00,-999.00,-999.00,-999.00,-999.00,-999.00,-999.00,-999.00,-999.00,-999.00,-999.00,-999.00,-999.00,-999.00,-999.00,-999.00,-999.00,-999.00,4,-999.00,-999,-999.00,-999.00,-999.00,2655;2803,-999.00,-999.00,-999.00,-999.00,-999.00,-999.00,-999.00,-999.00,-999.00,-999.00,-999.00,-999,-999.00,-999.00,-999.00,-999.00,-999.00,-999.00,-999.00
Rodentia,Muridae,Notomys,macrotis,notomys macrotis,-999.00,89.99,-999.00,117.99,-999.00,-999.00,-999.00,-999.00,-999.00,-999.00,-999.00,-999.00,-999.00,-999.00,-999.00,-999.00,-999.00,-999.00,-999.00,-999.00,-999.00,-999.00,-999.00,-999.00,4,-999.00,-999,-999.00,-999.00,-999.00,2655;2803,-999.00,-999.00,-999.00,-999.00,-999.00,-999.00,-999.00,-999.00,-999.00,-999.00,-999.00,-999,-999.00,-999.00,-999.00,-999.00,-999.00,-999.00,-999.00
Rodentia,Muridae,Notomys,mitchellii,notomys mitchellii,-999.00,42.80,-999.00,113.31,20.50,-999.00,-999.00,-999.00,-999.00,-999.00,35.97,-999.00,-999.00,-999.00,36.50,3.28,-999.00,-999.00,-999.00,-999.00,-999.00,-999.00,78.91,-999.00,4,-999.00,-999,30.20,-999.00,-999.00,456;1297;1577;1849;2655;2803,-999.00,3.53,-999.00,-999.00,613230.56,-29.78,-36.74,-33.26,143.49,115.49,129.49,0,2.86,0.00,0.02,29.32,165.83,337.48,1078.58
Rodentia,Muridae,Notomys,mordax,notomys mordax,-999.00,89.99,-999.00,-999.00,-999.00,-999.00,-999.00,-999.00,-999.00,-999.00,-999.00,-999.00,-999.00,-999.00,-999.00,-999.00,-999.00,-999.00,-999.00,-999.00,-999.00,-999.00,-999.00,-999.00,4,-999.00,-999,-999.00,-999.00,-999.00,2655;2803,-999.00,-999.00,-999.00,-999.00,-999.00,-999.00,-999.00,-999.00,-999.00,-999.00,-999.00,-999,-999.00,-999.00,-999.00,-999.00,-999.00,-999.00,-999.00
Chiroptera,Pteropodidae,Notopteris,macdonaldi,notopteris macdonaldi,-999.00,68.17,66.00,-999.00,-999.00,-999.00,-999.00,-999.00,-999.00,-999.00,-999.00,1.00,-999.00,-999.00,-999.00,0.99,-999.00,-999.00,-999.00,-999.00,-999.00,-999.00,-999.00,-999.00,-999,2.00,-999,-999.00,-999.00,-999.00,196;360;1297;1658;2143;2151;2622;2655,-999.00,-999.00,-999.00,-999.00,19355.80,-14.15,-20.24,-17.20,179.99,-179.99,0.00,14,32.39,14.00,0.10,206.67,236.67,-999.00,-999.00
Chiroptera,Pteropodidae,Notopteris,neocaledonica,notopteris neocaledonica,-999.00,-999.00,-999.00,-999.00,-999.00,-999.00,-999.00,-999.00,-999.00,-999.00,-999.00,-999.00,-999.00,-999.00,-999.00,1.00,-999.00,-999.00,-999.00,-999.00,-999.00,250.00,-999.00,-999.00,-999,-999.00,-999,-999.00,-999.00,-999.00,2017,-999.00,-999.00,-999.00,-999.00,10854.67,-20.08,-21.78,-20.93,165.96,163.98,164.97,10,10.00,10.00,0.11,87.20,210.01,-999.00,-999.00
Notoryctemorphia,Notoryctidae,Notoryctes,caurinus,notoryctes caurinus,-999.00,-999.00,-999.00,-999.00,-999.00,-999.00,-999.00,-999.00,-999.00,-999.00,-999.00,1.00,-999.00,-999.00,-999.00,-999.00,-999.00,-999.00,-999.00,-999.00,-999.00,-999.00,-999.00,-999.00,-999,1.00,-999,-999.00,-999.00,-999.00,1760,-999.00,-999.00,-999.00,-999.00,74482.27,-19.07,-23.12,-21.10,129.18,121.48,125.33,0,0.00,0.00,-999.00,31.20,244.18,416.17,1342.89
Notoryctemorphia,Notoryctidae,Notoryctes,typhlops,notoryctes typhlops,2.00,55.00,-999.00,134.59,-999.00,-999.00,-999.00,-999.00,2.00,-999.00,-999.00,2.00,-999.00,-999.00,-999.00,1.00,-999.00,18.00,-999.00,-999.00,-999.00,-999.00,-999.00,1.00,2,1.00,2,-999.00,-999.00,-999.00,543;955;1412;1760;2151;2655,-999.00,-999.00,-999.00,-999.00,1779880.27,-17.53,-31.43,-24.48,137.56,117.57,127.56,0,0.02,0.00,0.02,21.53,219.00,305.14,1303.48
Chiroptera,Vespertilionidae,Nyctalus,aviator,nyctalus aviator,-999.00,-999.00,60.50,-999.00,-999.00,-999.00,-999.00,-999.00,-999.00,-999.00,-999.00,1.00,-999.00,-999.00,-999.00,1.91,-999.00,-999.00,-999.00,-999.00,-999.00,-999.00,-999.00,-999.00,-999,2.00,-999,-999.00,-999.00,-999.00,1297;1658;2151,31.87,-999.00,-999.00,-999.00,550221.66,46.04,30.92,38.48,145.82,112.24,129.03,42,341.10,73.00,0.02,105.20,95.73,770.90,816.42
Chiroptera,Vespertilionidae,Nyctalus,azoreum,nyctalus azoreum,-999.00,-999.00,38.60,-999.00,-999.00,-999.00,-999.00,-999.00,-999.00,-999.00,-999.00,1.00,-999.00,-999.00,-999.00,-999.00,-999.00,-999.00,-999.00,-999.00,-999.00,-999.00,-999.00,-999.00,-999,2.00,-999,-999.00,-999.00,-999.00,2151;2689,8.80,-999.00,-999.00,-999.00,2241.25,39.09,36.92,38.01,-25.01,-28.83,-26.92,30,80.46,30.00,-0.02,-999.00,-999.00,-999.00,-999.00
Chiroptera,Vespertilionidae,Nyctalus,furvus,nyctalus furvus,-999.00,-999.00,-999.00,-999.00,-999.00,-999.00,-999.00,-999.00,-999.00,-999.00,-999.00,-999.00,-999.00,-999.00,-999.00,-999.00,-999.00,-999.00,-999.00,-999.00,-999.00,-999.00,-999.00,-999.00,-999,-999.00,-999,-999.00,-999.00,-999.00,-999,-999.00,-999.00,-999.00,-999.00,18.98,39.88,39.83,39.85,141.82,141.77,141.79,93,93.00,93.00,0.00,98.00,57.00,632.00,631.00
Chiroptera,Vespertilionidae,Nyctalus,lasiopterus,nyctalus lasiopterus,-999.00,45.98,64.07,-999.00,-999.00,-999.00,-999.00,-999.00,1.00,-999.00,-999.00,1.00,-999.00,-999.00,-999.00,1.82,-999.00,-999.00,5.60,-999.00,-999.00,-999.00,-999.00,-999.00,-999,2.00,3,59.44,26.00,-999.00,1297;1658;1705;2151;2583;2622;2655,-999.00,-999.00,-999.00,-999.00,1629085.60,58.10,35.74,46.92,58.42,-6.54,25.93,0,86.76,2.00,2.61707860112321e-03,49.28,74.61,456.64,649.43
Chiroptera,Vespertilionidae,Nyctalus,leisleri,nyctalus leisleri,-999.00,12.47,43.24,-999.00,-999.00,-999.00,-999.00,-999.00,-999.00,-999.00,-999.00,1.00,-999.00,-999.00,-999.00,1.73,1.00,-999.00,-999.00,-999.00,-999.00,-999.00,-999.00,-999.00,-999,2.00,-999,-999.00,-999.00,-999.00,414;1297;1658;1668;2143;2151;2622;2655;2689,-999.00,-999.00,-999.00,-999.00,3415842.22,55.87,28.93,42.40,80.11,-7.73,36.18,1,106.89,9.00,0.01,52.82,76.47,498.35,622.60
Chiroptera,Vespertilionidae,Nyctalus,montanus,nyctalus montanus,-999.00,-999.00,-999.00,-999.00,-999.00,-999.00,-999.00,-999.00,-999.00,-999.00,-999.00,-999.00,-999.00,-999.00,-999.00,-999.00,-999.00,-999.00,-999.00,-999.00,-999.00,-999.00,-999.00,-999.00,-999,-999.00,-999,-999.00,-999.00,-999.00,-999,-999.00,-999.00,-999.00,-999.00,336171.49,34.93,27.48,31.20,82.59,68.77,75.68,0,269.10,8.00,0.13,76.03,164.47,738.62,1205.58
Chiroptera,Vespertilionidae,Nyctalus,noctula,nyctalus noctula,-999.00,28.48,51.58,75.00,6.50,365.00,-999.00,-999.00,1.00,-999.00,72.24,1.00,-999.00,-999.00,-999.00,1.33,1.00,144.00,5.57,-999.00,-999.00,500.00,415.81,-999.00,-999,2.00,3,47.89,20.21,-999.00,185;196;543;892;1161;1297;1384;1388;1624;1625;1658;1668;1705;2143;2151;2350;2351;2352;2470;2635;2655;2719;3023;3099,-999.00,-999.00,-999.00,-999.00,8204371.69,60.35,17.97,39.16,106.02,-9.26,48.38,0,106.73,3.00,0.02,58.22,79.12,506.65,704.65
Chiroptera,Vespertilionidae,Nyctalus,plancyi,nyctalus plancyi,-999.00,-999.00,-999.00,-999.00,-999.00,-999.00,-999.00,-999.00,-999.00,-999.00,-999.00,-999.00,-999.00,-999.00,-999.00,-999.00,-999.00,-999.00,-999.00,-999.00,-999.00,-999.00,-999.00,-999.00,-999,-999.00,-999,-999.00,-999.00,-999.00,-999,-999.00,-999.00,-999.00,-999.00,448501.74,35.79,21.90,28.85,122.13,114.38,118.25,70,485.79,106.00,0.05,105.67,149.43,999.36,1052.19
Carnivora,Canidae,Nyctereutes,procyonoides,nyctereutes procyonoides,1.00,4214.99,-999.00,447.38,9.50,730.00,1739.40,4215.00,6.00,150.00,61.84,1.00,1.15,1.22,365.00,6.36,-999.00,168.00,87.42,-999.00,12.02,-999.00,326.63,-999.00,-999,1.00,2,49.69,734.84,-999.00,367;543;1113;1297;1573;2655,-999.00,1.10,-999.00,-999.00,6704451.99,56.61,19.91,38.26,145.82,72.66,109.24,0,186.51,0.00,0.03,70.08,56.73,662.92,762.75
Chiroptera,Nycteridae,Nycteris,arge,nycteris arge,-999.00,10.79,41.49,-999.00,-999.00,-999.00,-999.00,-999.00,-999.00,-999.00,-999.00,1.00,-999.00,-999.00,-999.00,0.98,-999.00,-999.00,4.00,-999.00,-999.00,-999.00,-999.00,-999.00,-999,2.00,-999,58.26,-999.00,-999.00,196;1297;1658;2151;2295;2399;2622;2655;2719,-999.00,-999.00,-999.00,-999.00,4579333.70,9.32,-8.92,0.20,35.95,-13.29,11.32,0,46.53,1.00,0.12,141.85,241.31,1308.37,1560.30
Chiroptera,Nycteridae,Nycteris,aurita,nycteris aurita,-999.00,-999.00,-999.00,-999.00,-999.00,-999.00,-999.00,-999.00,-999.00,-999.00,-999.00,-999.00,-999.00,-999.00,-999.00,-999.00,-999.00,-999.00,-999.00,-999.00,-999.00,-999.00,-999.00,-999.00,-999,-999.00,-999,-999.00,-999.00,-999.00,-999,-999.00,-999.00,-999.00,-999.00,500257.54,5.86,-12.44,-3.29,40.64,23.92,32.28,1,46.84,2.00,0.16,72.34,228.99,900.27,1524.81
Chiroptera,Nycteridae,Nycteris,gambiensis,nycteris gambiensis,-999.00,7.13,39.50,-999.00,-999.00,-999.00,-999.00,-999.00,-999.00,-999.00,-999.00,1.00,-999.00,-999.00,-999.00,-999.00,-999.00,-999.00,-999.00,-999.00,-999.00,-999.00,-999.00,-999.00,-999,2.00,-999,-999.00,-999.00,-999.00,1658;2151;2622;2655,-999.00,-999.00,-999.00,-999.00,558271.78,13.89,4.73,9.31,0.88,-16.82,-7.96,3,61.40,7.00,0.13,127.26,269.94,997.98,1585.38
Chiroptera,Nycteridae,Nycteris,grandis,nycteris grandis,-999.00,29.80,58.49,75.99,-999.00,-999.00,-999.00,-999.00,2.00,-999.00,-999.00,1.00,-999.00,-999.00,-999.00,1.00,-999.00,-999.00,-999.00,-999.00,-999.00,-999.00,-999.00,1.50,-999,2.00,3,-999.00,-999.00,-999.00,196;428;892;940;941;1257;1297;1658;2143;2144;2151;2622;2655;2719,-999.00,-999.00,-999.00,-999.00,6262590.00,12.80,-26.20,-6.69,40.84,-16.79,12.02,0,44.20,1.00,0.14,127.16,238.78,1182.04,1542.24
Chiroptera,Nycteridae,Nycteris,hispida,nycteris hispida,-999.00,7.98,38.99,-999.00,-999.00,-999.00,-999.00,-999.00,-999.00,-999.00,91.24,1.00,-999.00,-999.00,-999.00,0.99,1.00,-999.00,-999.00,-999.00,-999.00,-999.00,-999.00,-999.00,-999,2.00,-999,-999.00,-999.00,-999.00,196;1297;1388;1658;2143;2151;2655;2719,-999.00,-999.00,-999.00,-999.00,14056670.99,15.84,-28.63,-6.39,51.41,-17.53,16.93,0,37.40,1.00,0.13,98.96,241.03,975.18,1564.52
Chiroptera,Nycteridae,Nycteris,intermedia,nycteris intermedia,-999.00,-999.00,35.49,-999.00,-999.00,-999.00,-999.00,-999.00,-999.00,-999.00,-999.00,1.00,-999.00,-999.00,-999.00,-999.00,-999.00,-999.00,-999.00,-999.00,-999.00,-999.00,-999.00,-999.00,-999,2.00,-999,-999.00,-999.00,-999.00,1658;2151,6.91,-999.00,-999.00,-999.00,3728544.28,7.81,-9.95,-1.06,31.56,-10.92,10.31,0,44.42,1.00,0.13,143.21,241.80,1323.35,1548.50
Chiroptera,Nycteridae,Nycteris,javanica,nycteris javanica,-999.00,17.78,45.99,-999.00,-999.00,-999.00,-999.00,-999.00,2.00,-999.00,-999.00,1.00,-999.00,-999.00,-999.00,1.00,-999.00,-999.00,-999.00,-999.00,-999.00,-999.00,-999.00,-999.00,-999,2.00,3,-999.00,-999.00,-999.00,196;679;1297;1658;2151;2655;2719,-999.00,-999.00,-999.00,-999.00,132686.33,-5.87,-8.84,-7.36,115.71,105.20,110.46,270,790.78,305.00,0.04,196.77,244.60,1370.42,1640.76
Chiroptera,Nycteridae,Nycteris,macrotis,nycteris macrotis,-999.00,14.49,47.50,-999.00,-999.00,-999.00,-999.00,-999.00,1.00,-999.00,78.21,1.00,-999.00,-999.00,-999.00,0.99,2.25,-999.00,-999.00,-999.00,-999.00,-999.00,-999.00,-999.00,-999,2.00,3,60.41,-999.00,-999.00,196;277;1257;1267;1297;1388;1658;2143;2151;2622;2655;2719,-999.00,-999.00,-999.00,-999.00,9321164.08,15.46,-22.43,-3.48,40.46,-16.79,11.83,0,40.42,1.00,0.13,117.75,240.05,1110.03,1552.01
Chiroptera,Nycteridae,Nycteris,madagascariensis,nycteris madagascariensis,-999.00,17.69,51.00,115.00,-999.00,-999.00,-999.00,-999.00,1.00,-999.00,-999.00,-999.00,-999.00,-999.00,-999.00,-999.00,-999.00,-999.00,-999.00,-999.00,-999.00,-999.00,-999.00,-999.00,-999,-999.00,3,-999.00,-999.00,-999.00,1048,-999.00,-999.00,-999.00,-999.00,50763.90,-11.94,-15.99,-13.97,50.48,47.86,49.17,3,30.74,6.00,0.16,137.40,217.65,1317.59,1707.83
Chiroptera,Nycteridae,Nycteris,major,nycteris major,-999.00,-999.00,47.00,-999.00,-999.00,-999.00,-999.00,-999.00,-999.00,-999.00,-999.00,1.00,-999.00,-999.00,-999.00,-999.00,-999.00,-999.00,-999.00,-999.00,-999.00,-999.00,-999.00,-999.00,-999,2.00,-999,-999.00,-999.00,-999.00,1658;2151,15.46,-999.00,-999.00,-999.00,3096721.15,8.26,-13.37,-2.55,29.42,-10.70,9.36,0,42.24,1.00,0.13,145.87,243.93,1319.51,1551.37
Chiroptera,Nycteridae,Nycteris,nana,nycteris nana,-999.00,6.98,34.00,-999.00,-999.00,-999.00,-999.00,-999.00,-999.00,-999.00,107.97,1.00,-999.00,-999.00,-999.00,1.00,1.00,-999.00,-999.00,-999.00,-999.00,-999.00,-999.00,-999.00,-999,2.00,-999,52.50,-999.00,-999.00,196;1297;1658;2151;2655;2719,-999.00,-999.00,-999.00,-999.00,4237572.76,8.40,-8.92,-0.26,35.95,-11.75,12.09,0,37.39,1.00,0.12,142.12,240.35,1319.26,1559.54
Chiroptera,Nycteridae,Nycteris,parisii,nycteris parisii,-999.00,-999.00,-999.00,-999.00,-999.00,-999.00,-999.00,-999.00,-999.00,-999.00,-999.00,-999.00,-999.00,-999.00,-999.00,-999.00,-999.00,-999.00,-999.00,-999.00,-999.00,-999.00,-999.00,-999.00,-999,-999.00,-999,-999.00,-999.00,-999.00,-999,-999.00,-999.00,-999.00,-999.00,410454.80,6.84,0.86,3.85,48.02,11.08,29.55,2,11.32,3.00,0.10,53.51,251.52,643.53,1624.48
Chiroptera,Nycteridae,Nycteris,thebaica,nycteris thebaica,-999.00,9.20,45.25,52.65,-999.00,-999.00,-999.00,-999.00,1.00,-999.00,114.95,1.00,-999.00,-999.00,-999.00,1.00,1.50,-999.00,-999.00,-999.00,-999.00,-999.00,-999.00,-999.00,-999,2.00,3,60.83,-999.00,-999.00,44;196;277;892;1257;1297;1658;1860;1938;2143;2151;2622;2655;2719;2900;3110,-999.00,-999.00,-999.00,-999.00,16847056.25,37.34,-34.77,1.28,52.05,-17.53,17.25,0,41.56,1.00,0.13,68.05,226.22,729.41,1481.97
Chiroptera,Nycteridae,Nycteris,tragata,nycteris tragata,-999.00,14.40,49.50,-999.00,-999.00,-999.00,-999.00,-999.00,2.00,-999.00,-999.00,1.00,-999.00,-999.00,-999.00,-999.00,-999.00,-999.00,-999.00,-999.00,-999.00,-999.00,-999.00,-999.00,-999,2.00,3,-999.00,-999.00,-999.00,196;679;1658;2151;2655,-999.00,-999.00,-999.00,-999.00,874536.94,13.94,-5.94,4.00,117.73,95.18,106.46,1,92.96,4.00,0.13,236.67,250.40,1668.71,1770.55
Chiroptera,Nycteridae,Nycteris,vinsoni,nycteris vinsoni,-999.00,-999.00,51.00,-999.00,-999.00,-999.00,-999.00,-999.00,-999.00,-999.00,-999.00,-999.00,-999.00,-999.00,-999.00,-999.00,-999.00,-999.00,-999.00,-999.00,-999.00,-999.00,-999.00,-999.00,-999,-999.00,-999,-999.00,-999.00,-999.00,1658,19.54,-999.00,-999.00,-999.00,52.88,-21.40,-21.47,-21.43,33.89,33.81,33.85,5,5.00,5.00,0.25,75.00,238.00,961.00,1412.00
Chiroptera,Nycteridae,Nycteris,woodi,nycteris woodi,-999.00,7.60,39.50,-999.00,-999.00,-999.00,-999.00,-999.00,-999.00,-999.00,-999.00,1.00,-999.00,-999.00,-999.00,-999.00,-999.00,-999.00,-999.00,-999.00,-999.00,-999.00,-999.00,-999.00,-999,2.00,-999,-999.00,-999.00,-999.00,1658;2151;2622;2655,-999.00,-999.00,-999.00,-999.00,665399.76,-11.05,-23.02,-17.04,36.60,27.31,31.96,1,32.61,4.00,0.15,69.29,219.64,793.43,1462.07
Primates,Lorisidae,Nycticebus,bengalensis,nycticebus bengalensis,-999.00,1137.36,-999.00,-999.00,-999.00,-999.00,-999.00,-999.00,-999.00,-999.00,-999.00,-999.00,-999.00,-999.00,-999.00,-999.00,-999.00,-999.00,-999.00,-999.00,-999.00,-999.00,-999.00,-999.00,-999,-999.00,-999,-999.00,-999.00,-999.00,1547,-999.00,-999.00,-999.00,-999.00,1941260.00,27.17,8.55,17.86,109.46,88.33,98.89,2,155.17,9.00,0.09,164.24,232.83,1095.58,1474.00
Primates,Lorisidae,Nycticebus,coucang,nycticebus coucang,1.00,924.55,-999.00,300.00,-999.00,932.57,240.00,960.00,6.00,-999.00,191.09,1.00,-999.00,-999.00,365.00,1.12,-999.00,318.00,50.47,-999.00,20.00,-999.00,660.82,1.00,-999,2.00,2,181.21,520.00,-999.00,208;223;511;543;732;1297;1544;1547;1822;1848;2344;2493;2511;2655;2660;2986,-999.00,1.10,-999.00,-999.00,1504921.10,9.33,-8.78,0.27,120.25,95.18,107.72,1,149.98,4.00,0.14,237.29,248.73,1664.86,1740.31
Primates,Lorisidae,Nycticebus,pygmaeus,nycticebus pygmaeus,-999.00,342.32,-999.00,-999.00,-999.00,-999.00,-999.00,-999.00,-999.00,-999.00,185.42,-999.00,-999.00,-999.00,-999.00,1.75,-999.00,-999.00,19.89,-999.00,-999.00,-999.00,-999.00,1.00,-999,-999.00,-999,-999.00,-999.00,-999.00,223;1544;1547;2344;2511;2655,-999.00,-999.00,-999.00,-999.00,262116.82,23.44,10.43,16.94,109.46,102.79,106.12,2,220.98,12.00,0.11,149.90,210.90,1172.49,1359.80
Chiroptera,Vespertilionidae,Nycticeinops,schlieffeni,nycticeinops schlieffeni,-999.00,5.05,30.99,-999.00,-999.00,-999.00,-999.00,-999.00,1.00,-999.00,78.63,1.00,-999.00,-999.00,-999.00,2.54,1.00,-999.00,-999.00,-999.00,-999.00,-999.00,-999.00,-999.00,-999,2.00,3,-999.00,-999.00,-999.00,44;1257;1297;1658;2143;2151;2655;2894;2896;2898,-999.00,-999.00,-999.00,-999.00,13760621.45,31.60,-27.56,2.02,47.61,-17.53,15.03,0,34.56,1.00,0.13,69.66,240.47,763.13,1546.42
Chiroptera,Vespertilionidae,Nycticeius,aenobarbus,nycticeius aenobarbus,-999.00,-999.00,-999.00,-999.00,-999.00,-999.00,-999.00,-999.00,-999.00,-999.00,-999.00,-999.00,-999.00,-999.00,-999.00,-999.00,-999.00,-999.00,-999.00,-999.00,-999.00,-999.00,-999.00,-999.00,-999,-999.00,-999,-999.00,-999.00,-999.00,-999,-999.00,-999.00,-999.00,-999.00,-999.00,-999.00,-999.00,-999.00,-999.00,-999.00,-999.00,-999,-999.00,-999.00,-999.00,-999.00,-999.00,-999.00,-999.00
Chiroptera,Vespertilionidae,Nycticeius,cubanus,nycticeius cubanus,-999.00,-999.00,-999.00,-999.00,-999.00,-999.00,-999.00,-999.00,-999.00,-999.00,-999.00,-999.00,-999.00,-999.00,-999.00,-999.00,-999.00,-999.00,-999.00,-999.00,-999.00,-999.00,-999.00,-999.00,-999,-999.00,-999,-999.00,-999.00,-999.00,-999,-999.00,-999.00,-999.00,-999.00,107157.22,23.19,19.82,21.51,-74.13,-84.95,-79.54,2,108.76,16.00,0.02,103.50,252.34,1271.00,1782.03
Chiroptera,Vespertilionidae,Nycticeius,humeralis,nycticeius humeralis,-999.00,9.12,33.74,-999.00,1.00,-999.00,10.72,9.01,-999.00,-999.00,-999.00,1.00,-999.00,-999.00,-999.00,1.94,1.00,60.00,1.73,16.26,-999.00,-999.00,-999.00,-999.00,-999,2.00,-999,28.28,4.51,-999.00,185;186;543;871;1083;1085;1297;1509;1658;2143;2151;2622;2655,-999.00,-999.00,-999.00,-999.00,2889477.80,42.78,21.88,32.33,-74.16,-101.35,-87.75,0,59.54,4.00,0.05,85.22,158.82,877.06,1024.64
Chiroptera,Natalidae,Nyctiellus,lepidus,nyctiellus lepidus,-999.00,-999.00,29.00,-999.00,-999.00,-999.00,-999.00,-999.00,1.00,-999.00,-999.00,1.00,-999.00,-999.00,-999.00,-999.00,-999.00,-999.00,-999.00,-999.00,-999.00,-999.00,-999.00,-999.00,-999,2.00,3,-999.00,-999.00,-999.00,889;1658;2151,3.88,-999.00,-999.00,-999.00,66549.07,25.56,21.23,23.39,-75.00,-84.95,-79.97,2,92.09,5.00,0.03,111.11,250.96,1261.00,1950.00
Chiroptera,Pteropodidae,Nyctimene,aello,nyctimene aello,-999.00,85.26,82.74,121.55,-999.00,-999.00,-999.00,-999.00,-999.00,-999.00,-999.00,1.00,-999.00,-999.00,-999.00,0.98,-999.00,-999.00,-999.00,-999.00,-999.00,-999.00,-999.00,1.00,-999,2.00,-999,-999.00,-999.00,-999.00,81;406;1297;1658;2143;2151;2622;2655,-999.00,-999.00,-999.00,-999.00,390567.59,2.22,-10.70,-4.23,150.87,127.39,139.13,1,10.48,1.00,0.11,266.74,227.20,1677.36,1705.86
Chiroptera,Pteropodidae,Nyctimene,albiventer,nyctimene albiventer,-999.00,29.95,54.78,82.32,-999.00,-999.00,33.31,29.55,1.00,-999.00,-999.00,1.00,-999.00,-999.00,-999.00,0.98,2.00,-999.00,-999.00,-999.00,-999.00,-999.00,-999.00,1.50,-999,2.00,1,-999.00,-999.00,-999.00,81;196;406;1297;1658;1822;1948;1950;2143;2151;2622;2655,-999.00,-999.00,-999.00,-999.00,527482.57,2.64,-10.70,-4.02,153.11,127.28,140.19,1,11.28,1.00,0.12,256.72,234.76,1658.55,1691.54
Chiroptera,Pteropodidae,Nyctimene,cephalotes,nyctimene cephalotes,-999.00,44.92,65.03,94.70,-999.00,-999.00,-999.00,-999.00,-999.00,-999.00,-999.00,1.00,-999.00,-999.00,-999.00,0.98,-999.00,-999.00,-999.00,-999.00,-999.00,-999.00,-999.00,1.00,-999,2.00,-999,-999.00,-999.00,-999.00,81;406;978;1297;1658;2143;2151;2655,-999.00,-999.00,-999.00,-999.00,251382.79,1.75,-10.37,-4.30,147.40,118.75,133.07,1,70.79,1.00,0.07,220.07,228.29,1711.33,1816.63
Chiroptera,Pteropodidae,Nyctimene,certans,nyctimene certans,-999.00,43.24,60.71,86.36,-999.00,-999.00,-999.00,-999.00,-999.00,-999.00,-999.00,1.00,-999.00,-999.00,-999.00,-999.00,-999.00,-999.00,-999.00,-999.00,-999.00,-999.00,-999.00,-999.00,-999,2.00,-999,-999.00,-999.00,-999.00,977;2151;2655,-999.00,-999.00,-999.00,-999.00,122392.34,-3.30,-9.18,-6.24,147.84,136.93,142.38,1,11.97,2.00,0.14,278.65,185.01,1677.20,1689.02
Chiroptera,Pteropodidae,Nyctimene,cyclotis,nyctimene cyclotis,-999.00,48.83,54.23,-999.00,-999.00,-999.00,-999.00,-999.00,-999.00,-999.00,-999.00,1.00,-999.00,-999.00,-999.00,-999.00,-999.00,-999.00,-999.00,-999.00,-999.00,-999.00,-999.00,-999.00,-999,2.00,-999,-999.00,-999.00,-999.00,81;1658;2151;2622;2655,-999.00,-999.00,-999.00,-999.00,259281.47,-0.62,-10.70,-5.66,150.73,134.01,142.37,1,11.53,1.00,0.11,290.96,217.49,1669.67,1688.17
Chiroptera,Pteropodidae,Nyctimene,draconilla,nyctimene draconilla,-999.00,30.15,49.99,110.00,-999.00,-999.00,-999.00,-999.00,3.00,-999.00,-999.00,1.00,-999.00,-999.00,-999.00,-999.00,-999.00,-999.00,-999.00,-999.00,-999.00,-999.00,-999.00,-999.00,-999,2.00,2,-999.00,-999.00,-999.00,1015;1658;2151;2622;2655,-999.00,-999.00,-999.00,-999.00,78720.86,-3.98,-6.96,-5.47,145.80,138.54,142.17,1,5.31,1.00,0.19,268.88,246.61,1688.66,1694.29
Chiroptera,Pteropodidae,Nyctimene,keasti,nyctimene keasti,-999.00,-999.00,-999.00,-999.00,-999.00,-999.00,-999.00,-999.00,-999.00,-999.00,-999.00,-999.00,-999.00,-999.00,-999.00,-999.00,-999.00,-999.00,-999.00,-999.00,-999.00,-999.00,-999.00,-999.00,-999,-999.00,-999,-999.00,-999.00,-999.00,-999,-999.00,-999.00,-999.00,-999.00,4955.44,-5.27,-8.05,-6.66,133.19,129.58,131.39,19,19.00,19.00,0.11,164.00,267.00,-999.00,-999.00
Chiroptera,Pteropodidae,Nyctimene,major,nyctimene major,-999.00,107.06,76.12,134.03,-999.00,-999.00,-999.00,-999.00,-999.00,-999.00,-999.00,1.00,-999.00,-999.00,-999.00,-999.00,-999.00,-999.00,-999.00,-999.00,-999.00,-999.00,-999.00,1.00,-999,2.00,-999,-999.00,-999.00,-999.00,81;406;1658;2151;2280;2655,-999.00,-999.00,-999.00,-999.00,36810.07,-3.23,-11.65,-7.44,161.39,144.57,152.98,7,13.09,9.00,0.14,203.55,260.24,1653.00,1653.00
Chiroptera,Pteropodidae,Nyctimene,malaitensis,nyctimene malaitensis,-999.00,78.39,65.10,119.69,-999.00,-999.00,-999.00,-999.00,-999.00,-999.00,-999.00,1.00,-999.00,-999.00,-999.00,-999.00,-999.00,-999.00,-999.00,-999.00,-999.00,-999.00,-999.00,-999.00,-999,2.00,-999,-999.00,-999.00,-999.00,1658;2151;2280;2655,-999.00,-999.00,-999.00,-999.00,3870.66,-8.31,-9.64,-8.97,161.39,160.54,160.97,13,13.00,13.00,0.18,204.49,258.50,-999.00,-999.00
Chiroptera,Pteropodidae,Nyctimene,masalai,nyctimene masalai,-999.00,53.20,66.67,-999.00,-999.00,-999.00,-999.00,-999.00,-999.00,-999.00,-999.00,1.00,-999.00,-999.00,-999.00,-999.00,-999.00,-999.00,-999.00,-999.00,-999.00,-999.00,-999.00,-999.00,-999,2.00,-999,-999.00,-999.00,-999.00,722;1658;2151;2655,-999.00,-999.00,-999.00,-999.00,7066.71,-2.55,-4.85,-3.70,153.11,150.69,151.90,10,10.00,10.00,0.11,189.50,238.00,-999.00,-999.00
Chiroptera,Pteropodidae,Nyctimene,minutus,nyctimene minutus,-999.00,-999.00,52.57,-999.00,-999.00,-999.00,-999.00,-999.00,-999.00,-999.00,-999.00,1.00,-999.00,-999.00,-999.00,-999.00,-999.00,-999.00,-999.00,-999.00,-999.00,-999.00,-999.00,-999.00,-999,2.00,-999,-999.00,-999.00,-999.00,81;679;1658;2151,21.31,-999.00,-999.00,-999.00,199965.79,1.75,-5.70,-1.97,130.87,118.75,124.81,5,82.58,17.00,0.07,236.37,218.40,1812.60,1909.15
Chiroptera,Pteropodidae,Nyctimene,rabori,nyctimene rabori,-999.00,68.25,77.00,-999.00,-999.00,365.00,-999.00,-999.00,1.00,-999.00,138.16,1.00,-999.00,-999.00,-999.00,1.00,1.00,-999.00,-999.00,-999.00,30.00,-999.00,295.82,-999.00,-999,2.00,1,105.00,-999.00,-999.00,899;1314;1439;1658;2017;2151;2655;2885,-999.00,-999.00,-999.00,-999.00,17815.16,12.50,9.03,10.77,124.07,122.38,123.22,97,333.53,103.00,0.08,140.47,258.59,1483.66,1783.72
Chiroptera,Pteropodidae,Nyctimene,robinsoni,nyctimene robinsoni,-999.00,48.83,65.36,-999.00,-999.00,-999.00,-999.00,-999.00,1.00,-999.00,-999.00,1.00,-999.00,-999.00,-999.00,0.99,1.00,-999.00,-999.00,-999.00,-999.00,-999.00,-999.00,1.00,-999,2.00,1,-999.00,-999.00,-999.00,196;360;1221;1297;1658;2017;2024;2143;2151;2432;2655;2691;2719;2744,-999.00,-999.00,-999.00,-999.00,351920.41,-10.69,-30.78,-20.74,153.63,141.59,147.61,0,11.36,0.00,0.09,95.91,218.02,982.41,1579.68
Chiroptera,Pteropodidae,Nyctimene,sanctacrucis,nyctimene sanctacrucis,-999.00,-999.00,75.12,-999.00,-999.00,-999.00,-999.00,-999.00,-999.00,-999.00,-999.00,1.00,-999.00,-999.00,-999.00,-999.00,-999.00,-999.00,-999.00,-999.00,-999.00,-999.00,-999.00,-999.00,-999,2.00,-999,-999.00,-999.00,-999.00,978;1658;2151,59.25,-999.00,-999.00,-999.00,504.81,-10.66,-10.88,-10.77,166.09,165.69,165.89,13,13.00,13.00,0.18,-999.00,-999.00,-999.00,-999.00
Chiroptera,Pteropodidae,Nyctimene,vizcaccia,nyctimene vizcaccia,-999.00,41.96,58.07,93.93,-999.00,-999.00,-999.00,-999.00,-999.00,-999.00,-999.00,1.00,-999.00,-999.00,-999.00,-999.00,-999.00,-999.00,-999.00,-999.00,-999.00,-999.00,-999.00,1.00,-999,2.00,-999,-999.00,-999.00,-999.00,196;406;1658;2151;2280;2655,-999.00,-999.00,-999.00,-999.00,33659.02,-1.95,-9.94,-5.95,161.39,146.50,153.94,8,13.31,8.00,0.16,197.47,253.93,-999.00,-999.00
Chiroptera,Molossidae,Nyctinomops,aurispinosus,nyctinomops aurispinosus,-999.00,18.43,49.50,-999.00,-999.00,-999.00,-999.00,-999.00,1.00,-999.00,-999.00,1.00,-999.00,-999.00,-999.00,1.00,-999.00,-999.00,-999.00,-999.00,-999.00,-999.00,-999.00,-999.00,-999,2.00,3,-999.00,-999.00,-999.00,890;1297;1432;1644;1658;2151;2655,-999.00,-999.00,-999.00,-999.00,12349250.02,27.04,-23.15,1.94,-34.79,-109.48,-72.13,0,25.15,0.00,0.11,149.71,237.86,1281.54,1543.92
Chiroptera,Molossidae,Nyctinomops,femorosaccus,nyctinomops femorosaccus,-999.00,15.04,47.50,-999.00,-999.00,-999.00,-999.00,-999.00,1.00,-999.00,-999.00,1.00,-999.00,-999.00,-999.00,0.99,1.00,-999.00,-999.00,-999.00,-999.00,-999.00,-999.00,-999.00,-999,2.00,3,-999.00,-999.00,-999.00,1297;1658;1685;1690;2151;2655,-999.00,-999.00,-999.00,-999.00,1257778.48,34.52,17.90,26.21,-100.60,-118.00,-109.30,0,32.89,1.00,0.11,31.84,178.07,510.32,1226.47
Chiroptera,Molossidae,Nyctinomops,laticaudatus,nyctinomops laticaudatus,-999.00,13.12,43.24,-999.00,-999.00,-999.00,11.06,14.00,-999.00,-999.00,-999.00,1.00,-999.00,-999.00,-999.00,0.99,1.00,-999.00,4.01,37.54,-999.00,-999.00,-999.00,-999.00,-999,2.00,-999,-999.00,-999.00,-999.00,419;1297;1658;1822;2151;2622;2655,-999.00,-999.00,-999.00,-999.00,13392624.04,23.43,-30.11,-3.34,-34.79,-100.57,-67.68,0,30.56,0.00,0.11,142.68,235.66,1260.44,1522.70
Chiroptera,Molossidae,Nyctinomops,macrotis,nyctinomops macrotis,-999.00,16.38,60.99,-999.00,-999.00,-999.00,-999.00,-999.00,1.00,-999.00,-999.00,1.00,-999.00,-999.00,-999.00,0.99,1.00,-999.00,4.94,-999.00,-999.00,-999.00,-999.00,-999.00,-999,2.00,3,-999.00,-999.00,-999.00,890;1297;1432;1658;1685;2035;2143;2151;2622;2655,-999.00,-999.00,-999.00,-999.00,18149920.20,39.35,-34.98,2.18,-34.79,-117.28,-76.03,0,30.69,0.00,0.11,127.10,222.69,1148.78,1452.70
Rodentia,Cricetidae,Nyctomys,sumichrasti,nyctomys sumichrasti,1.00,59.99,-999.00,-999.00,17.25,-999.00,-999.00,-999.00,6.00,-999.00,33.98,1.00,-999.00,-999.00,38.00,2.00,8.57,62.40,4.33,51.61,-999.00,-999.00,-999.00,1.00,-999,2.00,1,24.85,-999.00,-999.00,368;543;568;905;1297;2151;2655,-999.00,-999.00,-999.00,-999.00,635794.61,19.79,7.19,13.49,-79.45,-105.20,-92.33,2,65.24,8.00,0.11,154.92,227.59,1214.47,1655.98
Chiroptera,Vespertilionidae,Nyctophilus,arnhemensis,nyctophilus arnhemensis,-999.00,6.83,37.50,-999.00,-999.00,-999.00,-999.00,-999.00,-999.00,-999.00,-999.00,1.00,-999.00,-999.00,-999.00,-999.00,-999.00,-999.00,-999.00,-999.00,-999.00,-999.00,-999.00,-999.00,-999,2.00,-999,-999.00,-999.00,-999.00,1658;2151;2622;2655,-999.00,-999.00,-999.00,-999.00,794833.68,-11.11,-22.48,-16.80,138.40,114.39,126.40,0,0.61,0.00,1.4696072108949e-03,62.47,265.06,705.92,1751.32
Chiroptera,Vespertilionidae,Nyctophilus,bifax,nyctophilus bifax,-999.00,9.89,43.50,-999.00,-999.00,-999.00,-999.00,-999.00,-999.00,-999.00,-999.00,-999.00,-999.00,-999.00,-999.00,2.00,-999.00,-999.00,-999.00,-999.00,-999.00,4.50,-999.00,-999.00,-999,-999.00,-999,-999.00,-999.00,-999.00,1839;2424,-999.00,-999.00,-999.00,-999.00,1481223.75,-3.24,-29.71,-16.48,153.63,115.04,134.34,0,4.77,0.00,0.10,117.29,242.35,979.81,1673.79
Chiroptera,Vespertilionidae,Nyctophilus,geoffroyi,nyctophilus geoffroyi,-999.00,-999.00,-999.00,-999.00,-999.00,-999.00,-999.00,-999.00,-999.00,-999.00,-999.00,-999.00,-999.00,-999.00,-999.00,-999.00,-999.00,-999.00,-999.00,-999.00,-999.00,-999.00,-999.00,-999.00,-999,-999.00,-999,-999.00,-999.00,-999.00,-999,-999.00,-999.00,-999.00,-999.00,7277323.77,-11.11,-43.64,-27.37,153.63,113.14,133.39,0,3.33,0.00,0.03,35.11,208.44,424.90,1328.02
Chiroptera,Vespertilionidae,Nyctophilus,gouldi,nyctophilus gouldi,-999.00,11.32,39.73,-999.00,-999.00,-999.00,20.46,9.30,1.00,-999.00,22.94,1.00,-999.00,-999.00,-999.00,1.54,-999.00,-999.00,1.65,-999.00,-999.00,-999.00,326.81,-999.00,-999,2.00,3,44.34,-999.00,-999.00,895;1173;1297;1658;1784;2066;2143;2151;2282;2655;3023,-999.00,-999.00,-999.00,-999.00,880409.98,-23.44,-43.64,-33.54,153.63,114.97,134.30,0,20.03,0.00,0.04,61.49,150.90,638.60,1087.83
Chiroptera,Vespertilionidae,Nyctophilus,heran,nyctophilus heran,-999.00,-999.00,-999.00,-999.00,-999.00,-999.00,-999.00,-999.00,-999.00,-999.00,-999.00,1.00,-999.00,-999.00,-999.00,-999.00,-999.00,-999.00,-999.00,-999.00,-999.00,-999.00,-999.00,-999.00,-999,2.00,-999,-999.00,-999.00,-999.00,2151,-999.00,-999.00,-999.00,-999.00,1261.04,-8.17,-8.58,-8.38,123.91,123.19,123.55,123,132.24,123.00,-0.01,-999.00,-999.00,-999.00,-999.00
Chiroptera,Vespertilionidae,Nyctophilus,howensis,nyctophilus howensis,-999.00,-999.00,-999.00,-999.00,-999.00,-999.00,-999.00,-999.00,-999.00,-999.00,-999.00,-999.00,-999.00,-999.00,-999.00,-999.00,-999.00,-999.00,-999.00,-999.00,-999.00,-999.00,-999.00,-999.00,-999,-999.00,-999,-999.00,-999.00,-999.00,-999,-999.00,-999.00,-999.00,-999.00,-999.00,-999.00,-999.00,-999.00,-999.00,-999.00,-999.00,-999,-999.00,-999.00,-999.00,-999.00,-999.00,-999.00,-999.00
Chiroptera,Vespertilionidae,Nyctophilus,microdon,nyctophilus microdon,-999.00,-999.00,38.99,-999.00,-999.00,-999.00,-999.00,-999.00,-999.00,-999.00,-999.00,1.00,-999.00,-999.00,-999.00,-999.00,-999.00,-999.00,-999.00,-999.00,-999.00,-999.00,-999.00,-999.00,-999,2.00,-999,-999.00,-999.00,-999.00,1658;2151,9.05,-999.00,-999.00,-999.00,11958.72,-5.37,-6.00,-5.69,145.34,142.46,143.90,4,21.66,4.00,0.13,373.05,136.73,1618.33,1620.47
Chiroptera,Vespertilionidae,Nyctophilus,microtis,nyctophilus microtis,-999.00,7.29,38.99,-999.00,-999.00,-999.00,-999.00,-999.00,-999.00,-999.00,-999.00,1.00,-999.00,-999.00,-999.00,-999.00,-999.00,-999.00,-999.00,-999.00,-999.00,-999.00,-999.00,-999.00,-999,2.00,-999,-999.00,-999.00,-999.00,1658;2151;2622;2655,-999.00,-999.00,-999.00,-999.00,284169.97,-0.89,-9.69,-5.29,148.51,130.63,139.57,1,9.42,1.00,0.11,300.87,221.85,1662.42,1690.37
Lagomorpha,Ochotonidae,Ochotona,rufescens,ochotona rufescens,3.00,250.00,-999.00,197.49,8.00,-999.00,-999.00,-999.00,-999.00,-999.00,25.75,2.00,-999.00,-999.00,-999.00,6.05,4.00,-999.00,11.40,-999.00,5999.99,-999.00,61.02,-999.00,-999,1.00,-999,19.09,78.36,-999.00,401;1297;2339;2340;2646;2647;2655;2988,-999.00,-999.00,-999.00,-999.00,1022901.97,38.61,25.71,32.16,71.49,46.64,59.07,3,43.02,6.00,0.18,21.56,138.90,259.09,1209.53
Lagomorpha,Ochotonidae,Ochotona,rutila,ochotona rutila,-999.00,-999.00,-999.00,208.83,-999.00,-999.00,-999.00,-999.00,2.00,-999.00,-999.00,1.00,-999.00,-999.00,-999.00,4.10,2.50,-999.00,-999.00,-999.00,726.63,-999.00,377.57,-999.00,-999,1.00,1,-999.00,-999.00,-999.00,95;401;1297;2646;2647;2988,260.07,-999.00,-999.00,-999.00,271593.43,44.05,37.88,40.96,79.54,67.38,73.46,0,54.47,4.00,0.04,22.84,12.61,276.16,798.01
Lagomorpha,Ochotonidae,Ochotona,thibetana,ochotona thibetana,-999.00,-999.00,-999.00,-999.00,-999.00,-999.00,-999.00,-999.00,-999.00,-999.00,-999.00,2.00,-999.00,-999.00,-999.00,2.93,-999.00,-999.00,-999.00,-999.00,-999.00,-999.00,-999.00,-999.00,-999,1.00,-999,-999.00,-999.00,-999.00,2647,-999.00,-999.00,-999.00,-999.00,919072.95,35.81,25.05,30.43,111.09,86.90,99.00,0,81.91,2.00,0.07,118.04,37.22,749.95,936.35
Lagomorpha,Ochotonidae,Ochotona,thomasi,ochotona thomasi,-999.00,-999.00,-999.00,-999.00,-999.00,-999.00,-999.00,-999.00,-999.00,-999.00,-999.00,2.00,-999.00,-999.00,-999.00,-999.00,-999.00,-999.00,-999.00,-999.00,-999.00,-999.00,-999.00,-999.00,-999,1.00,-999,-999.00,-999.00,-999.00,2647,-999.00,-999.00,-999.00,-999.00,340281.03,40.85,30.48,35.66,102.59,96.82,99.71,0,14.75,0.00,0.05,57.54,-30.03,405.61,763.88
Lagomorpha,Ochotonidae,Ochotona,turuchanensis,ochotona turuchanensis,-999.00,-999.00,-999.00,-999.00,-999.00,-999.00,-999.00,-999.00,-999.00,-999.00,-999.00,-999.00,-999.00,-999.00,-999.00,-999.00,-999.00,-999.00,-999.00,-999.00,-999.00,-999.00,-999.00,-999.00,-999,-999.00,-999,-999.00,-999.00,-999.00,-999,-999.00,-999.00,-999.00,-999.00,-999.00,-999.00,-999.00,-999.00,-999.00,-999.00,-999.00,-999,-999.00,-999.00,-999.00,-999.00,-999.00,-999.00,-999.00
Rodentia,Cricetidae,Ochrotomys,nuttalli,ochrotomys nuttalli,2.00,22.81,-999.00,92.18,12.85,-999.00,27.10,19.50,3.00,-999.00,29.10,2.00,3.362546e-03,4.131205e-03,25.90,2.62,-999.00,30.00,2.70,-999.00,302.33,-999.00,-999.00,3.75,6,2.00,2,20.84,12.50,-999.00,391;543;730;1134;1297;1392;1793;1794;1796;1822;1917;1918;2166;2406;2591;2655;2697,-999.00,4.20,-999.00,-999.00,1448050.54,39.40,26.69,33.05,-75.71,-96.14,-85.93,3,45.48,6.00,0.06,99.50,166.74,960.28,1054.98
Rodentia,Octodontidae,Octodon,bridgesi,octodon bridgesi,3.00,162.25,-999.00,159.62,-999.00,-999.00,183.32,176.10,3.00,-999.00,-999.00,1.00,-999.00,-999.00,-999.00,-999.00,-999.00,-999.00,-999.00,-999.00,-999.00,-999.00,-999.00,-999.00,-999,1.00,1,-999.00,-999.00,-999.00,424;890;1822;2655;2942,-999.00,-999.00,-999.00,-999.00,102723.41,-33.36,-40.34,-36.85,-70.19,-73.25,-71.72,1,73.48,1.00,0.06,60.22,76.88,528.82,907.25
Rodentia,Octodontidae,Octodon,degus,octodon degus,2.00,203.27,-999.00,280.00,1.25,-999.00,177.25,200.70,7.00,-999.00,90.59,3.00,-999.00,-999.00,-999.00,5.31,2.00,85.20,14.19,-999.00,1166.23,-999.00,187.19,-999.00,8,2.00,2,31.12,71.12,-999.00,424;543;730;873;890;1026;1297;1449;1492;1627;1822;2007;2151;2655;3078,-999.00,-999.00,-999.00,-999.00,64949.08,-28.68,-34.97,-31.83,-70.23,-72.15,-71.19,1,100.42,1.00,0.06,26.48,63.47,232.90,1011.21
Rodentia,Octodontidae,Octodon,lunatus,octodon lunatus,-999.00,200.55,-999.00,-999.00,-999.00,-999.00,171.46,173.20,2.00,-999.00,-999.00,-999.00,-999.00,-999.00,-999.00,-999.00,-999.00,-999.00,-999.00,-999.00,-999.00,-999.00,-999.00,-999.00,-999,-999.00,1,-999.00,-999.00,-999.00,424;890;1822;2655,-999.00,-999.00,-999.00,-999.00,32534.97,-29.91,-35.17,-32.54,-70.52,-72.19,-71.36,7,137.99,8.00,0.08,35.27,116.20,267.02,903.13
Rodentia,Octodontidae,Octodon,pacificus,octodon pacificus,-999.00,-999.00,-999.00,-999.00,-999.00,-999.00,-999.00,-999.00,-999.00,-999.00,-999.00,-999.00,-999.00,-999.00,-999.00,-999.00,-999.00,-999.00,-999.00,-999.00,-999.00,-999.00,-999.00,-999.00,-999,-999.00,-999,-999.00,-999.00,-999.00,-999,-999.00,-999.00,-999.00,-999.00,-999.00,-999.00,-999.00,-999.00,-999.00,-999.00,-999.00,-999,-999.00,-999.00,-999.00,-999.00,-999.00,-999.00,-999.00
Rodentia,Octodontidae,Octodontomys,gliroides,octodontomys gliroides,1.00,155.77,-999.00,-999.00,0.00,-999.00,125.82,156.30,2.00,-999.00,104.50,2.00,-999.00,-999.00,-999.00,2.04,-999.00,88.00,20.00,-999.00,-999.00,-999.00,-999.00,-999.00,6,2.00,1,-999.00,-999.00,-999.00,424;543;890;1297;1627;1822;2151;2655,-999.00,-999.00,-999.00,-999.00,396551.36,-15.69,-31.40,-23.54,-64.48,-69.62,-67.05,0,12.04,0.00,0.06,43.03,39.90,494.61,1247.58
Rodentia,Octodontidae,Octomys,mimax,octomys mimax,1.00,124.43,-999.00,-999.00,-999.00,-999.00,115.04,118.60,2.00,-999.00,-999.00,2.00,-999.00,-999.00,-999.00,-999.00,-999.00,-999.00,-999.00,-999.00,-999.00,-999.00,-999.00,-999.00,-999,1.00,1,-999.00,-999.00,-999.00,424;890;1822;2151;2655,-999.00,-999.00,-999.00,-999.00,54799.69,-26.80,-31.94,-29.37,-67.18,-69.86,-68.52,0,1.54,0.00,0.04,14.59,59.82,207.37,1131.54
Carnivora,Odobenidae,Odobenus,rosmarus,odobenus rosmarus,2.00,1042996.25,-999.00,2870.18,0.00,1825.00,-999.00,-999.00,6.00,729.99,357.39,2.00,-999.00,-999.00,821.25,1.22,-999.00,480.00,59090.90,-999.00,1.27,-999.00,2315.02,-999.00,-999,1.00,2,591.36,200000.00,-999.00,367;543;1297;1763;2151;2655;2986,-999.00,0.73,-999.00,-999.00,-999.00,-999.00,-999.00,-999.00,-999.00,-999.00,-999.00,-999,-999.00,-999.00,-999.00,-999.00,-999.00,-999.00,-999.00
Artiodactyla,Cervidae,Odocoileus,hemionus,odocoileus hemionus,-999.00,84560.57,-999.00,1516.50,-999.00,547.50,-999.00,-999.00,2.00,-999.00,203.49,1.00,2.01,2.85,365.00,1.61,-999.00,264.00,3007.49,-999.00,16.00,-999.00,527.12,-999.00,-999,1.00,1,73.49,23900.00,-999.00,89;653;730;1297;1404;1573;1577;1763;2525;2620;2655;2718;2986;3009;3010,-999.00,1.10,-999.00,-999.00,6310738.18,62.28,21.27,41.77,-96.52,-149.44,-122.98,0,14.38,0.00,0.07,38.76,67.61,389.11,755.20
Artiodactyla,Cervidae,Odocoileus,virginianus,odocoileus virginianus,2.00,75901.25,-999.00,1513.69,-999.00,463.00,-999.00,-999.00,4.00,-999.00,201.39,1.00,1.99,2.29,304.16,1.57,-999.00,276.00,2949.99,-999.00,17.32,-999.00,365.00,2.25,4,1.00,1,79.92,29985.81,-999.00,543;653;730;764;905;1297;1404;1573;1577;1594;2151;2338;2525;2650;2655;2718;2986;3009;3010,-999.00,1.20,-999.00,-999.00,14446002.22,61.76,-17.98,21.89,-49.87,-130.91,-90.39,0,34.11,0.00,0.07,80.45,127.64,773.39,1025.50
Rodentia,Cricetidae,Oecomys,auyantepui,oecomys auyantepui,-999.00,-999.00,-999.00,-999.00,-999.00,-999.00,-999.00,-999.00,-999.00,-999.00,-999.00,-999.00,-999.00,-999.00,-999.00,-999.00,-999.00,-999.00,-999.00,-999.00,-999.00,-999.00,-999.00,-999.00,-999,-999.00,-999,-999.00,-999.00,-999.00,-999,-999.00,-999.00,-999.00,-999.00,-999.00,-999.00,-999.00,-999.00,-999.00,-999.00,-999.00,-999,-999.00,-999.00,-999.00,-999.00,-999.00,-999.00,-999.00
Rodentia,Cricetidae,Oecomys,bicolor,oecomys bicolor,1.00,40.74,-999.00,-999.00,-999.00,-999.00,-999.00,-999.00,2.00,-999.00,-999.00,1.00,-999.00,-999.00,-999.00,3.15,-999.00,-999.00,-999.00,-999.00,44.46,-999.00,92.80,1.00,-999,2.00,1,-999.00,-999.00,-999.00,730;905;1297;2151;2655,-999.00,-999.00,-999.00,-999.00,7578892.12,11.38,-22.06,-5.34,-47.39,-81.01,-64.20,0,11.56,0.00,0.13,169.28,248.59,1399.05,1579.55
Rodentia,Cricetidae,Oecomys,catherinae,oecomys catherinae,-999.00,-999.00,-999.00,-999.00,-999.00,-999.00,-999.00,-999.00,-999.00,-999.00,-999.00,-999.00,-999.00,-999.00,-999.00,-999.00,-999.00,-999.00,-999.00,-999.00,-999.00,-999.00,-999.00,-999.00,-999,-999.00,-999,-999.00,-999.00,-999.00,-999,-999.00,-999.00,-999.00,-999.00,-999.00,-999.00,-999.00,-999.00,-999.00,-999.00,-999.00,-999,-999.00,-999.00,-999.00,-999.00,-999.00,-999.00,-999.00
Rodentia,Cricetidae,Oecomys,cleberi,oecomys cleberi,-999.00,73.40,-999.00,-999.00,-999.00,-999.00,-999.00,-999.00,-999.00,-999.00,-999.00,-999.00,-999.00,-999.00,-999.00,-999.00,-999.00,-999.00,-999.00,-999.00,-999.00,-999.00,-999.00,-999.00,-999,-999.00,-999,-999.00,-999.00,-999.00,2655,-999.00,-999.00,-999.00,-999.00,5781.47,-15.41,-16.22,-15.82,-45.69,-46.41,-46.05,3,4.33,3.00,0.08,125.00,211.66,1055.33,1463.51
Rodentia,Cricetidae,Onychomys,leucogaster,onychomys leucogaster,1.00,27.92,-999.00,103.46,19.25,156.33,-999.00,-999.00,4.00,-999.00,31.63,2.00,0.02,0.02,31.50,3.84,3.80,60.00,2.30,-999.00,-999.00,-999.00,107.71,-999.00,6,1.00,2,22.82,13.10,-999.00,377;543;786;881;1215;1297;1382;1923;2294;2621;2655;2776,-999.00,-999.00,-999.00,-999.00,3797199.74,53.17,23.24,38.20,-93.98,-122.39,-108.18,0,8.69,0.00,0.05,34.14,93.41,470.15,863.03
Rodentia,Cricetidae,Onychomys,torridus,onychomys torridus,1.00,21.68,-999.00,94.80,15.50,121.66,29.60,19.10,1.00,-999.00,28.37,2.00,0.01,0.01,29.70,3.30,2.50,55.20,2.33,-999.00,158.55,-999.00,56.02,2.00,-999,1.00,3,19.86,9.19,-999.00,377;543;730;808;1012;1215;1297;1573;1577;1822;1849;1922;2473;2655;2810,-999.00,-999.00,-999.00,-999.00,769659.21,42.14,24.97,33.55,-107.74,-120.74,-114.24,0,28.83,0.00,0.15,22.33,149.35,341.39,1135.77
Cetacea,Delphinidae,Orcaella,brevirostris,orcaella brevirostris,-999.00,189999.99,-999.00,2500.00,-999.00,-999.00,-999.00,-999.00,1.00,-999.00,425.83,1.00,-999.00,-999.00,-999.00,1.00,-999.00,-999.00,-999.00,-999.00,37.36,5.50,-999.00,-999.00,-999,-999.00,3,-999.00,-999.00,-999.00,147;148;1297;2151;2409;2655,-999.00,-999.00,-999.00,-999.00,-999.00,-999.00,-999.00,-999.00,-999.00,-999.00,-999.00,-999,-999.00,-999.00,-999.00,-999.00,-999.00,-999.00,-999.00
Cetacea,Delphinidae,Orcinus,orca,orcinus orca,-999.00,5628758.66,-999.00,8652.64,-999.00,5456.75,-999.00,-999.00,2.00,-999.00,456.25,1.00,79244.72,112249.72,1825.00,1.00,-999.00,1200.00,158745.07,2374.99,-999.00,9.00,4989.76,12.00,-999,-999.00,3,415.76,-999.00,-999.00,144;149;150;151;387;537;543;1004;1297;2151;2409;2655,-999.00,0.48,-999.00,-999.00,-999.00,-999.00,-999.00,-999.00,-999.00,-999.00,-999.00,-999,-999.00,-999.00,-999.00,-999.00,-999.00,-999.00,-999.00
Artiodactyla,Bovidae,Oreamnos,americanus,oreamnos americanus,2.00,72105.40,-999.00,1297.33,-999.00,1095.00,8320.00,32000.00,2.00,-999.00,181.24,1.00,18.17,17.04,365.00,1.40,-999.00,230.04,3080.81,-999.00,-999.00,-999.00,964.59,3.00,4,1.00,1,84.86,-999.00,-999.00,511;543;764;1297;1404;1525;1573;1822;1848;2448;2555;2655;2718;2986,-999.00,1.10,-999.00,-999.00,1137827.98,64.61,43.51,54.06,-110.18,-151.99,-131.08,0,4.68,0.00,0.09,66.00,-10.46,324.18,429.51
Primates,Atelidae,Oreonax,flavicauda,oreonax flavicauda,3.00,8229.12,-999.00,550.38,-999.00,-999.00,-999.00,-999.00,4.00,-999.00,225.00,2.00,-999.00,-999.00,-999.00,1.00,-999.00,-999.00,-999.00,-999.00,6.46,13.00,1683.65,9.10,-999,2.00,1,-999.00,-999.00,-999.00,730;899;905;1297;1544;1547;1848;2151;2344;2371;2463;2655,-999.00,-999.00,-999.00,-999.00,33168.59,-6.26,-9.51,-7.89,-76.03,-77.97,-77.00,4,14.60,5.00,0.15,127.89,164.83,1191.15,1482.23
Artiodactyla,Bovidae,Oreotragus,oreotragus,oreotragus oreotragus,2.00,13486.55,-999.00,824.99,-999.00,-999.00,-999.00,-999.00,4.00,-999.00,214.00,1.00,-999.00,-999.00,365.00,0.98,-999.00,213.96,1130.00,-999.00,2.62,-999.00,371.23,2.00,4,1.00,1,136.87,-999.00,-999.00,543;730;869;917;1297;1525;1848;2629;2655;2693;2986,-999.00,1.10,-999.00,-999.00,5375303.33,19.29,-34.83,-7.77,50.90,7.62,29.26,0,38.39,1.00,0.13,66.50,209.37,776.24,1452.31
Monotremata,Ornithorhynchidae,Ornithorhynchus,anatinus,ornithorhynchus anatinus,2.00,1484.25,-999.00,419.18,-999.00,730.00,477.34,1315.00,1.00,-999.00,12.48,3.00,0.07,0.07,365.00,2.00,-999.00,264.00,-999.00,-999.00,-999.00,-999.00,742.46,1.00,-999,1.00,3,120.97,-999.00,-999.00,543;1297;1361;1573;1822;1848;2224;2484;2581;2655,-999.00,1.10,-999.00,-999.00,547828.42,-16.29,-43.64,-29.96,153.63,136.53,145.08,0,24.86,1.00,0.04,76.73,156.53,781.20,1206.89
Rodentia,Geomyidae,Orthogeomys,cavator,orthogeomys cavator,-999.00,650.00,-999.00,-999.00,-999.00,-999.00,-999.00,-999.00,3.00,-999.00,-999.00,2.00,-999.00,-999.00,-999.00,-999.00,-999.00,-999.00,-999.00,-999.00,-999.00,-999.00,-999.00,-999.00,-999,1.00,1,-999.00,-999.00,-999.00,2151;2655,-999.00,-999.00,-999.00,-999.00,767.26,9.83,8.41,9.12,-82.39,-83.95,-83.17,13,62.36,13.00,0.05,231.60,277.48,1528.00,1755.00
Rodentia,Geomyidae,Orthogeomys,cherriei,orthogeomys cherriei,-999.00,-999.00,-999.00,-999.00,-999.00,-999.00,-999.00,-999.00,3.00,-999.00,-999.00,2.00,-999.00,-999.00,-999.00,-999.00,-999.00,-999.00,-999.00,-999.00,-999.00,-999.00,-999.00,-999.00,-999,1.00,1,-999.00,-999.00,-999.00,2151,-999.00,-999.00,-999.00,-999.00,6002.72,10.52,9.82,10.17,-83.09,-84.91,-84.00,16,85.96,16.00,0.20,304.68,248.57,1361.47,1731.24
Rodentia,Geomyidae,Orthogeomys,cuniculus,orthogeomys cuniculus,1.00,499.99,-999.00,-999.00,-999.00,-999.00,-999.00,-999.00,3.00,-999.00,-999.00,2.00,-999.00,-999.00,-999.00,-999.00,-999.00,-999.00,-999.00,-999.00,-999.00,-999.00,-999.00,-999.00,-999,1.00,1,-999.00,-999.00,-999.00,511;2151;2655,-999.00,-999.00,-999.00,-999.00,609.71,16.60,16.39,16.50,-94.15,-94.46,-94.30,6,14.51,6.00,0.12,223.14,233.05,1114.80,1588.95
Rodentia,Geomyidae,Orthogeomys,dariensis,orthogeomys dariensis,-999.00,437.99,-999.00,-999.00,-999.00,-999.00,-999.00,-999.00,3.00,-999.00,-999.00,2.00,-999.00,-999.00,-999.00,-999.00,-999.00,-999.00,-999.00,-999.00,-999.00,-999.00,-999.00,-999.00,-999,1.00,1,-999.00,-999.00,-999.00,2151;2655,-999.00,-999.00,-999.00,-999.00,30081.13,9.11,6.59,7.85,-76.91,-78.57,-77.74,2,9.17,3.00,0.10,207.70,252.00,1551.91,1677.12
Rodentia,Geomyidae,Orthogeomys,grandis,orthogeomys grandis,-999.00,499.99,-999.00,-999.00,-999.00,-999.00,-999.00,-999.00,3.00,-999.00,-999.00,2.00,-999.00,-999.00,-999.00,-999.00,-999.00,-999.00,-999.00,-999.00,-999.00,-999.00,-999.00,-999.00,-999,1.00,1,-999.00,-999.00,-999.00,2151;2655,-999.00,-999.00,-999.00,-999.00,152714.59,19.52,13.18,16.35,-87.01,-103.15,-95.08,8,84.34,12.00,0.07,115.58,210.28,1026.15,1642.74
Rodentia,Geomyidae,Orthogeomys,heterodus,orthogeomys heterodus,-999.00,615.00,-999.00,-999.00,-999.00,-999.00,-999.00,-999.00,3.00,-999.00,-999.00,2.00,-999.00,-999.00,-999.00,-999.00,-999.00,-999.00,-999.00,-999.00,-999.00,-999.00,-999.00,-999.00,-999,1.00,1,-999.00,-999.00,-999.00,2151;2655,-999.00,-999.00,-999.00,-999.00,1199.44,10.26,9.68,9.97,-83.61,-84.43,-84.02,58,196.05,58.00,0.17,238.21,218.22,1424.04,1755.00
Rodentia,Geomyidae,Orthogeomys,hispidus,orthogeomys hispidus,-999.00,499.99,-999.00,-999.00,-999.00,-999.00,-999.00,-999.00,3.00,-999.00,-999.00,2.00,-999.00,-999.00,-999.00,1.97,-999.00,-999.00,-999.00,-999.00,-999.00,-999.00,-999.00,-999.00,-999,1.00,1,-999.00,-999.00,-999.00,1297;2151;2655,-999.00,-999.00,-999.00,-999.00,399397.84,23.45,14.19,18.82,-86.86,-99.87,-93.36,3,56.13,4.00,0.14,116.21,234.91,1260.67,1570.09
Rodentia,Geomyidae,Orthogeomys,lanius,orthogeomys lanius,1.00,499.99,-999.00,-999.00,-999.00,-999.00,-999.00,-999.00,3.00,-999.00,-999.00,2.00,-999.00,-999.00,-999.00,-999.00,-999.00,-999.00,-999.00,-999.00,-999.00,-999.00,-999.00,-999.00,-999,1.00,1,-999.00,-999.00,-999.00,511;2151;2655,-999.00,-999.00,-999.00,-999.00,197.18,19.30,19.15,19.23,-97.08,-97.23,-97.15,100,100.00,100.00,0.08,135.00,104.00,1082.00,1223.00
Rodentia,Geomyidae,Orthogeomys,matagalpae,orthogeomys matagalpae,-999.00,-999.00,-999.00,-999.00,-999.00,-999.00,-999.00,-999.00,3.00,-999.00,-999.00,2.00,-999.00,-999.00,-999.00,-999.00,-999.00,-999.00,-999.00,-999.00,-999.00,-999.00,-999.00,-999.00,-999,1.00,1,-999.00,-999.00,-999.00,2151,-999.00,-999.00,-999.00,-999.00,3002.20,13.37,12.89,13.13,-85.33,-86.00,-85.67,18,47.79,18.00,0.15,130.99,172.41,1178.90,1526.44
Rodentia,Geomyidae,Orthogeomys,thaeleri,orthogeomys thaeleri,-999.00,-999.00,-999.00,-999.00,-999.00,-999.00,-999.00,-999.00,3.00,-999.00,-999.00,2.00,-999.00,-999.00,-999.00,-999.00,-999.00,-999.00,-999.00,-999.00,-999.00,-999.00,-999.00,-999.00,-999,1.00,1,-999.00,-999.00,-999.00,2151,-999.00,-999.00,-999.00,-999.00,50.46,6.19,6.11,6.15,-77.36,-77.43,-77.40,9,9.00,9.00,0.12,461.00,245.00,1574.00,1854.00
Rodentia,Geomyidae,Orthogeomys,underwoodi,orthogeomys underwoodi,-999.00,250.00,-999.00,-999.00,-999.00,-999.00,-999.00,-999.00,3.00,-999.00,-999.00,2.00,-999.00,-999.00,-999.00,-999.00,-999.00,-999.00,-999.00,-999.00,-999.00,-999.00,-999.00,-999.00,-999,1.00,1,-999.00,-999.00,-999.00,2151;2655,-999.00,-999.00,-999.00,-999.00,4894.08,9.87,8.37,9.12,-83.27,-84.68,-83.97,16,75.30,16.00,0.13,214.18,219.68,1418.66,1805.33
Tubulidentata,Orycteropodidae,Orycteropus,afer,orycteropus afer,1.00,56175.20,-999.00,1254.43,0.00,1095.00,6144.00,48000.00,1.00,-999.00,222.05,2.00,-999.00,-999.00,-999.00,1.10,1.00,288.00,1899.68,-999.00,-999.00,-999.00,755.15,1.00,4,1.00,3,40.92,5612.48,-999.00,511;543;1008;1126;1297;1822;1947;1980;2151;2611;2655,-999.00,-999.00,-999.00,-999.00,18035652.33,23.47,-34.83,-5.68,51.41,-17.53,16.93,0,31.68,1.00,0.12,75.34,234.77,800.71,1524.66
Lagomorpha,Leporidae,Oryctolagus,cuniculus,oryctolagus cuniculus,2.00,1590.57,-999.00,400.00,10.00,121.66,-999.00,-999.00,2.00,-999.00,30.45,-999.00,0.04,0.04,29.00,5.24,4.50,216.00,39.11,-999.00,357.90,-999.00,185.61,-999.00,-999,-999.00,1,26.30,211.06,-999.00,95;543;730;1297;1449;1473;1573;1577;1594;1601;1849;2314;2338;2655;2965,-999.00,-999.00,-999.00,-999.00,2293893.27,57.74,30.67,44.20,28.19,-9.84,9.17,3,151.01,14.00,0.01,55.03,103.87,488.02,716.66
Artiodactyla,Bovidae,Oryx,beisa,oryx beisa,-999.00,200576.52,-999.00,-999.00,-999.00,-999.00,-999.00,-999.00,-999.00,-999.00,-999.00,-999.00,-999.00,-999.00,-999.00,-999.00,-999.00,240.00,-999.00,-999.00,1.38,40.00,-999.00,-999.00,4,-999.00,-999,-999.00,-999.00,-999.00,869;1525;2693,-999.00,-999.00,-999.00,-999.00,1255430.97,18.42,-5.72,6.35,51.41,33.12,42.26,1,21.02,2.00,0.10,43.91,243.82,658.89,1623.00
Artiodactyla,Bovidae,Oryx,dammah,oryx dammah,-999.00,199798.95,-999.00,1910.00,-999.00,1001.31,-999.00,-999.00,5.00,-999.00,248.00,1.00,-999.00,-999.00,-999.00,1.00,-999.00,245.04,9706.02,-999.00,-999.00,30.00,-999.00,30.00,4,1.00,1,-999.00,-999.00,-999.00,511;899;1297;1525;1594;1848;2655;2693,-999.00,-999.00,-999.00,-999.00,214297.23,18.51,13.98,16.24,21.38,9.17,15.28,0,1.79,0.00,0.07,15.15,281.02,224.55,1591.57
Artiodactyla,Bovidae,Oryx,gazella,oryx gazella,2.00,188404.45,-999.00,1615.00,-999.00,866.87,-999.00,-999.00,5.00,-999.00,273.75,1.00,-999.00,-999.00,-999.00,1.00,-999.00,240.00,12055.49,-999.00,9.88,-999.00,841.82,20.00,4,1.00,1,-999.00,-999.00,-999.00,543;730;869;917;1297;1525;1848;2629;2655;2693;2986,-999.00,-999.00,-999.00,-999.00,4613581.92,18.29,-34.83,-8.27,51.11,11.71,31.41,0,23.25,0.00,0.09,40.73,208.33,584.24,1429.69
Artiodactyla,Bovidae,Oryx,leucoryx,oryx leucoryx,-999.00,75788.24,-999.00,-999.00,-999.00,-999.00,-999.00,-999.00,5.00,-999.00,239.99,1.00,-999.00,-999.00,-999.00,1.00,-999.00,240.00,-999.00,-999.00,-999.00,19.50,-999.00,5.00,-999,1.00,1,58.46,-999.00,-999.00,511;899;1297;1525;1848;2655,-999.00,-999.00,-999.00,-999.00,-999.00,-999.00,-999.00,-999.00,-999.00,-999.00,-999.00,-999,-999.00,-999.00,-999.00,-999.00,-999.00,-999.00,-999.00
Rodentia,Cricetidae,Oryzomys,albigularis,oryzomys albigularis,-999.00,60.50,-999.00,-999.00,-999.00,-999.00,-999.00,-999.00,-999.00,-999.00,-999.00,1.00,-999.00,-999.00,-999.00,3.40,-999.00,-999.00,-999.00,-999.00,-999.00,-999.00,-999.00,-999.00,-999,1.00,-999,-999.00,-999.00,-999.00,1297;2151;2655,-999.00,-999.00,-999.00,-999.00,307051.75,10.64,-5.97,2.33,-66.04,-78.85,-72.44,2,86.72,3.00,0.10,152.57,206.58,1408.45,1560.83
Rodentia,Cricetidae,Oryzomys,alfaroi,oryzomys alfaroi,-999.00,33.30,-999.00,-999.00,-999.00,-999.00,-999.00,-999.00,-999.00,-999.00,-999.00,-999.00,-999.00,-999.00,-999.00,3.59,-999.00,-999.00,-999.00,-999.00,-999.00,-999.00,-999.00,-999.00,-999,-999.00,-999,-999.00,-999.00,-999.00,1297;2655,-999.00,-999.00,-999.00,-999.00,846631.39,23.32,-3.31,10.00,-71.78,-100.11,-85.94,2,72.16,6.00,0.11,138.13,216.21,1285.69,1580.72
Rodentia,Cricetidae,Oryzomys,angouya,oryzomys angouya,-999.00,120.17,-999.00,-999.00,-999.00,-999.00,-999.00,-999.00,-999.00,-999.00,-999.00,-999.00,-999.00,-999.00,-999.00,-999.00,-999.00,-999.00,-999.00,-999.00,-999.00,-999.00,-999.00,-999.00,-999,-999.00,-999,-999.00,-999.00,-999.00,2655,-999.00,-999.00,-999.00,-999.00,1166871.44,-16.73,-29.47,-23.10,-39.69,-61.82,-50.75,0,82.29,0.00,0.06,120.19,204.68,1170.26,1287.41
Rodentia,Cricetidae,Oryzomys,auriventer,oryzomys auriventer,-999.00,60.50,-999.00,-999.00,-999.00,-999.00,-999.00,-999.00,-999.00,-999.00,-999.00,-999.00,-999.00,-999.00,-999.00,-999.00,-999.00,-999.00,-999.00,-999.00,-999.00,-999.00,-999.00,-999.00,-999,-999.00,-999,-999.00,-999.00,-999.00,2655,-999.00,-999.00,-999.00,-999.00,11759.41,-2.13,-3.41,-2.77,-77.46,-78.80,-78.13,3,15.59,3.00,0.17,272.71,180.69,1262.29,1345.69
Rodentia,Cricetidae,Oryzomys,balneator,oryzomys balneator,-999.00,60.50,-999.00,-999.00,-999.00,-999.00,-999.00,-999.00,-999.00,-999.00,-999.00,-999.00,-999.00,-999.00,-999.00,-999.00,-999.00,-999.00,-999.00,-999.00,-999.00,-999.00,-999.00,-999.00,-999,-999.00,-999,-999.00,-999.00,-999.00,2655,-999.00,-999.00,-999.00,-999.00,48034.34,0.12,-4.87,-2.37,-77.81,-79.58,-78.69,2,50.11,4.00,0.10,158.46,159.44,1169.40,1395.81
Rodentia,Cricetidae,Oryzomys,bolivaris,oryzomys bolivaris,1.00,60.50,-999.00,116.02,-999.00,-999.00,-999.00,-999.00,3.00,-999.00,-999.00,1.00,-999.00,-999.00,-999.00,3.23,-999.00,-999.00,-999.00,-999.00,-999.00,-999.00,-999.00,1.00,-999,1.00,2,-999.00,-999.00,-999.00,905;1297;2288;2655,-999.00,-999.00,-999.00,-999.00,333553.36,15.99,-1.50,7.24,-73.00,-85.78,-79.39,0,60.03,3.00,0.13,221.88,240.98,1423.73,1652.18
Rodentia,Cricetidae,Oryzomys,caracolus,oryzomys caracolus,-999.00,-999.00,-999.00,-999.00,-999.00,-999.00,-999.00,-999.00,-999.00,-999.00,-999.00,-999.00,-999.00,-999.00,-999.00,-999.00,-999.00,-999.00,-999.00,-999.00,-999.00,-999.00,-999.00,-999.00,-999,-999.00,-999,-999.00,-999.00,-999.00,-999,-999.00,-999.00,-999.00,-999.00,-999.00,-999.00,-999.00,-999.00,-999.00,-999.00,-999.00,-999,-999.00,-999.00,-999.00,-999.00,-999.00,-999.00,-999.00
Rodentia,Cricetidae,Oryzomys,chapmani,oryzomys chapmani,-999.00,49.99,-999.00,-999.00,-999.00,-999.00,-999.00,-999.00,-999.00,-999.00,-999.00,-999.00,-999.00,-999.00,-999.00,-999.00,-999.00,-999.00,-999.00,-999.00,-999.00,-999.00,-999.00,-999.00,-999,-999.00,-999,-999.00,-999.00,-999.00,2655,-999.00,-999.00,-999.00,-999.00,140377.69,23.32,15.79,19.55,-94.98,-100.11,-97.54,9,70.04,12.00,0.07,97.38,211.10,1019.41,1535.16
Rodentia,Cricetidae,Oryzomys,couesi,oryzomys couesi,-999.00,69.29,-999.00,-999.00,-999.00,-999.00,-999.00,-999.00,-999.00,-999.00,-999.00,-999.00,-999.00,-999.00,-999.00,3.63,-999.00,-999.00,-999.00,-999.00,221.39,-999.00,-999.00,-999.00,-999,-999.00,-999,-999.00,-999.00,-999.00,1297;2655;2926,-999.00,-999.00,-999.00,-999.00,1396062.11,28.55,7.19,17.87,-78.39,-111.38,-94.88,2,67.25,4.00,0.12,119.09,226.58,1085.21,1546.18
Rodentia,Cricetidae,Oryzomys,seuanezi,oryzomys seuanezi,-999.00,-999.00,-999.00,-999.00,-999.00,-999.00,-999.00,-999.00,-999.00,-999.00,-999.00,-999.00,-999.00,-999.00,-999.00,-999.00,-999.00,-999.00,-999.00,-999.00,-999.00,-999.00,-999.00,-999.00,-999,-999.00,-999,-999.00,-999.00,-999.00,-999,-999.00,-999.00,-999.00,-999.00,-999.00,-999.00,-999.00,-999.00,-999.00,-999.00,-999.00,-999,-999.00,-999.00,-999.00,-999.00,-999.00,-999.00,-999.00
Rodentia,Cricetidae,Oryzomys,subflavus,oryzomys subflavus,-999.00,49.91,-999.00,160.00,-999.00,-999.00,-999.00,-999.00,2.00,-999.00,-999.00,1.00,-999.00,-999.00,-999.00,4.37,-999.00,-999.00,5.89,-999.00,88.57,-999.00,-999.00,-999.00,-999,1.00,1,28.00,34.99,-999.00,730;890;1297;1843;2655,-999.00,-999.00,-999.00,-999.00,2458840.81,-2.73,-25.47,-14.10,-34.79,-68.51,-51.65,0,60.99,1.00,0.08,108.71,226.41,1092.98,1446.38
Rodentia,Cricetidae,Oryzomys,talamancae,oryzomys talamancae,1.00,54.99,-999.00,-999.00,-999.00,-999.00,-999.00,-999.00,3.00,-999.00,-999.00,1.00,-999.00,-999.00,-999.00,-999.00,-999.00,-999.00,-999.00,-999.00,-999.00,-999.00,-999.00,1.00,-999,1.00,2,-999.00,-999.00,-999.00,905;2655,-999.00,-999.00,-999.00,-999.00,380181.60,11.64,-2.20,4.71,-66.20,-83.74,-74.97,2,70.80,5.00,0.10,173.30,244.58,1417.02,1667.40
Rodentia,Cricetidae,Oryzomys,tatei,oryzomys tatei,-999.00,-999.00,-999.00,-999.00,-999.00,-999.00,-999.00,-999.00,-999.00,-999.00,-999.00,-999.00,-999.00,-999.00,-999.00,-999.00,-999.00,-999.00,-999.00,-999.00,-999.00,-999.00,-999.00,-999.00,-999,-999.00,-999,-999.00,-999.00,-999.00,-999,-999.00,-999.00,-999.00,-999.00,-999.00,-999.00,-999.00,-999.00,-999.00,-999.00,-999.00,-999,-999.00,-999.00,-999.00,-999.00,-999.00,-999.00,-999.00
Rodentia,Cricetidae,Oryzomys,xanthaeolus,oryzomys xanthaeolus,-999.00,79.79,-999.00,-999.00,-999.00,-999.00,-999.00,-999.00,-999.00,-999.00,-999.00,-999.00,-999.00,-999.00,-999.00,-999.00,-999.00,-999.00,-999.00,-999.00,-999.00,-999.00,-999.00,-999.00,-999,-999.00,-999,-999.00,-999.00,-999.00,2655,-999.00,-999.00,-999.00,-999.00,317397.10,-0.30,-16.53,-8.42,-71.05,-81.35,-76.20,0,60.43,4.00,0.08,51.73,120.08,681.25,1354.05
Rodentia,Cricetidae,Oryzomys,yunganus,oryzomys yunganus,-999.00,60.50,-999.00,-999.00,-999.00,-999.00,-999.00,-999.00,-999.00,-999.00,-999.00,-999.00,-999.00,-999.00,-999.00,-999.00,-999.00,-999.00,-999.00,-999.00,-999.00,-999.00,-999.00,-999.00,-999,-999.00,-999,-999.00,-999.00,-999.00,2655,-999.00,-999.00,-999.00,-999.00,5333191.60,8.27,-18.18,-4.95,-50.55,-79.36,-64.95,0,3.68,0.00,0.14,176.09,246.80,1418.45,1574.34
Afrosoricida,Tenrecidae,Oryzorictes,hova,oryzorictes hova,1.00,35.74,-999.00,103.33,-999.00,-999.00,68.70,44.40,-999.00,-999.00,-999.00,2.00,-999.00,-999.00,-999.00,-999.00,-999.00,-999.00,-999.00,-999.00,-999.00,-999.00,-999.00,-999.00,-999,1.00,-999,-999.00,-999.00,-999.00,2151;2333;2655;2721;2723;2786,-999.00,-999.00,-999.00,-999.00,48829.19,-14.07,-19.86,-16.96,50.45,48.13,49.29,8,31.41,11.00,0.18,196.86,204.02,1402.84,1648.93
Afrosoricida,Tenrecidae,Oryzorictes,tetradactylus,oryzorictes tetradactylus,1.00,35.99,-999.00,107.50,-999.00,-999.00,-999.00,-999.00,-999.00,-999.00,-999.00,-999.00,-999.00,-999.00,-999.00,-999.00,-999.00,-999.00,-999.00,-999.00,-999.00,-999.00,-999.00,-999.00,-999,-999.00,-999,-999.00,-999.00,-999.00,2151;2655,-999.00,-999.00,-999.00,-999.00,13130.86,-20.34,-22.84,-21.59,47.86,46.68,47.27,8,45.30,8.00,0.17,165.62,183.82,1323.38,1509.80
Rodentia,Cricetidae,Osgoodomys,banderanus,osgoodomys banderanus,-999.00,49.99,-999.00,-999.00,-999.00,-999.00,-999.00,-999.00,-999.00,-999.00,-999.00,2.00,-999.00,-999.00,-999.00,1.68,-999.00,-999.00,-999.00,-999.00,504.14,-999.00,-999.00,-999.00,-999,2.00,-999,-999.00,-999.00,-999.00,568;730;1297;2655,-999.00,-999.00,-999.00,-999.00,180754.44,22.18,16.26,19.22,-98.00,-105.70,-101.85,7,65.08,9.00,0.08,91.63,211.32,847.86,1570.95
Carnivora,Otariidae,Otaria,flavescens,otaria flavescens,-999.00,193670.53,-999.00,2112.38,0.00,1460.00,-999.00,-999.00,6.00,-999.00,311.55,2.00,-999.00,-999.00,365.00,1.00,-999.00,297.60,12819.99,-999.00,-999.00,-999.00,1860.83,-999.00,-999,1.00,2,363.96,-999.00,-999.00,367;543;890;1297;2151;2655;2986,-999.00,1.10,-999.00,-999.00,-999.00,-999.00,-999.00,-999.00,-999.00,-999.00,-999.00,-999,-999.00,-999.00,-999.00,-999.00,-999.00,-999.00,-999.00
Carnivora,Canidae,Otocyon,megalotis,otocyon megalotis,2.00,4098.12,-999.00,537.63,-999.00,-999.00,-999.00,-999.00,1.00,255.00,67.54,1.00,1.13,1.36,182.50,4.00,2.00,165.60,120.70,-999.00,1.18,-999.00,420.91,-999.00,4,1.00,3,42.46,-999.00,-999.00,543;730;966;1113;1297;1573;2655,-999.00,-999.00,-999.00,-999.00,5001822.67,9.64,-34.83,-12.59,50.65,12.44,31.54,0,24.86,0.00,0.11,45.84,210.08,622.96,1449.36
Primates,Galagidae,Otolemur,crassicaudatus,otolemur crassicaudatus,1.00,1206.61,-999.00,307.00,-999.00,799.35,457.15,977.00,5.00,-999.00,131.04,-999.00,0.06,0.07,365.00,1.14,-999.00,225.60,46.57,-999.00,87.99,-999.00,609.86,3.50,-999,-999.00,2,124.62,499.99,-999.00,208;223;543;730;732;868;1297;1544;1547;1822;1848;2344;2493;2655;2660;2986,-999.00,1.10,-999.00,-999.00,4121059.44,1.05,-30.48,-14.71,40.84,18.27,29.55,0,34.54,2.00,0.18,87.09,220.22,912.84,1482.63
Primates,Galagidae,Otolemur,garnettii,otolemur garnettii,-999.00,811.17,-999.00,-999.00,-999.00,576.70,-999.00,-999.00,3.00,-999.00,132.24,-999.00,0.12,0.13,215.95,1.02,-999.00,204.00,49.21,-999.00,38.00,-999.00,592.15,1.00,-999,-999.00,2,139.20,-999.00,-999.00,223;543;1544;1547;1768;1848;2344;2489;2493;2655,-999.00,1.43,-999.00,-999.00,781284.40,2.51,-11.74,-4.61,45.25,33.08,39.17,1,50.93,3.00,0.15,67.92,235.97,868.67,1602.36
Primates,Galagidae,Otolemur,monteiri,otolemur monteiri,-999.00,1577.16,-999.00,-999.00,-999.00,-999.00,-999.00,-999.00,-999.00,-999.00,-999.00,-999.00,-999.00,-999.00,-999.00,2.10,-999.00,-999.00,-999.00,-999.00,-999.00,-999.00,-999.00,-999.00,-999,-999.00,-999,-999.00,-999.00,-999.00,868,-999.00,-999.00,-999.00,-999.00,2353122.58,-0.31,-17.28,-8.80,35.18,12.18,23.68,0,24.60,1.00,0.18,98.75,215.90,954.10,1457.50
Chiroptera,Molossidae,Otomops,formosus,otomops formosus,-999.00,-999.00,59.50,-999.00,-999.00,-999.00,-999.00,-999.00,1.00,-999.00,-999.00,1.00,-999.00,-999.00,-999.00,-999.00,-999.00,-999.00,-999.00,-999.00,-999.00,-999.00,-999.00,-999.00,-999,2.00,3,-999.00,-999.00,-999.00,679;1658;2151,30.39,-999.00,-999.00,-999.00,126776.20,-5.87,-8.78,-7.32,114.60,105.20,109.90,270,822.89,324.00,0.04,195.11,245.51,1370.42,1640.76
Chiroptera,Molossidae,Otomops,johnstonei,otomops johnstonei,-999.00,-999.00,-999.00,-999.00,-999.00,-999.00,-999.00,-999.00,-999.00,-999.00,-999.00,-999.00,-999.00,-999.00,-999.00,-999.00,-999.00,-999.00,-999.00,-999.00,-999.00,-999.00,-999.00,-999.00,-999,-999.00,-999,-999.00,-999.00,-999.00,-999,-999.00,-999.00,-999.00,-999.00,13.10,-8.23,-8.27,-8.25,124.74,124.70,124.72,53,53.00,53.00,0.03,253.00,266.00,-999.00,-999.00
Chiroptera,Molossidae,Otomops,madagascariensis,otomops madagascariensis,-999.00,-999.00,-999.00,-999.00,-999.00,-999.00,-999.00,-999.00,-999.00,-999.00,-999.00,-999.00,-999.00,-999.00,-999.00,-999.00,-999.00,-999.00,-999.00,-999.00,-999.00,-999.00,-999.00,-999.00,-999,-999.00,-999,-999.00,-999.00,-999.00,-999,-999.00,-999.00,-999.00,-999.00,215525.86,-11.94,-25.60,-18.77,50.02,43.22,46.62,2,15.28,2.00,0.19,92.01,239.23,932.01,1626.18
Chiroptera,Molossidae,Otomops,martiensseni,otomops martiensseni,-999.00,34.92,65.31,-999.00,-999.00,456.25,-999.00,-999.00,2.00,-999.00,92.54,1.00,-999.00,-999.00,-999.00,0.99,1.00,-999.00,7.99,-999.00,-999.00,20.00,371.23,-999.00,-999,2.00,2,-999.00,-999.00,-999.00,196;945;1297;1384;1658;1809;2093;2143;2151;2622;2655;2719;3023,-999.00,-999.00,-999.00,-999.00,6798311.47,5.19,-32.66,-13.73,42.17,13.88,28.03,0,33.97,2.00,0.15,95.23,226.35,1019.57,1508.40
Chiroptera,Molossidae,Otomops,papuensis,otomops papuensis,-999.00,-999.00,49.99,-999.00,-999.00,-999.00,-999.00,-999.00,-999.00,-999.00,-999.00,1.00,-999.00,-999.00,-999.00,-999.00,-999.00,-999.00,-999.00,-999.00,-999.00,-999.00,-999.00,-999.00,-999,2.00,-999,-999.00,-999.00,-999.00,1658;2151,18.45,-999.00,-999.00,-999.00,24515.96,-7.58,-9.96,-8.77,149.05,145.31,147.18,2,8.74,2.00,0.06,203.37,209.25,1701.75,1701.75
Chiroptera,Molossidae,Otomops,secundus,otomops secundus,-999.00,-999.00,57.50,-999.00,-999.00,-999.00,-999.00,-999.00,-999.00,-999.00,-999.00,1.00,-999.00,-999.00,-999.00,-999.00,-999.00,-999.00,-999.00,-999.00,-999.00,-999.00,-999.00,-999.00,-999,2.00,-999,-999.00,-999.00,-999.00,1658;2151,27.55,-999.00,-999.00,-999.00,43995.00,-5.27,-9.42,-7.35,147.49,145.26,146.37,2,14.76,3.00,0.07,272.12,187.99,1675.35,1730.88
Chiroptera,Molossidae,Otomops,wroughtoni,otomops wroughtoni,-999.00,-999.00,65.00,-999.00,-999.00,-999.00,-999.00,-999.00,1.00,-999.00,-999.00,1.00,-999.00,-999.00,-999.00,1.00,1.00,-999.00,-999.00,-999.00,-999.00,-999.00,-999.00,-999.00,-999,2.00,3,-999.00,-999.00,-999.00,679;1297;1658;1685;2151,39.15,-999.00,-999.00,-999.00,64.59,15.29,15.21,15.25,74.25,74.17,74.21,143,143.00,143.00,0.05,185.00,271.00,870.00,1631.00
Rodentia,Muridae,Otomys,anchietae,otomys anchietae,-999.00,-999.00,-999.00,-999.00,-999.00,-999.00,-999.00,-999.00,-999.00,-999.00,-999.00,-999.00,-999.00,-999.00,-999.00,-999.00,-999.00,-999.00,-999.00,-999.00,-999.00,-999.00,-999.00,-999.00,-999,-999.00,-999,-999.00,-999.00,-999.00,-999,-999.00,-999.00,-999.00,-999.00,478210.33,-6.21,-11.66,-8.93,23.69,14.50,19.09,2,8.40,2.00,0.15,116.99,221.29,1044.16,1409.55
Rodentia,Muridae,Otomys,angoniensis,otomys angoniensis,2.00,100.64,-999.00,150.24,5.00,-999.00,-999.00,-999.00,2.00,-999.00,-999.00,1.00,-999.00,-999.00,-999.00,2.86,-999.00,-999.00,-999.00,-999.00,2630.74,-999.00,59.86,1.00,4,1.00,1,15.90,-999.00,-999.00,468;730;1297;1464;1798;2285;2655;2815,-999.00,-999.00,-999.00,-999.00,2273967.96,1.39,-32.23,-15.42,39.06,23.22,31.14,1,38.98,3.00,0.16,68.06,208.38,833.46,1417.68
Rodentia,Muridae,Otomys,barbouri,otomys barbouri,-999.00,-999.00,-999.00,-999.00,-999.00,-999.00,-999.00,-999.00,-999.00,-999.00,-999.00,-999.00,-999.00,-999.00,-999.00,-999.00,-999.00,-999.00,-999.00,-999.00,-999.00,-999.00,-999.00,-999.00,-999,-999.00,-999,-999.00,-999.00,-999.00,-999,-999.00,-999.00,-999.00,-999.00,-999.00,-999.00,-999.00,-999.00,-999.00,-999.00,-999.00,-999,-999.00,-999.00,-999.00,-999.00,-999.00,-999.00,-999.00
Rodentia,Muridae,Otomys,burtoni,otomys burtoni,-999.00,-999.00,-999.00,-999.00,-999.00,-999.00,-999.00,-999.00,-999.00,-999.00,-999.00,-999.00,-999.00,-999.00,-999.00,-999.00,-999.00,-999.00,-999.00,-999.00,-999.00,-999.00,-999.00,-999.00,-999,-999.00,-999,-999.00,-999.00,-999.00,-999,-999.00,-999.00,-999.00,-999.00,14149.86,5.61,4.35,4.98,10.28,8.79,9.54,9,79.29,9.00,0.09,254.63,236.24,1260.62,1539.09
Rodentia,Muridae,Otomys,cuanzensis,otomys cuanzensis,-999.00,-999.00,-999.00,-999.00,-999.00,-999.00,-999.00,-999.00,-999.00,-999.00,-999.00,-999.00,-999.00,-999.00,-999.00,-999.00,-999.00,-999.00,-999.00,-999.00,-999.00,-999.00,-999.00,-999.00,-999,-999.00,-999,-999.00,-999.00,-999.00,-999,-999.00,-999.00,-999.00,-999.00,-999.00,-999.00,-999.00,-999.00,-999.00,-999.00,-999.00,-999,-999.00,-999.00,-999.00,-999.00,-999.00,-999.00,-999.00
Rodentia,Muridae,Otomys,dartmouthi,otomys dartmouthi,-999.00,-999.00,-999.00,-999.00,-999.00,-999.00,-999.00,-999.00,-999.00,-999.00,-999.00,-999.00,-999.00,-999.00,-999.00,-999.00,-999.00,-999.00,-999.00,-999.00,-999.00,-999.00,-999.00,-999.00,-999,-999.00,-999,-999.00,-999.00,-999.00,-999,-999.00,-999.00,-999.00,-999.00,29038.99,0.88,-1.87,-0.49,30.07,28.95,29.51,14,143.21,14.00,0.13,107.77,187.55,1375.78,1497.67
Rodentia,Muridae,Otomys,denti,otomys denti,-999.00,120.00,-999.00,-999.00,-999.00,-999.00,-999.00,-999.00,-999.00,-999.00,-999.00,-999.00,-999.00,-999.00,-999.00,1.59,-999.00,-999.00,20.00,-999.00,-999.00,-999.00,-999.00,-999.00,-999,-999.00,-999,-999.00,-999.00,-999.00,1297;2361;2655,-999.00,-999.00,-999.00,-999.00,172854.74,1.71,-10.98,-4.63,38.69,28.49,33.59,3,112.70,22.00,0.12,101.67,213.00,1229.90,1531.02
Rodentia,Muridae,Otomys,dollmani,otomys dollmani,-999.00,-999.00,-999.00,-999.00,-999.00,-999.00,-999.00,-999.00,-999.00,-999.00,-999.00,-999.00,-999.00,-999.00,-999.00,-999.00,-999.00,-999.00,-999.00,-999.00,-999.00,-999.00,-999.00,-999.00,-999,-999.00,-999,-999.00,-999.00,-999.00,-999,-999.00,-999.00,-999.00,-999.00,-999.00,-999.00,-999.00,-999.00,-999.00,-999.00,-999.00,-999,-999.00,-999.00,-999.00,-999.00,-999.00,-999.00,-999.00
Rodentia,Muridae,Otomys,irroratus,otomys irroratus,2.00,114.45,-999.00,163.48,2.00,-999.00,84.86,102.00,2.00,-999.00,40.52,2.00,1.303714e-03,1.309824e-03,-999.00,1.65,3.75,-999.00,13.42,71.10,3004.04,-999.00,113.59,-999.00,4,1.00,1,12.96,30.00,-999.00,469;730;739;1297;1464;1822;2258;2285;2655;3054,-999.00,-999.00,-999.00,-999.00,788942.43,-17.10,-34.83,-25.97,33.38,17.84,25.61,0,50.36,1.00,0.11,49.97,163.90,683.27,1201.81
Rodentia,Muridae,Otomys,jacksoni,otomys jacksoni,-999.00,-999.00,-999.00,-999.00,-999.00,-999.00,-999.00,-999.00,-999.00,-999.00,-999.00,-999.00,-999.00,-999.00,-999.00,-999.00,-999.00,-999.00,-999.00,-999.00,-999.00,-999.00,-999.00,-999.00,-999,-999.00,-999,-999.00,-999.00,-999.00,-999,-999.00,-999.00,-999.00,-999.00,-999.00,-999.00,-999.00,-999.00,-999.00,-999.00,-999.00,-999,-999.00,-999.00,-999.00,-999.00,-999.00,-999.00,-999.00
Rodentia,Muridae,Otomys,lacustris,otomys lacustris,-999.00,-999.00,-999.00,-999.00,-999.00,-999.00,-999.00,-999.00,-999.00,-999.00,-999.00,-999.00,-999.00,-999.00,-999.00,-999.00,-999.00,-999.00,-999.00,-999.00,-999.00,-999.00,-999.00,-999.00,-999,-999.00,-999,-999.00,-999.00,-999.00,-999,-999.00,-999.00,-999.00,-999.00,134274.66,-7.09,-10.88,-8.98,35.70,31.37,33.54,3,24.97,8.00,0.15,81.58,209.46,885.24,1477.24
Rodentia,Muridae,Otomys,laminatus,otomys laminatus,-999.00,150.00,-999.00,-999.00,-999.00,-999.00,-999.00,-999.00,-999.00,-999.00,-999.00,-999.00,-999.00,-999.00,-999.00,-999.00,-999.00,-999.00,-999.00,-999.00,-999.00,-999.00,-999.00,-999.00,-999,-999.00,-999,-999.00,-999.00,-999.00,2655,-999.00,-999.00,-999.00,-999.00,128843.81,-24.02,-34.38,-29.20,32.47,18.86,25.66,5,80.78,8.00,0.10,70.61,172.51,930.36,1223.42
Rodentia,Muridae,Otomys,maximus,otomys maximus,-999.00,192.00,-999.00,182.45,-999.00,-999.00,-999.00,-999.00,-999.00,-999.00,-999.00,-999.00,-999.00,-999.00,-999.00,3.70,-999.00,-999.00,-999.00,-999.00,-999.00,-999.00,-999.00,-999.00,-999,-999.00,-999,-999.00,-999.00,-999.00,468;1297;2655,-999.00,-999.00,-999.00,-999.00,525387.84,-9.86,-18.60,-14.23,27.84,13.81,20.82,1,9.52,1.00,0.11,81.67,207.67,799.66,1437.29
Rodentia,Muridae,Otomys,occidentalis,otomys occidentalis,-999.00,-999.00,-999.00,-999.00,-999.00,-999.00,-999.00,-999.00,-999.00,-999.00,-999.00,-999.00,-999.00,-999.00,-999.00,-999.00,-999.00,-999.00,-999.00,-999.00,-999.00,-999.00,-999.00,-999.00,-999,-999.00,-999,-999.00,-999.00,-999.00,-999,-999.00,-999.00,-999.00,-999.00,7267.08,6.94,6.06,6.50,11.19,10.26,10.73,29,53.17,29.00,0.09,152.50,218.66,1143.17,1495.49
Rodentia,Muridae,Otomys,orestes,otomys orestes,-999.00,-999.00,-999.00,-999.00,-999.00,-999.00,-999.00,-999.00,-999.00,-999.00,-999.00,-999.00,-999.00,-999.00,-999.00,-999.00,-999.00,-999.00,-999.00,-999.00,-999.00,-999.00,-999.00,-999.00,-999,-999.00,-999,-999.00,-999.00,-999.00,-999,-999.00,-999.00,-999.00,-999.00,-999.00,-999.00,-999.00,-999.00,-999.00,-999.00,-999.00,-999,-999.00,-999.00,-999.00,-999.00,-999.00,-999.00,-999.00
Rodentia,Muridae,Otomys,saundersiae,otomys saundersiae,-999.00,-999.00,-999.00,-999.00,-999.00,-999.00,-999.00,-999.00,-999.00,-999.00,-999.00,-999.00,-999.00,-999.00,-999.00,-999.00,-999.00,-999.00,-999.00,-999.00,-999.00,-999.00,-999.00,-999.00,-999,-999.00,-999,-999.00,-999.00,-999.00,-999,-999.00,-999.00,-999.00,-999.00,147404.77,-28.60,-34.63,-31.62,27.98,17.84,22.91,1,62.36,2.00,0.11,38.92,151.81,560.85,1115.40
Rodentia,Muridae,Otomys,tropicalis,otomys tropicalis,-999.00,-999.00,-999.00,-999.00,-999.00,-999.00,-999.00,-999.00,-999.00,-999.00,-999.00,-999.00,-999.00,-999.00,-999.00,1.29,-999.00,-999.00,-999.00,-999.00,-999.00,-999.00,-999.00,-999.00,-999,-999.00,-999,-999.00,-999.00,-999.00,2361,-999.00,-999.00,-999.00,-999.00,216009.05,3.04,-3.09,-0.02,37.96,28.91,33.43,7,139.19,14.00,0.15,87.55,198.90,1179.67,1535.71
Rodentia,Muridae,Otomys,typus,otomys typus,-999.00,-999.00,-999.00,-999.00,-999.00,-999.00,-999.00,-999.00,-999.00,-999.00,-999.00,-999.00,-999.00,-999.00,-999.00,1.70,5.00,-999.00,12.50,-999.00,-999.00,-999.00,91.24,-999.00,-999,-999.00,-999,-999.00,-999.00,-999.00,1297,-999.00,-999.00,-999.00,-999.00,151160.23,14.04,5.38,9.71,40.23,36.35,38.29,7,118.68,23.00,0.15,88.73,163.36,1006.21,1374.31
Rodentia,Muridae,Otomys,uzungwensis,otomys uzungwensis,-999.00,-999.00,-999.00,-999.00,-999.00,-999.00,-999.00,-999.00,-999.00,-999.00,-999.00,-999.00,-999.00,-999.00,-999.00,-999.00,-999.00,-999.00,-999.00,-999.00,-999.00,-999.00,-999.00,-999.00,-999,-999.00,-999,-999.00,-999.00,-999.00,-999,-999.00,-999.00,-999.00,-999.00,29398.92,-6.98,-8.99,-7.98,36.95,35.36,36.16,8,22.71,8.00,0.18,66.51,225.57,865.18,1414.02
Chiroptera,Vespertilionidae,Otonycteris,hemprichii,otonycteris hemprichii,-999.00,21.98,63.09,64.60,-999.00,-999.00,-999.00,-999.00,2.00,-999.00,-999.00,1.00,-999.00,-999.00,-999.00,1.38,-999.00,-999.00,-999.00,-999.00,-999.00,-999.00,-999.00,1.00,-999,2.00,3,-999.00,-999.00,-999.00,111;1104;1297;1658;1860;2144;2151;2622;2655;3110,-999.00,-999.00,-999.00,-999.00,2428735.89,40.14,16.80,28.47,77.52,5.03,41.27,0,65.30,0.00,0.14,14.87,172.44,199.92,1151.73
Rodentia,Cricetidae,Otonyctomys,hatti,otonyctomys hatti,-999.00,36.20,-999.00,-999.00,-999.00,-999.00,-999.00,-999.00,-999.00,-999.00,-999.00,-999.00,-999.00,-999.00,-999.00,-999.00,-999.00,-999.00,-999.00,-999.00,-999.00,-999.00,-999.00,-999.00,-999,-999.00,-999,-999.00,-999.00,-999.00,2655,-999.00,-999.00,-999.00,-999.00,111895.25,21.19,17.00,19.09,-87.12,-90.40,-88.76,3,20.30,3.00,0.25,97.10,254.04,1243.41,1568.32
Chiroptera,Pteropodidae,Otopteropus,cartilagonodus,otopteropus cartilagonodus,-999.00,16.92,47.00,-999.00,-999.00,-999.00,-999.00,-999.00,-999.00,-999.00,-999.00,1.00,-999.00,-999.00,-999.00,0.99,1.50,-999.00,-999.00,-999.00,-999.00,-999.00,-999.00,-999.00,-999,2.00,-999,-999.00,-999.00,-999.00,1313;1439;1658;2017;2151;2655,-999.00,-999.00,-999.00,-999.00,36.68,16.87,16.81,16.84,121.08,121.02,121.05,113,113.00,113.00,-0.05,269.00,226.00,1412.00,1557.00
Rodentia,Cricetidae,Ototylomys,phyllotis,ototylomys phyllotis,1.00,86.94,-999.00,152.54,6.00,-999.00,-999.00,-999.00,3.00,-999.00,52.74,3.00,-999.00,-999.00,-999.00,2.20,-999.00,-999.00,10.19,69.60,-999.00,-999.00,28.18,1.00,4,2.00,1,67.72,-999.00,-999.00,905;1297;1319;1750;1751;2655,-999.00,-999.00,-999.00,-999.00,502791.46,21.60,9.30,15.45,-83.28,-99.88,-91.58,2,54.74,4.00,0.18,146.59,234.26,1283.36,1624.96
Artiodactyla,Bovidae,Ourebia,ourebi,ourebia ourebi,3.00,17186.09,-999.00,1160.00,-999.00,674.33,-999.00,-999.00,3.00,-999.00,210.50,1.00,-999.00,-999.00,182.50,0.98,-999.00,189.96,2196.14,-999.00,2.43,-999.00,372.09,2.00,4,1.00,1,136.87,-999.00,-999.00,543;730;869;917;1297;1525;1848;2629;2655;2693;2986,-999.00,1.56,-999.00,-999.00,8258056.75,16.53,-33.77,-8.62,45.53,-15.07,15.23,0,35.71,1.00,0.13,87.92,237.62,899.50,1552.27
Artiodactyla,Bovidae,Ovibos,moschatus,ovibos moschatus,-999.00,312500.00,-999.00,-999.00,-999.00,1277.50,-999.00,-999.00,2.00,-999.00,256.26,1.00,-999.00,-999.00,547.50,1.01,-999.00,288.00,10444.11,-999.00,0.31,-999.00,1262.74,12.50,4,1.00,1,254.48,62467.44,-999.00,543;730;764;1297;1525;1763;1775;1848;2555;2655;2986,-999.00,0.89,-999.00,-999.00,1615605.88,83.62,59.74,71.68,-12.49,-168.12,-90.31,0,7.05629774431538e-03,0.00,0.08,15.78,-156.38,100.96,125.09
Artiodactyla,Bovidae,Ovis,ammon,ovis ammon,-999.00,113998.72,-999.00,1585.00,-999.00,-999.00,-999.00,-999.00,2.00,-999.00,165.00,1.00,4.59,4.30,365.00,1.22,-999.00,180.96,3232.64,-999.00,0.02,-999.00,555.47,-999.00,-999,1.00,1,76.61,-999.00,-999.00,543;899;1068;1297;1525;1573;1848;2401;2555;2655,-999.00,1.10,-999.00,-999.00,10939816.94,55.79,26.55,41.17,125.74,29.01,77.38,0,21.78,0.00,0.08,24.35,43.53,267.71,788.44
Artiodactyla,Bovidae,Ovis,aries,ovis aries,-999.00,39097.89,-999.00,1297.23,-999.00,730.00,-999.00,-999.00,2.00,-999.00,152.54,-999.00,-999.00,-999.00,365.00,1.19,-999.00,230.04,2376.24,-999.00,-999.00,-999.00,831.62,35.00,-999,-999.00,1,182.50,17500.00,-999.00,511;543;899;1052;1068;1297;1525;1577;1594;1848;2555;2655;2986,-999.00,1.10,-999.00,-999.00,-999.00,-999.00,-999.00,-999.00,-999.00,-999.00,-999.00,-999,-999.00,-999.00,-999.00,-999.00,-999.00,-999.00,-999.00
Artiodactyla,Bovidae,Ovis,canadensis,ovis canadensis,2.00,74644.87,-999.00,1565.50,-999.00,301.50,22100.00,65000.00,2.00,-999.00,177.49,1.00,18.94,15.96,365.00,1.16,-999.00,288.00,4115.85,-999.00,1.48,5.50,761.25,-999.00,2,1.00,1,130.80,23431.71,-999.00,543;730;764;1068;1297;1404;1525;1573;1763;1822;1848;2338;2555;2587;2655;2718;2986,-999.00,1.10,-999.00,-999.00,2457850.19,57.15,23.82,40.48,-101.60,-123.90,-112.75,0,7.02,0.00,0.10,27.23,78.78,367.79,825.62
Artiodactyla,Bovidae,Ovis,dalli,ovis dalli,-999.00,70194.13,-999.00,1415.02,-999.00,730.00,-999.00,-999.00,2.00,-999.00,172.49,1.00,10.15,14.38,365.00,1.22,-999.00,192.00,3499.99,-999.00,-999.00,-999.00,748.37,9.50,2,1.00,1,121.66,-999.00,-999.00,420;1068;1069;1297;1525;1848;2338;2555;2620;2655;2986,-999.00,1.10,-999.00,-999.00,1014237.16,69.14,52.03,60.59,-118.87,-164.06,-141.47,0,0.52,0.00,0.08,41.26,-74.27,241.32,274.00
Artiodactyla,Bovidae,Ovis,nivicola,ovis nivicola,-999.00,90000.00,-999.00,-999.00,-999.00,-999.00,-999.00,-999.00,-999.00,-999.00,-999.00,-999.00,-999.00,-999.00,-999.00,1.00,-999.00,-999.00,-999.00,-999.00,-999.00,-999.00,841.82,-999.00,-999,-999.00,-999,-999.00,-999.00,-999.00,1068;1297;1525;1848;2555;2655,-999.00,-999.00,-999.00,-999.00,1645753.65,70.76,51.56,61.16,179.99,-179.99,-2.84268e-04,0,0.35,0.00,-0.31,25.79,-132.94,192.37,239.61
Rodentia,Cricetidae,Oxymycterus,akodontius,oxymycterus akodontius,-999.00,67.99,-999.00,-999.00,-999.00,-999.00,-999.00,-999.00,-999.00,-999.00,-999.00,1.00,-999.00,-999.00,-999.00,-999.00,-999.00,-999.00,-999.00,-999.00,-999.00,-999.00,-999.00,-999.00,-999,1.00,-999,-999.00,-999.00,-999.00,890;2655,-999.00,-999.00,-999.00,-999.00,32016.42,-21.82,-24.75,-23.29,-64.64,-66.55,-65.59,0,15.58,1.00,0.09,44.37,44.86,604.28,1331.31
Rodentia,Cricetidae,Oxymycterus,amazonicus,oxymycterus amazonicus,-999.00,-999.00,-999.00,-999.00,-999.00,-999.00,-999.00,-999.00,-999.00,-999.00,-999.00,-999.00,-999.00,-999.00,-999.00,-999.00,-999.00,-999.00,-999.00,-999.00,-999.00,-999.00,-999.00,-999.00,-999,-999.00,-999,-999.00,-999.00,-999.00,-999,-999.00,-999.00,-999.00,-999.00,-999.00,-999.00,-999.00,-999.00,-999.00,-999.00,-999.00,-999,-999.00,-999.00,-999.00,-999.00,-999.00,-999.00,-999.00
Rodentia,Cricetidae,Oxymycterus,angularis,oxymycterus angularis,-999.00,67.99,-999.00,-999.00,-999.00,-999.00,-999.00,-999.00,1.00,-999.00,-999.00,-999.00,-999.00,-999.00,-999.00,-999.00,-999.00,-999.00,-999.00,-999.00,-999.00,-999.00,-999.00,-999.00,-999,-999.00,3,-999.00,-999.00,-999.00,890;2655,-999.00,-999.00,-999.00,-999.00,459009.16,-2.36,-10.48,-6.42,-34.79,-44.05,-39.42,3,77.83,8.00,0.06,105.47,250.56,927.16,1505.17
Rodentia,Cricetidae,Oxymycterus,caparoae,oxymycterus caparoae,-999.00,-999.00,-999.00,-999.00,-999.00,-999.00,-999.00,-999.00,-999.00,-999.00,-999.00,-999.00,-999.00,-999.00,-999.00,-999.00,-999.00,-999.00,-999.00,-999.00,-999.00,-999.00,-999.00,-999.00,-999,-999.00,-999,-999.00,-999.00,-999.00,-999,-999.00,-999.00,-999.00,-999.00,-999.00,-999.00,-999.00,-999.00,-999.00,-999.00,-999.00,-999,-999.00,-999.00,-999.00,-999.00,-999.00,-999.00,-999.00
Rodentia,Cricetidae,Oxymycterus,dasytrichus,oxymycterus dasytrichus,-999.00,-999.00,-999.00,-999.00,-999.00,-999.00,-999.00,-999.00,-999.00,-999.00,-999.00,-999.00,-999.00,-999.00,-999.00,-999.00,-999.00,-999.00,-999.00,-999.00,-999.00,-999.00,-999.00,-999.00,-999,-999.00,-999,-999.00,-999.00,-999.00,-999,-999.00,-999.00,-999.00,-999.00,-999.00,-999.00,-999.00,-999.00,-999.00,-999.00,-999.00,-999,-999.00,-999.00,-999.00,-999.00,-999.00,-999.00,-999.00
Rodentia,Cricetidae,Oxymycterus,delator,oxymycterus delator,-999.00,81.49,-999.00,-999.00,-999.00,-999.00,-999.00,-999.00,-999.00,-999.00,-999.00,-999.00,-999.00,-999.00,-999.00,-999.00,-999.00,-999.00,-999.00,-999.00,-999.00,-999.00,-999.00,-999.00,-999,-999.00,-999,-999.00,-999.00,-999.00,2655,-999.00,-999.00,-999.00,-999.00,37329.03,-24.01,-26.00,-25.01,-54.51,-58.19,-56.35,1,42.22,2.00,0.13,125.73,217.27,1273.38,1278.19
Rodentia,Cricetidae,Oxymycterus,hiska,oxymycterus hiska,-999.00,67.99,-999.00,-999.00,-999.00,-999.00,-999.00,-999.00,1.00,-999.00,-999.00,-999.00,-999.00,-999.00,-999.00,-999.00,-999.00,-999.00,-999.00,-999.00,-999.00,-999.00,-999.00,-999.00,-999,-999.00,3,-999.00,-999.00,-999.00,890;2655,-999.00,-999.00,-999.00,-999.00,8134.63,-14.45,-15.29,-14.87,-69.32,-70.47,-69.90,4,18.48,4.00,0.05,192.53,12.43,1104.14,1316.75
Rodentia,Cricetidae,Oxymycterus,hispidus,oxymycterus hispidus,-999.00,36.75,-999.00,-999.00,-999.00,-999.00,-999.00,-999.00,1.00,-999.00,-999.00,-999.00,-999.00,-999.00,-999.00,-999.00,-999.00,-999.00,-999.00,-999.00,-999.00,-999.00,-999.00,-999.00,-999,-999.00,3,-999.00,-999.00,-999.00,890;2655,-999.00,-999.00,-999.00,-999.00,890655.72,-11.74,-29.62,-20.68,-37.98,-55.93,-46.96,5,111.12,11.00,0.06,127.53,200.11,1207.71,1356.95
Rodentia,Cricetidae,Oxymycterus,hucucha,oxymycterus hucucha,-999.00,67.99,-999.00,-999.00,-999.00,-999.00,-999.00,-999.00,1.00,-999.00,-999.00,-999.00,-999.00,-999.00,-999.00,-999.00,-999.00,-999.00,-999.00,-999.00,-999.00,-999.00,-999.00,-999.00,-999,-999.00,3,-999.00,-999.00,-999.00,890;2655,-999.00,-999.00,-999.00,-999.00,7184.44,-17.21,-18.01,-17.61,-64.11,-65.14,-64.63,5,6.75,5.00,0.06,75.25,165.53,1043.99,1448.09
Rodentia,Cricetidae,Oxymycterus,inca,oxymycterus inca,-999.00,34.99,-999.00,-999.00,-999.00,-999.00,-999.00,-999.00,1.00,-999.00,-999.00,-999.00,-999.00,-999.00,-999.00,-999.00,-999.00,-999.00,-999.00,-999.00,-999.00,-999.00,-999.00,-999.00,-999,-999.00,3,-999.00,-999.00,-999.00,890;2655,-999.00,-999.00,-999.00,-999.00,463452.89,-10.74,-18.10,-14.42,-60.74,-75.30,-68.02,0,8.28,1.00,0.16,135.31,208.26,1245.46,1480.60
Rodentia,Cricetidae,Oxymycterus,josei,oxymycterus josei,-999.00,-999.00,-999.00,-999.00,-999.00,-999.00,-999.00,-999.00,-999.00,-999.00,-999.00,-999.00,-999.00,-999.00,-999.00,-999.00,-999.00,-999.00,-999.00,-999.00,-999.00,-999.00,-999.00,-999.00,-999,-999.00,-999,-999.00,-999.00,-999.00,-999,-999.00,-999.00,-999.00,-999.00,-999.00,-999.00,-999.00,-999.00,-999.00,-999.00,-999.00,-999,-999.00,-999.00,-999.00,-999.00,-999.00,-999.00,-999.00
Rodentia,Cricetidae,Oxymycterus,nasutus,oxymycterus nasutus,-999.00,67.99,-999.00,-999.00,-999.00,-999.00,-999.00,-999.00,1.00,-999.00,-999.00,-999.00,-999.00,-999.00,-999.00,-999.00,-999.00,-999.00,-999.00,-999.00,-999.00,-999.00,-999.00,-999.00,-999,-999.00,3,-999.00,-999.00,-999.00,890;2655,-999.00,-999.00,-999.00,-999.00,620356.18,-23.22,-34.37,-28.79,-48.39,-57.78,-53.09,3,37.53,6.00,0.04,126.03,178.57,1109.07,1181.33
Rodentia,Cricetidae,Oxymycterus,paramensis,oxymycterus paramensis,-999.00,41.99,-999.00,-999.00,-999.00,-999.00,-999.00,-999.00,1.00,-999.00,-999.00,2.00,-999.00,-999.00,-999.00,-999.00,-999.00,-999.00,-999.00,-999.00,-999.00,-999.00,-999.00,-999.00,-999,1.00,3,-999.00,-999.00,-999.00,890;2655,-999.00,-999.00,-999.00,-999.00,250661.84,-14.15,-31.60,-22.87,-63.23,-70.12,-66.68,0,20.33,1.00,0.11,73.90,120.04,858.85,1377.79
Rodentia,Cricetidae,Oxymycterus,quaestor,oxymycterus quaestor,-999.00,-999.00,-999.00,-999.00,-999.00,-999.00,-999.00,-999.00,-999.00,-999.00,-999.00,-999.00,-999.00,-999.00,-999.00,-999.00,-999.00,-999.00,-999.00,-999.00,-999.00,-999.00,-999.00,-999.00,-999,-999.00,-999,-999.00,-999.00,-999.00,-999,-999.00,-999.00,-999.00,-999.00,-999.00,-999.00,-999.00,-999.00,-999.00,-999.00,-999.00,-999,-999.00,-999.00,-999.00,-999.00,-999.00,-999.00,-999.00
Rodentia,Cricetidae,Oxymycterus,roberti,oxymycterus roberti,-999.00,83.71,-999.00,100.00,-999.00,-999.00,91.56,84.00,1.00,-999.00,-999.00,-999.00,-999.00,-999.00,-999.00,-999.00,-999.00,-999.00,-999.00,-999.00,266.61,-999.00,-999.00,-999.00,-999,-999.00,3,-999.00,-999.00,-999.00,730;890;1822;1843;1947;2655,-999.00,-999.00,-999.00,-999.00,993777.99,-11.98,-23.15,-17.57,-38.86,-49.64,-44.25,1,59.40,2.00,0.07,119.68,211.59,1129.15,1436.03
Rodentia,Cricetidae,Oxymycterus,rufus,oxymycterus rufus,2.00,82.01,-999.00,-999.00,-999.00,-999.00,-999.00,-999.00,2.00,-999.00,-999.00,2.00,-999.00,-999.00,-999.00,2.51,2.60,31.20,-999.00,-999.00,549.17,-999.00,90.76,-999.00,-999,1.00,2,13.94,-999.00,-999.00,543;730;890;1297;1849;2655,-999.00,-999.00,-999.00,-999.00,-999.00,-999.00,-999.00,-999.00,-999.00,-999.00,-999.00,-999,-999.00,-999.00,-999.00,-999.00,-999.00,-999.00,-999.00
Artiodactyla,Cervidae,Ozotoceros,bezoarticus,ozotoceros bezoarticus,-999.00,34620.40,-999.00,1224.74,-999.00,-999.00,-999.00,-999.00,3.00,-999.00,220.38,1.00,6.16,5.78,317.08,1.00,-999.00,-999.00,2100.00,-999.00,-999.00,-999.00,350.76,3.50,-999,1.00,1,362.93,-999.00,-999.00,890;899;1297;1459;1460;1573;2405;2655;3009;3010,-999.00,1.18,-999.00,-999.00,3649669.28,-7.21,-36.56,-21.88,-40.94,-66.51,-53.73,0,29.50,1.00,0.08,110.35,214.66,1103.34,1328.48
Rodentia,Muridae,Pachyuromys,duprasi,pachyuromys duprasi,-999.00,47.50,-999.00,-999.00,-999.00,-999.00,-999.00,-999.00,-999.00,-999.00,20.40,-999.00,-999.00,-999.00,-999.00,3.49,-999.00,52.80,-999.00,-999.00,-999.00,-999.00,55.44,-999.00,-999,-999.00,-999,33.62,-999.00,-999.00,543;1297;2655,-999.00,-999.00,-999.00,-999.00,1991861.84,37.34,28.41,32.87,30.27,-10.21,10.03,0,49.48,1.00,0.14,13.96,190.51,196.49,1161.54
Carnivora,Phocidae,Pagophilus,groenlandicus,pagophilus groenlandicus,-999.00,132250.00,-999.00,1721.36,0.00,-999.00,24601.20,132250.00,6.00,16.50,242.90,2.00,-999.00,-999.00,365.00,1.00,-999.00,504.00,10048.20,-999.00,0.09,-999.00,1862.30,-999.00,-999,1.00,2,11.45,31199.35,-999.00,367;543;1297;1763;2151;2655;2986,-999.00,1.10,-999.00,-999.00,-999.00,-999.00,-999.00,-999.00,-999.00,-999.00,-999.00,-999,-999.00,-999.00,-999.00,-999.00,-999.00,-999.00,-999.00
Carnivora,Viverridae,Paguma,larvata,paguma larvata,1.00,4300.00,-999.00,633.11,9.03,-999.00,-999.00,-999.00,6.00,-999.00,-999.00,1.00,2.88,2.70,182.50,2.16,-999.00,216.00,-999.00,-999.00,-999.00,-999.00,-999.00,-999.00,4,1.00,2,109.13,-999.00,-999.00,543;1113;1297;1573;2655,-999.00,1.56,-999.00,-999.00,5422715.54,36.55,-5.94,15.30,122.13,70.62,96.38,0,171.13,4.00,0.09,149.56,176.11,1125.07,1326.61
Rodentia,Muridae,Palawanomys,furvus,palawanomys furvus,-999.00,-999.00,-999.00,144.99,-999.00,-999.00,-999.00,-999.00,-999.00,-999.00,-999.00,-999.00,-999.00,-999.00,-999.00,-999.00,-999.00,-999.00,-999.00,-999.00,-999.00,-999.00,-999.00,-999.00,-999,-999.00,-999,-999.00,-999.00,-999.00,2152,90.70,-999.00,-999.00,-999.00,318.13,8.91,8.73,8.82,117.76,117.58,117.67,44,44.00,44.00,0.22,233.00,243.00,-999.00,-999.00
Primates,Hominidae,Pan,paniscus,pan paniscus,3.00,35119.95,-999.00,753.43,-999.00,-999.00,-999.00,-999.00,6.00,-999.00,235.24,2.00,27.93,-999.00,1715.50,1.01,-999.00,576.00,1399.53,-999.00,2.00,90.00,5465.72,85.00,-999,2.00,2,1081.31,8142.69,-999.00,543;730;899;1297;1544;1547;1611;1763;1767;1848;2344;2493;2655;2660;2986,-999.00,0.50,-999.00,-999.00,412936.11,1.67,-5.00,-1.66,25.19,17.75,21.47,2,7.92,3.00,0.17,161.12,250.33,1538.70,1601.58
Primates,Hominidae,Pan,troglodytes,pan troglodytes,3.00,45000.00,-999.00,796.09,0.00,5073.50,9000.00,34150.00,6.00,-999.00,231.49,2.00,10.85,12.50,1825.00,1.05,-999.00,720.00,1745.02,-999.00,1.63,45.00,3897.96,50.00,2,2.00,2,1260.81,8499.99,-999.00,208;543;730;899;904;1297;1527;1529;1544;1547;1577;1594;1611;1763;1767;1848;2344;2463;2489;2493;2620;2655;2660;2878;2986,-999.00,0.48,-999.00,-999.00,1898947.60,13.13,-8.72,2.20,31.18,-15.55,7.81,0,34.36,1.00,0.11,149.72,241.68,1297.08,1558.05
Carnivora,Felidae,Panthera,leo,panthera leo,1.00,158623.93,-999.00,1835.16,3.00,1047.55,27420.60,155800.00,1.00,1080.00,108.74,1.00,55.19,103.85,730.00,2.75,2.00,360.00,1291.71,-999.00,0.11,-999.00,987.77,-999.00,4,1.00,3,197.86,-999.00,-999.00,367;542;543;730;1015;1052;1113;1297;1573;1594;2655,-999.00,-999.00,-999.00,-999.00,11237685.34,21.67,-28.50,-3.41,71.43,-14.12,28.65,0,28.60,1.00,0.14,85.80,234.38,902.10,1541.66
Carnivora,Felidae,Panthera,onca,panthera onca,2.00,83943.09,-999.00,1331.62,8.00,-999.00,15861.00,86200.00,1.00,638.75,102.49,1.00,52.55,57.78,365.00,1.96,-999.00,276.00,817.30,-999.00,0.05,1.00,1184.16,-999.00,-999,1.00,3,156.60,-999.00,-999.00,367;542;543;730;890;1015;1113;1297;1573;2151;2431;2655,-999.00,1.10,-999.00,-999.00,10500825.25,24.28,-27.80,-1.76,-41.16,-105.70,-73.43,0,12.65,0.00,0.12,158.66,242.03,1324.96,1551.74
Carnivora,Felidae,Panthera,pardus,panthera pardus,2.00,52399.99,-999.00,1377.71,9.03,1147.01,-999.00,-999.00,1.00,599.99,96.74,1.00,18.78,21.08,476.37,2.14,1.00,276.00,553.39,-999.00,0.07,1.00,810.68,-999.00,4,1.00,3,123.54,-999.00,-999.00,542;543;679;730;1015;1113;1297;1573;2655,-999.00,-999.00,-999.00,-999.00,29348601.36,48.36,-34.83,6.76,135.42,-17.53,58.94,0,101.11,1.00,0.11,88.01,207.63,818.43,1395.31
Carnivora,Felidae,Panthera,tigris,panthera tigris,1.00,161914.66,-999.00,1824.79,9.03,1216.66,28497.00,161000.00,1.00,570.00,105.19,1.00,64.89,69.69,821.25,2.60,1.00,315.60,1313.50,-999.00,0.03,1.00,1522.50,-999.00,-999,1.00,3,118.55,11003.00,-999.00,367;542;543;730;1015;1113;1297;1573;1594;2655,-999.00,-999.00,-999.00,-999.00,2494993.45,47.99,-5.94,21.02,137.26,73.31,105.29,1,164.50,3.00,0.08,138.99,211.51,1000.12,1405.59
Cetacea,Phocoenidae,Phocoena,dioptrica,phocoena dioptrica,-999.00,65000.00,-999.00,-999.00,-999.00,-999.00,-999.00,-999.00,-999.00,-999.00,-999.00,-999.00,-999.00,-999.00,-999.00,0.97,-999.00,-999.00,-999.00,-999.00,-999.00,-999.00,-999.00,-999.00,-999,-999.00,-999,-999.00,-999.00,-999.00,1297;2655,-999.00,-999.00,-999.00,-999.00,-999.00,-999.00,-999.00,-999.00,-999.00,-999.00,-999.00,-999,-999.00,-999.00,-999.00,-999.00,-999.00,-999.00,-999.00
Cetacea,Phocoenidae,Phocoena,phocoena,phocoena phocoena,-999.00,52730.93,-999.00,1530.07,-999.00,1642.50,-999.00,-999.00,2.00,-999.00,333.28,1.00,-999.00,-999.00,365.00,0.98,0.87,180.00,8892.16,808.98,0.03,4.00,1353.82,50.00,-999,-999.00,3,258.09,-999.00,-999.00,29;144;240;413;511;543;564;1004;1015;1217;1297;1577;2655,-999.00,-999.00,-999.00,-999.00,-999.00,-999.00,-999.00,-999.00,-999.00,-999.00,-999.00,-999,-999.00,-999.00,-999.00,-999.00,-999.00,-999.00,-999.00
Cetacea,Phocoenidae,Phocoena,sinus,phocoena sinus,-999.00,43121.43,-999.00,1520.00,-999.00,-999.00,-999.00,-999.00,2.00,-999.00,-999.00,1.00,-999.00,-999.00,-999.00,0.97,-999.00,-999.00,-999.00,-999.00,-999.00,-999.00,-999.00,-999.00,-999,-999.00,3,-999.00,-999.00,-999.00,511;899;1217;1297;2655,-999.00,-999.00,-999.00,-999.00,-999.00,-999.00,-999.00,-999.00,-999.00,-999.00,-999.00,-999,-999.00,-999.00,-999.00,-999.00,-999.00,-999.00,-999.00
Cetacea,Phocoenidae,Phocoena,spinipinnis,phocoena spinipinnis,-999.00,59999.99,-999.00,-999.00,-999.00,-999.00,-999.00,-999.00,2.00,-999.00,-999.00,1.00,-999.00,-999.00,-999.00,0.97,-999.00,-999.00,-999.00,-999.00,-999.00,-999.00,-999.00,-999.00,-999,-999.00,3,-999.00,-999.00,-999.00,511;890;1297;2655,-999.00,-999.00,-999.00,-999.00,-999.00,-999.00,-999.00,-999.00,-999.00,-999.00,-999.00,-999,-999.00,-999.00,-999.00,-999.00,-999.00,-999.00,-999.00
Cetacea,Phocoenidae,Phocoenoides,dalli,phocoenoides dalli,-999.00,106042.53,-999.00,1966.64,-999.00,-999.00,-999.00,-999.00,2.00,-999.00,346.74,1.00,-999.00,-999.00,730.00,0.98,0.33,264.00,-999.00,-999.00,-999.00,-999.00,2672.83,-999.00,-999,-999.00,3,91.24,-999.00,-999.00,69;70;144;511;543;1004;1297;2655,-999.00,-999.00,-999.00,-999.00,-999.00,-999.00,-999.00,-999.00,-999.00,-999.00,-999.00,-999,-999.00,-999.00,-999.00,-999.00,-999.00,-999.00,-999.00
Rodentia,Cricetidae,Phodopus,campbelli,phodopus campbelli,2.00,27.06,-999.00,91.22,9.00,-999.00,59.03,31.40,-999.00,-999.00,20.59,2.00,-999.00,-999.00,-999.00,8.47,3.50,21.50,1.49,-999.00,20.00,-999.00,46.47,1.00,-999,1.00,-999,-999.00,-999.00,-999.00,1297;1822;2073;2491;2655,-999.00,-999.00,-999.00,-999.00,2048011.87,52.84,36.45,44.64,121.75,84.90,103.32,0,21.46,1.00,0.05,23.24,-7.14,321.83,565.29
Rodentia,Cricetidae,Phodopus,roborovskii,phodopus roborovskii,-999.00,-999.00,-999.00,72.00,14.00,-999.00,-999.00,-999.00,3.00,-999.00,21.90,2.00,-999.00,-999.00,-999.00,6.28,-999.00,-999.00,1.55,-999.00,275.00,-999.00,21.35,1.00,8,1.00,2,-999.00,-999.00,-999.00,1297;2073;2490,12.02,-999.00,-999.00,-999.00,2913959.50,52.04,37.61,44.82,124.67,83.49,104.08,0,26.29,0.00,0.04,21.06,9.43,269.37,589.70
Rodentia,Cricetidae,Phodopus,sungorus,phodopus sungorus,2.00,30.43,-999.00,79.76,11.00,139.00,76.10,35.90,3.00,-999.00,21.00,2.00,-999.00,-999.00,24.00,5.48,3.00,38.40,2.04,-999.00,59.99,-999.00,-999.00,1.00,-999,1.00,2,20.00,13.73,-999.00,543;1297;1577;1822;2073;2492;2655,-999.00,-999.00,-999.00,-999.00,647778.72,54.88,46.89,50.89,92.29,66.07,79.18,0,9.34,1.00,-8.17775164422801e-03,26.18,11.61,353.67,487.76
Chiroptera,Vespertilionidae,Phoniscus,aerosa,phoniscus aerosa,-999.00,-999.00,37.00,-999.00,-999.00,-999.00,-999.00,-999.00,-999.00,-999.00,-999.00,1.00,-999.00,-999.00,-999.00,-999.00,-999.00,-999.00,-999.00,-999.00,-999.00,-999.00,-999.00,-999.00,-999,2.00,-999,-999.00,-999.00,-999.00,1658;2151,7.79,-999.00,-999.00,-999.00,-999.00,-999.00,-999.00,-999.00,-999.00,-999.00,-999.00,-999,-999.00,-999.00,-999.00,-999.00,-999.00,-999.00,-999.00
Chiroptera,Vespertilionidae,Phoniscus,atrox,phoniscus atrox,-999.00,4.81,32.99,-999.00,-999.00,-999.00,-999.00,-999.00,-999.00,-999.00,-999.00,1.00,-999.00,-999.00,-999.00,-999.00,-999.00,-999.00,-999.00,-999.00,-999.00,-999.00,-999.00,-999.00,-999,2.00,-999,-999.00,-999.00,-999.00,196;1658;2151;2622;2655,-999.00,-999.00,-999.00,-999.00,118977.90,8.30,0.54,4.42,117.52,99.44,108.48,3,116.20,8.00,0.12,201.65,254.14,1684.53,1796.37
Chiroptera,Vespertilionidae,Phoniscus,jagorii,phoniscus jagorii,-999.00,4.70,37.81,-999.00,-999.00,-999.00,-999.00,-999.00,-999.00,-999.00,125.14,1.00,-999.00,-999.00,-999.00,1.00,-999.00,-999.00,-999.00,-999.00,-999.00,-999.00,-999.00,-999.00,-999,2.00,-999,83.70,-999.00,-999.00,1314;1621;1658;2151;2622;2655,-999.00,-999.00,-999.00,-999.00,134207.30,12.58,-8.96,1.81,125.76,106.00,115.88,10,325.17,12.00,0.09,240.14,246.67,1668.44,1697.19
Chiroptera,Vespertilionidae,Phoniscus,papuensis,phoniscus papuensis,-999.00,6.32,37.65,-999.00,-999.00,-999.00,-999.00,-999.00,-999.00,-999.00,-999.00,1.00,-999.00,-999.00,-999.00,-999.00,-999.00,-999.00,-999.00,-999.00,-999.00,-999.00,-999.00,-999.00,-999,2.00,-999,-999.00,-999.00,-999.00,1658;2151;2424;2622;2655,-999.00,-999.00,-999.00,-999.00,379532.97,-0.62,-36.44,-18.53,153.63,135.37,144.50,0,23.97,0.00,0.08,114.37,204.00,951.07,1516.81
Chiroptera,Phyllostomidae,Phylloderma,stenops,phylloderma stenops,-999.00,55.82,71.90,-999.00,-999.00,-999.00,-999.00,-999.00,2.00,-999.00,-999.00,1.00,-999.00,-999.00,-999.00,0.98,-999.00,-999.00,-999.00,-999.00,-999.00,-999.00,-999.00,-999.00,-999,2.00,2,-999.00,-999.00,-999.00,108;196;889;1297;1658;2151;2622;2655,-999.00,-999.00,-999.00,-999.00,10120814.01,17.56,-29.07,-5.75,-34.79,-94.02,-64.40,0,28.29,0.00,0.12,163.13,241.38,1349.01,1566.00
Rodentia,Echimyidae,Phyllomys,blainvillii,phyllomys blainvillii,1.00,243.30,-999.00,-999.00,-999.00,-999.00,-999.00,-999.00,-999.00,-999.00,-999.00,1.00,-999.00,-999.00,-999.00,-999.00,-999.00,-999.00,-999.00,-999.00,-999.00,-999.00,-999.00,-999.00,-999,2.00,-999,-999.00,-999.00,-999.00,890;2655,-999.00,-999.00,-999.00,-999.00,167672.41,-8.58,-14.06,-11.32,-38.17,-43.32,-40.75,3,14.13,4.00,0.08,71.01,234.32,927.34,1268.05
Rodentia,Echimyidae,Phyllomys,brasiliensis,phyllomys brasiliensis,1.00,312.49,-999.00,-999.00,-999.00,-999.00,-999.00,-999.00,-999.00,-999.00,-999.00,1.00,-999.00,-999.00,-999.00,-999.00,-999.00,-999.00,-999.00,-999.00,-999.00,-999.00,-999.00,-999.00,-999,2.00,-999,-999.00,-999.00,-999.00,890;2655,-999.00,-999.00,-999.00,-999.00,148527.87,-17.96,-22.21,-20.08,-40.84,-45.44,-43.14,10,62.68,14.00,0.05,113.33,202.11,1139.25,1346.60
Rodentia,Echimyidae,Phyllomys,dasythrix,phyllomys dasythrix,1.00,260.00,-999.00,-999.00,-999.00,-999.00,-999.00,-999.00,-999.00,-999.00,-999.00,1.00,-999.00,-999.00,-999.00,-999.00,-999.00,-999.00,-999.00,-999.00,-999.00,-999.00,-999.00,-999.00,-999,2.00,-999,-999.00,-999.00,-999.00,890;2655,-999.00,-999.00,-999.00,-999.00,276503.46,-23.85,-33.63,-28.74,-49.83,-54.41,-52.12,3,38.04,7.00,0.04,130.13,175.46,1107.67,1170.46
Artiodactyla,Bovidae,Pantholops,hodgsonii,pantholops hodgsonii,-999.00,32733.12,-999.00,-999.00,-999.00,-999.00,-999.00,-999.00,-999.00,-999.00,212.91,-999.00,-999.00,-999.00,365.00,1.00,-999.00,-999.00,-999.00,-999.00,-999.00,-999.00,-999.00,-999.00,-999,-999.00,-999,-999.00,-999.00,-999.00,1297;1848;2555;2655,-999.00,1.10,-999.00,-999.00,1113531.45,36.73,28.92,32.83,99.29,80.73,90.01,0,1.69,0.00,0.06,49.94,-72.58,378.24,760.93
Rodentia,Muridae,Papagomys,armandvillei,papagomys armandvillei,-999.00,-999.00,-999.00,-999.00,-999.00,-999.00,-999.00,-999.00,-999.00,-999.00,-999.00,-999.00,-999.00,-999.00,-999.00,-999.00,-999.00,-999.00,-999.00,-999.00,-999.00,-999.00,-999.00,-999.00,-999,-999.00,-999,-999.00,-999.00,-999.00,-999,-999.00,-999.00,-999.00,-999.00,14026.28,-8.06,-8.96,-8.51,123.01,119.80,121.40,41,98.93,41.00,0.04,214.33,235.67,-999.00,-999.00
Rodentia,Muridae,Papagomys,theodorverhoeveni,papagomys theodorverhoeveni,-999.00,-999.00,-999.00,-999.00,-999.00,-999.00,-999.00,-999.00,-999.00,-999.00,-999.00,-999.00,-999.00,-999.00,-999.00,-999.00,-999.00,-999.00,-999.00,-999.00,-999.00,-999.00,-999.00,-999.00,-999,-999.00,-999,-999.00,-999.00,-999.00,-999,-999.00,-999.00,-999.00,-999.00,-999.00,-999.00,-999.00,-999.00,-999.00,-999.00,-999.00,-999,-999.00,-999.00,-999.00,-999.00,-999.00,-999.00,-999.00
Primates,Cercopithecidae,Papio,anubis,papio anubis,3.00,17728.56,-999.00,-999.00,-999.00,1642.50,-999.00,-999.00,-999.00,-999.00,178.96,-999.00,4.83,-999.00,752.81,1.01,-999.00,302.40,947.31,-999.00,10.80,44.50,-999.00,40.00,-999,-999.00,-999,596.60,3640.26,-999.00,543;730;850;1347;1544;1547;1763;1767;1979;2344;2660;2986,-999.00,0.76,-999.00,-999.00,5597000.95,21.89,-5.80,8.04,43.47,-12.32,15.57,0,39.42,1.00,0.11,98.24,242.67,1020.22,1584.07
Primates,Cercopithecidae,Papio,cynocephalus,papio cynocephalus,3.00,15822.15,-999.00,-999.00,-999.00,2007.50,-999.00,-999.00,2.00,-999.00,172.99,-999.00,14.95,-999.00,669.16,1.01,-999.00,540.00,709.88,-999.00,5.86,52.30,2560.56,48.20,-999,-999.00,1,450.42,2780.61,-999.00,208;543;730;850;930;1347;1544;1547;1594;1763;1767;1979;2344;2493;2660;2986,-999.00,0.81,-999.00,-999.00,3953480.36,6.99,-18.92,-5.96,47.31,12.27,29.79,1,24.54,2.00,0.18,86.42,230.40,876.56,1524.04
Primates,Cercopithecidae,Papio,hamadryas,papio hamadryas,3.00,14007.08,-999.00,675.00,-999.00,1919.90,-999.00,-999.00,2.00,-999.00,180.00,-999.00,17.37,-999.00,608.33,1.01,-999.00,450.00,890.00,-999.00,2.10,54.00,1652.37,36.90,-999,-999.00,1,363.96,3299.79,-999.00,208;543;730;850;1297;1347;1544;1547;1577;1763;1767;1848;2151;2344;2493;2655;2660;2986;3086,-999.00,0.85,-999.00,-999.00,639689.34,17.42,8.03,12.72,46.73,37.40,42.06,3,66.79,5.00,0.15,45.94,216.13,572.44,1620.73
Primates,Cercopithecidae,Papio,papio,papio papio,3.00,18026.05,-999.00,-999.00,-999.00,-999.00,-999.00,-999.00,-999.00,-999.00,184.42,-999.00,-999.00,-999.00,423.40,1.01,-999.00,480.00,600.38,-999.00,11.07,83.00,-999.00,-999.00,-999,-999.00,-999,-999.00,-999.00,-999.00,208;543;730;1347;1544;1547;2151;2344;2493;2660;2986,-999.00,1.02,-999.00,-999.00,205349.12,13.16,8.51,10.83,-10.68,-16.79,-13.74,4,49.23,7.00,0.11,170.11,263.22,861.15,1500.74
Primates,Cercopithecidae,Papio,ursinus,papio ursinus,3.00,17729.44,-999.00,-999.00,-999.00,1339.55,-999.00,-999.00,2.00,-999.00,185.92,-999.00,9.12,-999.00,882.08,1.01,-999.00,540.00,599.99,-999.00,2.77,34.30,1543.35,47.00,-999,-999.00,1,877.09,-999.00,-999.00,208;543;730;850;1347;1544;1547;1767;1768;1979;2344;2493;2660;2986;3086,-999.00,0.70,-999.00,-999.00,2566298.35,-14.01,-34.83,-24.42,36.05,11.71,23.88,0,25.55,0.00,0.11,41.90,184.62,581.84,1264.55
Rodentia,Geomyidae,Pappogeomys,alcorni,pappogeomys alcorni,-999.00,150.00,-999.00,-999.00,-999.00,-999.00,-999.00,-999.00,3.00,-999.00,-999.00,2.00,-999.00,-999.00,-999.00,-999.00,-999.00,-999.00,-999.00,-999.00,-999.00,-999.00,-999.00,-999.00,-999,1.00,1,-999.00,-999.00,-999.00,2151;2655,-999.00,-999.00,-999.00,-999.00,1519.92,20.10,19.76,19.93,-102.70,-103.33,-103.02,43,82.19,43.00,0.07,83.25,187.50,870.25,1438.44
Rodentia,Geomyidae,Pappogeomys,bulleri,pappogeomys bulleri,-999.00,150.00,-999.00,-999.00,-999.00,-999.00,-999.00,-999.00,3.00,-999.00,-999.00,2.00,-999.00,-999.00,-999.00,0.97,-999.00,-999.00,-999.00,-999.00,-999.00,-999.00,-999.00,-999.00,-999,1.00,1,-999.00,-999.00,-999.00,1297;2151;2655,-999.00,-999.00,-999.00,-999.00,35746.47,21.86,18.73,20.30,-103.15,-105.70,-104.42,5,73.81,7.00,0.07,79.39,205.46,818.29,1567.62
Chiroptera,Hipposideridae,Paracoelops,megalotis,paracoelops megalotis,-999.00,-999.00,41.99,-999.00,-999.00,-999.00,-999.00,-999.00,1.00,-999.00,-999.00,1.00,-999.00,-999.00,-999.00,-999.00,-999.00,-999.00,-999.00,-999.00,-999.00,-999.00,-999.00,-999.00,-999,2.00,3,-999.00,-999.00,-999.00,679;1658;2151,11.20,-999.00,-999.00,-999.00,17.09,18.69,18.64,18.66,105.68,105.64,105.66,622,622.00,622.00,0.10,141.00,237.00,1112.00,1177.00
Soricomorpha,Soricidae,Paracrocidura,graueri,paracrocidura graueri,-999.00,-999.00,-999.00,-999.00,-999.00,-999.00,-999.00,-999.00,-999.00,-999.00,-999.00,-999.00,-999.00,-999.00,-999.00,-999.00,-999.00,-999.00,-999.00,-999.00,-999.00,-999.00,-999.00,-999.00,-999,-999.00,-999,-999.00,-999.00,-999.00,-999,-999.00,-999.00,-999.00,-999.00,716.16,-3.72,-4.07,-3.89,29.04,28.85,28.94,28,70.01,28.00,0.22,64.66,160.66,1488.66,1612.66
Soricomorpha,Soricidae,Paracrocidura,maxima,paracrocidura maxima,-999.00,-999.00,-999.00,-999.00,-999.00,-999.00,-999.00,-999.00,-999.00,-999.00,-999.00,-999.00,-999.00,-999.00,-999.00,-999.00,-999.00,-999.00,-999.00,-999.00,-999.00,-999.00,-999.00,-999.00,-999,-999.00,-999,-999.00,-999.00,-999.00,-999,-999.00,-999.00,-999.00,-999.00,14075.87,0.65,-2.68,-1.01,30.17,28.40,29.28,17,163.92,17.00,0.08,117.74,186.25,1366.75,1533.37
Soricomorpha,Soricidae,Paracrocidura,schoutedeni,paracrocidura schoutedeni,-999.00,12.18,-999.00,75.03,-999.00,-999.00,-999.00,-999.00,-999.00,-999.00,-999.00,-999.00,-999.00,-999.00,-999.00,-999.00,-999.00,-999.00,-999.00,-999.00,-999.00,-999.00,-999.00,-999.00,-999,-999.00,-999,-999.00,-999.00,-999.00,1743;2399;2655,-999.00,-999.00,-999.00,-999.00,458097.10,5.53,-6.95,-0.71,23.05,8.93,15.99,0,15.66,1.00,0.06,149.83,242.30,1330.72,1503.76
Carnivora,Herpestidae,Paracynictis,selousi,paracynictis selousi,1.00,1669.72,-999.00,427.91,-999.00,-999.00,-999.00,-999.00,1.00,-999.00,-999.00,1.00,-999.00,-999.00,-999.00,2.00,-999.00,-999.00,-999.00,-999.00,-999.00,-999.00,-999.00,-999.00,-999,1.00,3,-999.00,-999.00,-999.00,1113;1297;2655,-999.00,-999.00,-999.00,-999.00,2095494.67,-10.33,-27.76,-19.04,37.52,13.16,25.34,0,18.41,1.00,0.17,73.07,212.91,785.06,1431.39
Rodentia,Dipodidae,Paradipus,ctenodactylus,paradipus ctenodactylus,1.00,-999.00,-999.00,-999.00,-999.00,-999.00,-999.00,-999.00,6.00,-999.00,-999.00,1.00,-999.00,-999.00,-999.00,3.40,-999.00,-999.00,-999.00,-999.00,-999.00,-999.00,-999.00,-999.00,-999,1.00,1,-999.00,-999.00,-999.00,1297;2151,-999.00,-999.00,-999.00,-999.00,602184.96,44.87,36.76,40.81,65.85,52.70,59.28,0,14.66,0.00,0.07,12.62,127.53,192.55,765.03
Carnivora,Viverridae,Paradoxurus,hermaphroditus,paradoxurus hermaphroditus,1.00,3200.00,-999.00,532.26,-999.00,-999.00,695.85,3205.00,6.00,-999.00,61.27,1.00,4.15,3.89,182.50,3.29,-999.00,269.00,92.07,-999.00,-999.00,-999.00,397.85,-999.00,6,1.00,2,-999.00,-999.00,-999.00,367;543;1113;1297;1573;1822;2655,-999.00,1.56,-999.00,-999.00,7074837.93,33.02,-8.78,12.12,126.60,72.31,99.45,0,232.74,7.00,0.10,152.93,232.59,1096.43,1501.69
Carnivora,Viverridae,Paradoxurus,jerdoni,paradoxurus jerdoni,1.00,3530.33,-999.00,589.08,-999.00,-999.00,-999.00,-999.00,6.00,-999.00,-999.00,1.00,-999.00,-999.00,-999.00,3.00,-999.00,144.00,-999.00,-999.00,-999.00,-999.00,-999.00,-999.00,-999,1.00,2,-999.00,-999.00,-999.00,1015;1113;2655,-999.00,-999.00,-999.00,-999.00,14283.81,12.33,8.94,10.64,77.64,75.88,76.76,221,468.69,221.00,0.05,167.05,257.01,1119.99,1628.51
Carnivora,Viverridae,Paradoxurus,zeylonensis,paradoxurus zeylonensis,1.00,2821.30,-999.00,487.39,-999.00,-999.00,-999.00,-999.00,6.00,-999.00,-999.00,1.00,-999.00,-999.00,-999.00,2.50,-999.00,-999.00,-999.00,-999.00,-999.00,-999.00,-999.00,-999.00,-999,1.00,2,-999.00,-999.00,-999.00,1113;1297;2655,-999.00,-999.00,-999.00,-999.00,5405.27,7.53,6.34,6.93,80.95,80.32,80.63,292,443.85,292.00,0.03,170.31,245.82,1567.97,1609.92
Erinaceomorpha,Erinaceidae,Paraechinus,aethiopicus,paraechinus aethiopicus,1.00,352.40,-999.00,181.87,-999.00,-999.00,112.50,451.50,2.00,-999.00,36.70,2.00,-999.00,-999.00,-999.00,3.49,1.00,54.00,8.49,-999.00,-999.00,-999.00,-999.00,-999.00,-999,1.00,3,67.27,-999.00,-999.00,543;678;1271;1297;1456;1822;1946;2408;2655;2786,-999.00,-999.00,-999.00,-999.00,13229917.82,35.59,7.97,21.78,59.83,-17.10,21.36,0,18.13,0.00,0.11,10.09,238.92,151.30,1299.97
Erinaceomorpha,Erinaceidae,Paraechinus,hypomelas,paraechinus hypomelas,1.00,213.00,-999.00,207.62,-999.00,-999.00,-999.00,-999.00,3.00,-999.00,-999.00,-999.00,-999.00,-999.00,-999.00,3.74,1.00,-999.00,-999.00,-999.00,-999.00,-999.00,-999.00,-999.00,-999,-999.00,2,-999.00,-999.00,-999.00,678;1271;1297;1456;2408;2655,-999.00,-999.00,-999.00,-999.00,2411438.00,45.33,21.64,33.48,76.75,50.16,63.45,0,61.37,1.00,0.15,18.91,149.51,250.44,1143.21
Erinaceomorpha,Erinaceidae,Paraechinus,micropus,paraechinus micropus,1.00,171.00,-999.00,180.00,-999.00,-999.00,-999.00,-999.00,2.00,-999.00,37.00,-999.00,-999.00,-999.00,-999.00,4.00,1.00,-999.00,8.49,-999.00,-999.00,-999.00,-999.00,-999.00,-999,-999.00,3,45.05,-999.00,-999.00,678;1297;1456;2408;2655;2786,-999.00,-999.00,-999.00,-999.00,344515.33,28.27,20.68,24.47,77.95,68.70,73.33,25,215.33,54.00,0.09,54.37,257.43,537.29,1423.31
Erinaceomorpha,Erinaceidae,Paraechinus,nudiventris,paraechinus nudiventris,-999.00,-999.00,-999.00,-999.00,-999.00,-999.00,-999.00,-999.00,2.00,-999.00,-999.00,-999.00,-999.00,-999.00,-999.00,-999.00,1.00,-999.00,-999.00,-999.00,-999.00,-999.00,-999.00,-999.00,-999,-999.00,3,-999.00,-999.00,-999.00,1456,-999.00,-999.00,-999.00,-999.00,169687.97,13.51,8.07,10.79,80.34,74.85,77.60,166,639.10,217.00,0.06,120.92,270.00,1027.56,1576.88
Rodentia,Muridae,Parahydromys,asper,parahydromys asper,-999.00,526.66,-999.00,213.59,-999.00,-999.00,-999.00,-999.00,2.00,-999.00,-999.00,2.00,-999.00,-999.00,-999.00,-999.00,-999.00,-999.00,-999.00,-999.00,-999.00,-999.00,-999.00,-999.00,4,1.00,2,-999.00,-999.00,-999.00,661;977;2152;2655;2803,-999.00,-999.00,-999.00,-999.00,153393.15,-1.17,-9.34,-5.25,147.94,133.85,140.90,1,10.68,2.00,0.11,276.50,198.12,1688.47,1719.65
Rodentia,Muridae,Paraleptomys,rufilatus,paraleptomys rufilatus,2.00,54.99,-999.00,126.78,-999.00,-999.00,-999.00,-999.00,-999.00,-999.00,-999.00,1.00,-999.00,-999.00,-999.00,-999.00,-999.00,-999.00,-999.00,-999.00,-999.00,-999.00,-999.00,-999.00,4,1.00,-999,-999.00,-999.00,-999.00,977;2655;2803,-999.00,-999.00,-999.00,-999.00,700.58,-2.45,-3.56,-3.00,142.61,140.44,141.52,5,6.62,5.00,0.16,219.99,299.66,1697.50,1741.85
Rodentia,Muridae,Paraleptomys,wilhelmina,paraleptomys wilhelmina,-999.00,33.68,-999.00,118.87,-999.00,-999.00,-999.00,-999.00,-999.00,-999.00,-999.00,1.00,-999.00,-999.00,-999.00,-999.00,-999.00,-999.00,-999.00,-999.00,-999.00,-999.00,-999.00,-999.00,4,1.00,-999,-999.00,-999.00,-999.00,977;2655;2803,-999.00,-999.00,-999.00,-999.00,4717.36,-3.49,-5.46,-4.48,141.81,138.49,140.15,3,6.28,3.00,0.21,198.83,185.31,1679.69,1679.69
Rodentia,Cricetidae,Paralomys,gerbillus,paralomys gerbillus,-999.00,17.40,-999.00,-999.00,-999.00,-999.00,-999.00,-999.00,-999.00,-999.00,-999.00,-999.00,-999.00,-999.00,-999.00,-999.00,-999.00,-999.00,-999.00,-999.00,-999.00,-999.00,-999.00,-999.00,-999,-999.00,-999,-999.00,-999.00,-999.00,2655,-999.00,-999.00,-999.00,-999.00,13008.50,-13.58,-15.65,-14.62,-74.60,-76.39,-75.50,2,19.29,2.00,0.08,3.89,131.99,373.46,1155.95
Rodentia,Muridae,Paramelomys,gressitti,paramelomys gressitti,-999.00,-999.00,-999.00,-999.00,-999.00,-999.00,-999.00,-999.00,-999.00,-999.00,-999.00,-999.00,-999.00,-999.00,-999.00,-999.00,-999.00,-999.00,-999.00,-999.00,-999.00,-999.00,-999.00,-999.00,-999,-999.00,-999,-999.00,-999.00,-999.00,-999,-999.00,-999.00,-999.00,-999.00,-999.00,-999.00,-999.00,-999.00,-999.00,-999.00,-999.00,-999,-999.00,-999.00,-999.00,-999.00,-999.00,-999.00,-999.00
Rodentia,Muridae,Paramelomys,levipes,paramelomys levipes,-999.00,82.81,-999.00,151.00,10.00,-999.00,-999.00,-999.00,3.00,-999.00,-999.00,-999.00,-999.00,-999.00,-999.00,1.52,-999.00,-999.00,-999.00,-999.00,-999.00,-999.00,-999.00,-999.00,4,-999.00,1,20.00,-999.00,-999.00,865;977;1297;2152;2803,-999.00,-999.00,-999.00,-999.00,817.79,-9.37,-9.68,-9.52,147.65,147.30,147.48,5,32.75,5.00,0.11,96.00,219.98,-999.00,-999.00
Rodentia,Muridae,Paramelomys,lorentzii,paramelomys lorentzii,-999.00,150.00,-999.00,175.00,10.00,-999.00,-999.00,-999.00,3.00,-999.00,-999.00,3.00,-999.00,-999.00,-999.00,1.07,-999.00,-999.00,-999.00,-999.00,-999.00,-999.00,-999.00,-999.00,3,2.00,1,20.00,-999.00,-999.00,977;1297;1954;2152;2655;2803,-999.00,-999.00,-999.00,-999.00,-999.00,-999.00,-999.00,-999.00,-999.00,-999.00,-999.00,-999,-999.00,-999.00,-999.00,-999.00,-999.00,-999.00,-999.00
Rodentia,Muridae,Paramelomys,mollis,paramelomys mollis,-999.00,90.05,-999.00,145.69,10.00,-999.00,-999.00,-999.00,3.00,-999.00,-999.00,2.00,-999.00,-999.00,-999.00,1.69,-999.00,-999.00,-999.00,-999.00,-999.00,-999.00,-999.00,-999.00,4,1.00,1,20.00,-999.00,-999.00,661;977;2152;2655;2803,-999.00,-999.00,-999.00,-999.00,231082.75,-1.16,-10.18,-5.67,149.74,133.90,141.82,1,9.29,2.00,0.13,255.74,213.34,1691.45,1714.51
Rodentia,Muridae,Paramelomys,moncktoni,paramelomys moncktoni,-999.00,80.56,-999.00,147.48,10.00,-999.00,-999.00,-999.00,3.00,-999.00,-999.00,-999.00,-999.00,-999.00,-999.00,2.15,-999.00,-999.00,-999.00,-999.00,-999.00,-999.00,166.32,-999.00,4,-999.00,1,20.00,-999.00,-999.00,977;1297;2152;2655;2803,-999.00,-999.00,-999.00,-999.00,160894.52,-1.59,-10.66,-6.12,150.90,135.25,143.07,1,8.84,1.00,0.07,294.31,209.91,1650.58,1695.73
Rodentia,Muridae,Paramelomys,naso,paramelomys naso,-999.00,-999.00,-999.00,170.41,-999.00,-999.00,-999.00,-999.00,-999.00,-999.00,-999.00,-999.00,-999.00,-999.00,-999.00,-999.00,-999.00,-999.00,-999.00,-999.00,-999.00,-999.00,-999.00,-999.00,-999,-999.00,-999,-999.00,-999.00,-999.00,2803,144.60,-999.00,-999.00,-999.00,110306.33,-3.86,-7.67,-5.77,142.01,134.20,138.10,1,4.15,1.00,0.20,195.44,245.38,1693.28,1715.29
Rodentia,Muridae,Paramelomys,platyops,paramelomys platyops,-999.00,85.60,-999.00,128.75,10.00,-999.00,-999.00,-999.00,3.00,-999.00,-999.00,1.00,-999.00,-999.00,-999.00,1.94,-999.00,-999.00,-999.00,-999.00,-999.00,-999.00,-999.00,-999.00,4,1.00,1,20.00,-999.00,87.99,456;661;977;1297;2152;2655;2803,-999.00,-999.00,-999.00,23.37,305085.05,-0.62,-10.19,-5.40,152.40,130.39,141.39,1,10.78,2.00,0.14,272.52,228.31,1678.48,1701.89
Rodentia,Muridae,Paramelomys,rubex,paramelomys rubex,-999.00,47.16,-999.00,115.97,10.00,212.91,-999.00,-999.00,3.00,-999.00,-999.00,3.00,7.363214e-03,6.789898e-03,-999.00,2.00,-999.00,-999.00,-999.00,-999.00,-999.00,-999.00,-999.00,-999.00,4,2.00,1,20.00,-999.00,-999.00,456;865;977;1297;2152;2655;2803,-999.00,-999.00,-999.00,-999.00,182359.80,-1.31,-8.97,-5.14,147.75,133.82,140.78,1,9.89,2.00,0.13,280.50,206.15,1682.06,1692.13
Rodentia,Muridae,Paramelomys,steini,paramelomys steini,-999.00,-999.00,-999.00,125.78,-999.00,-999.00,-999.00,-999.00,-999.00,-999.00,-999.00,-999.00,-999.00,-999.00,-999.00,-999.00,-999.00,-999.00,-999.00,-999.00,-999.00,-999.00,-999.00,-999.00,-999,-999.00,-999,-999.00,-999.00,-999.00,2803,60.17,-999.00,-999.00,-999.00,-999.00,-999.00,-999.00,-999.00,-999.00,-999.00,-999.00,-999,-999.00,-999.00,-999.00,-999.00,-999.00,-999.00,-999.00
Dasyuromorphia,Dasyuridae,Paramurexia,rothschildi,paramurexia rothschildi,2.00,53.77,-999.00,129.55,-999.00,-999.00,-999.00,-999.00,1.00,-999.00,-999.00,3.00,-999.00,-999.00,-999.00,3.39,-999.00,-999.00,-999.00,-999.00,-999.00,-999.00,-999.00,-999.00,-999,2.00,3,-999.00,-999.00,-999.00,661;977;1760;1991;2152;2655,-999.00,-999.00,-999.00,-999.00,32993.43,-7.690129e-03,-10.27,-5.14,149.92,130.20,140.06,2,9.10,2.00,0.07,174.74,226.84,-999.00,-999.00
Dasyuromorphia,Dasyuridae,Parantechinus,apicalis,parantechinus apicalis,2.00,71.31,-999.00,142.50,-999.00,-999.00,-999.00,-999.00,2.00,-999.00,48.50,1.00,-999.00,-999.00,365.00,7.50,1.00,36.00,-999.00,-999.00,599.99,1.00,340.60,-999.00,-999,1.00,2,112.70,-999.00,-999.00,543;800;899;955;1297;1760;2655,-999.00,-999.00,-999.00,-999.00,31495.39,-33.30,-35.13,-34.22,121.52,117.25,119.38,0,2.01,0.00,0.05,56.91,145.70,455.68,1032.60
Chiroptera,Pteropodidae,Paranyctimene,raptor,paranyctimene raptor,-999.00,24.94,51.66,77.67,-999.00,-999.00,32.54,22.45,1.00,-999.00,-999.00,1.00,-999.00,-999.00,-999.00,0.98,2.00,-999.00,-999.00,-999.00,-999.00,-999.00,-999.00,1.00,-999,2.00,1,-999.00,-999.00,-999.00,196;360;406;1297;1658;1822;1948;1950;2143;2151;2622;2655,-999.00,-999.00,-999.00,-999.00,361367.13,-0.89,-10.70,-5.79,150.80,130.63,140.72,1,8.60,1.00,0.10,283.61,226.93,1668.68,1687.15
Chiroptera,Pteropodidae,Paranyctimene,tenax,paranyctimene tenax,-999.00,-999.00,-999.00,-999.00,-999.00,-999.00,-999.00,-999.00,-999.00,-999.00,-999.00,-999.00,-999.00,-999.00,-999.00,-999.00,-999.00,-999.00,-999.00,-999.00,-999.00,-999.00,-999.00,-999.00,-999,-999.00,-999,-999.00,-999.00,-999.00,-999,-999.00,-999.00,-999.00,-999.00,-999.00,-999.00,-999.00,-999.00,-999.00,-999.00,-999.00,-999,-999.00,-999.00,-999.00,-999.00,-999.00,-999.00,-999.00
Soricomorpha,Talpidae,Parascalops,breweri,parascalops breweri,2.00,51.11,-999.00,127.05,-999.00,-999.00,-999.00,-999.00,3.00,-999.00,35.46,2.00,4.15528e-05,4.44269e-05,-999.00,4.49,1.00,60.00,6.69,-999.00,900.00,1.00,314.64,-999.00,8,1.00,2,30.24,-999.00,-999.00,176;543;595;1224;1226;1297;1338;2131;2655;2786,-999.00,-999.00,-999.00,-999.00,832754.59,47.73,34.72,41.23,-70.00,-84.59,-77.29,0,105.57,1.00,0.03,80.80,85.08,666.71,727.27
Soricomorpha,Talpidae,Parascaptor,leucura,parascaptor leucura,-999.00,-999.00,-999.00,-999.00,-999.00,-999.00,-999.00,-999.00,1.00,-999.00,-999.00,-999.00,-999.00,-999.00,-999.00,-999.00,-999.00,-999.00,-999.00,-999.00,-999.00,-999.00,-999.00,-999.00,-999,-999.00,3,-999.00,-999.00,-999.00,2131,-999.00,-999.00,-999.00,-999.00,259508.38,28.10,21.50,24.80,101.56,90.75,96.15,1,125.73,10.00,0.08,163.94,136.86,1015.25,1245.98
Rodentia,Sciuridae,Paraxerus,alexandri,paraxerus alexandri,-999.00,50.73,-999.00,115.65,-999.00,-999.00,-999.00,-999.00,-999.00,-999.00,-999.00,-999.00,-999.00,-999.00,-999.00,0.97,-999.00,-999.00,-999.00,-999.00,-999.00,-999.00,-999.00,-999.00,-999,-999.00,-999,-999.00,-999.00,-999.00,1297;1599;2655,-999.00,-999.00,-999.00,-999.00,290513.82,3.54,-1.29,1.12,33.57,25.93,29.75,1,57.57,2.00,0.16,127.93,228.98,1436.45,1604.93
Rodentia,Sciuridae,Paraxerus,boehmi,paraxerus boehmi,-999.00,70.24,-999.00,125.62,-999.00,-999.00,-999.00,-999.00,-999.00,-999.00,-999.00,-999.00,-999.00,-999.00,-999.00,1.06,-999.00,-999.00,-999.00,-999.00,-999.00,-999.00,-999.00,-999.00,-999,-999.00,-999,-999.00,-999.00,-999.00,1297;1599;2655,-999.00,-999.00,-999.00,-999.00,1218355.82,6.11,-9.90,-1.89,33.99,19.15,26.57,1,38.74,2.00,0.12,123.22,230.73,1325.57,1608.38
Rodentia,Sciuridae,Paraxerus,cepapi,paraxerus cepapi,-999.00,222.85,-999.00,172.74,7.75,-999.00,145.34,223.60,5.00,-999.00,56.87,2.00,4.512132e-03,3.90315e-03,60.50,2.02,3.00,-999.00,12.75,-999.00,353.00,-999.00,239.99,1.00,-999,2.00,2,38.39,-999.00,-999.00,1297;1599;1798;1822;1849;2495;2629;2655;2945;2947;2948;2974,-999.00,-999.00,-999.00,-999.00,3172101.99,-2.25,-25.71,-13.98,36.39,14.03,25.21,0,18.44,1.00,0.17,74.65,216.63,789.47,1454.82
Rodentia,Sciuridae,Paraxerus,cooperi,paraxerus cooperi,-999.00,250.00,-999.00,-999.00,-999.00,-999.00,-999.00,-999.00,-999.00,-999.00,-999.00,-999.00,-999.00,-999.00,-999.00,-999.00,-999.00,-999.00,-999.00,-999.00,-999.00,-999.00,-999.00,-999.00,-999,-999.00,-999,-999.00,-999.00,-999.00,2655,-999.00,-999.00,-999.00,-999.00,101663.98,8.10,3.99,6.04,13.89,9.13,11.51,5,38.15,6.00,0.11,169.35,234.16,1135.56,1502.98
Rodentia,Sciuridae,Paraxerus,flavovittis,paraxerus flavovittis,-999.00,160.00,-999.00,178.46,-999.00,-999.00,-999.00,-999.00,-999.00,-999.00,-999.00,-999.00,-999.00,-999.00,-999.00,1.22,-999.00,-999.00,-999.00,-999.00,-999.00,-999.00,-999.00,-999.00,-999,-999.00,-999,-999.00,-999.00,-999.00,1297;1599;2655,-999.00,-999.00,-999.00,-999.00,780136.46,-1.69,-18.42,-10.05,40.84,35.01,37.93,1,44.67,2.00,0.17,83.56,239.63,949.60,1558.30
Rodentia,Sciuridae,Paraxerus,lucifer,paraxerus lucifer,-999.00,692.45,-999.00,243.07,-999.00,-999.00,-999.00,-999.00,-999.00,-999.00,-999.00,-999.00,-999.00,-999.00,-999.00,-999.00,-999.00,-999.00,-999.00,-999.00,-999.00,-999.00,-999.00,-999.00,-999,-999.00,-999,-999.00,-999.00,-999.00,1599;2655,-999.00,-999.00,-999.00,-999.00,76574.94,-2.89,-11.13,-7.01,39.04,33.29,36.17,5,37.72,11.00,0.15,79.93,217.16,958.28,1537.14
Rodentia,Sciuridae,Paraxerus,ochraceus,paraxerus ochraceus,-999.00,104.30,-999.00,160.02,-999.00,-999.00,-999.00,-999.00,-999.00,-999.00,-999.00,1.00,-999.00,-999.00,-999.00,2.20,-999.00,-999.00,-999.00,-999.00,-999.00,-999.00,-999.00,-999.00,-999,2.00,-999,24.36,-999.00,-999.00,32;1297;1599;2655,-999.00,-999.00,-999.00,-999.00,941616.18,5.10,-7.30,-1.09,43.73,32.57,38.15,1,46.15,2.00,0.12,60.15,240.11,826.49,1598.84
Rodentia,Sciuridae,Paraxerus,palliatus,paraxerus palliatus,3.00,365.37,-999.00,209.57,11.50,-999.00,217.69,286.30,5.00,-999.00,62.01,2.00,0.02,0.02,75.00,1.60,1.00,-999.00,15.00,-999.00,389.55,1.87,-999.00,1.00,-999,2.00,2,52.50,-999.00,-999.00,32;1297;1573;1599;1822;2629;2655;2947;2948;2974,-999.00,-999.00,-999.00,-999.00,1286891.41,2.09,-26.32,-12.11,45.04,31.11,38.07,1,38.28,2.00,0.17,75.25,240.98,889.18,1558.70
Rodentia,Sciuridae,Paraxerus,poensis,paraxerus poensis,3.00,100.00,-999.00,191.78,10.00,126.00,-999.00,-999.00,1.00,-999.00,55.13,1.00,-999.00,-999.00,57.75,1.50,-999.00,-999.00,9.90,-999.00,-999.00,-999.00,105.22,-999.00,-999,2.00,1,-999.00,-999.00,-999.00,32;900;901;904;1297;2495;2655;2947;2974,-999.00,2.79,-999.00,-999.00,1525723.44,9.08,-5.80,1.63,17.66,-13.29,2.18,0,45.61,1.00,0.08,160.03,247.68,1285.24,1521.71
Rodentia,Sciuridae,Paraxerus,vexillarius,paraxerus vexillarius,-999.00,675.00,-999.00,-999.00,-999.00,-999.00,-999.00,-999.00,-999.00,-999.00,-999.00,-999.00,-999.00,-999.00,-999.00,-999.00,-999.00,-999.00,-999.00,-999.00,-999.00,-999.00,-999.00,-999.00,-999,-999.00,-999,-999.00,-999.00,-999.00,2655,-999.00,-999.00,-999.00,-999.00,8466.80,-4.26,-5.31,-4.79,38.83,37.82,38.33,8,51.00,8.00,0.13,117.23,239.24,1055.60,1632.85
Rodentia,Sciuridae,Paraxerus,vincenti,paraxerus vincenti,-999.00,-999.00,-999.00,-999.00,-999.00,-999.00,-999.00,-999.00,-999.00,-999.00,-999.00,-999.00,-999.00,-999.00,-999.00,-999.00,-999.00,-999.00,-999.00,-999.00,-999.00,-999.00,-999.00,-999.00,-999,-999.00,-999,-999.00,-999.00,-999.00,-999,-999.00,-999.00,-999.00,-999.00,4870.34,-15.06,-15.80,-15.43,37.94,37.11,37.52,26,34.99,26.00,0.17,110.99,220.99,1027.68,1473.00
Carnivora,Felidae,Pardofelis,marmorata,pardofelis marmorata,1.00,2826.68,-999.00,516.47,-999.00,-999.00,-999.00,-999.00,1.00,-999.00,-999.00,1.00,-999.00,-999.00,-999.00,2.00,-999.00,-999.00,84.99,-999.00,-999.00,-999.00,-999.00,-999.00,-999,1.00,3,-999.00,-999.00,-999.00,1113;1297;2655,-999.00,-999.00,-999.00,-999.00,2298300.89,28.58,-5.94,11.32,119.26,83.42,101.34,1,77.52,4.00,0.12,202.31,226.89,1399.04,1599.10
Rodentia,Muridae,Parotomys,brantsii,parotomys brantsii,-999.00,129.50,-999.00,-999.00,-999.00,-999.00,83.90,86.50,-999.00,34.99,37.56,-999.00,-999.00,-999.00,-999.00,2.04,3.00,-999.00,-999.00,-999.00,-999.00,-999.00,39.68,1.00,4,-999.00,-999,-999.00,-999.00,-999.00,1297;1463;1464;1822;2655,-999.00,-999.00,-999.00,-999.00,599972.96,-24.13,-33.57,-28.85,25.67,15.99,20.83,0,6.56,0.00,0.08,18.58,179.26,291.76,1146.42
Rodentia,Muridae,Parotomys,littledalei,parotomys littledalei,-999.00,126.99,-999.00,-999.00,-999.00,-999.00,-999.00,-999.00,-999.00,-999.00,-999.00,-999.00,-999.00,-999.00,-999.00,2.91,-999.00,-999.00,-999.00,-999.00,-999.00,-999.00,-999.00,-999.00,-999,-999.00,-999,-999.00,-999.00,-999.00,1297;2655,-999.00,-999.00,-999.00,-999.00,645782.25,-21.70,-32.97,-27.34,24.94,14.01,19.47,0,1.59,0.00,0.08,13.40,170.17,238.12,1085.91
Rodentia,Muridae,Paruromys,dominator,paruromys dominator,-999.00,325.31,-999.00,-999.00,-999.00,-999.00,-999.00,-999.00,-999.00,-999.00,-999.00,-999.00,-999.00,-999.00,-999.00,-999.00,-999.00,-999.00,-999.00,-999.00,-999.00,-999.00,-999.00,-999.00,-999,-999.00,-999,-999.00,-999.00,-999.00,456,-999.00,-999.00,-999.00,-999.00,170486.35,1.75,-5.70,-1.97,125.24,118.75,121.99,17,96.75,17.00,0.08,229.41,215.47,1812.60,1909.15
Rodentia,Muridae,Paulamys,naso,paulamys naso,-999.00,-999.00,-999.00,-999.00,-999.00,-999.00,-999.00,-999.00,-999.00,-999.00,-999.00,-999.00,-999.00,-999.00,-999.00,-999.00,-999.00,-999.00,-999.00,-999.00,-999.00,-999.00,-999.00,-999.00,-999,-999.00,-999,-999.00,-999.00,-999.00,-999,-999.00,-999.00,-999.00,-999.00,317.63,-8.66,-8.84,-8.75,120.98,120.80,120.89,68,68.00,68.00,0.06,217.00,222.00,-999.00,-999.00
Rodentia,Cricetidae,Pearsonomys,annectens,pearsonomys annectens,-999.00,-999.00,-999.00,-999.00,-999.00,-999.00,-999.00,-999.00,-999.00,-999.00,-999.00,-999.00,-999.00,-999.00,-999.00,-999.00,-999.00,-999.00,-999.00,-999.00,-999.00,-999.00,-999.00,-999.00,-999,-999.00,-999,-999.00,-999.00,-999.00,-999,-999.00,-999.00,-999.00,-999.00,-999.00,-999.00,-999.00,-999.00,-999.00,-999.00,-999.00,-999,-999.00,-999.00,-999.00,-999.00,-999.00,-999.00,-999.00
Artiodactyla,Tayassuidae,Pecari,tajacu,pecari tajacu,2.00,21133.69,95.59,889.34,-999.00,350.00,-999.00,-999.00,5.00,-999.00,144.88,1.00,1.37,1.82,155.00,1.56,2.00,296.40,618.53,-999.00,7.92,11.65,315.68,20.00,8,1.00,1,47.25,4773.44,-999.00,543;645;730;905;1297;1573;1594;1848;2151;2180;2431;2655;2686;2998,-999.00,-999.00,-999.00,-999.00,15771441.38,35.07,-34.78,0.14,-34.79,-114.45,-74.62,0,26.93,0.00,0.11,134.44,231.20,1201.00,1476.93
Rodentia,Ctenodactylidae,Pectinator,spekei,pectinator spekei,3.00,169.70,-999.00,-999.00,-999.00,-999.00,-999.00,-999.00,3.00,-999.00,-999.00,-999.00,-999.00,-999.00,-999.00,1.17,-999.00,120.00,-999.00,-999.00,-999.00,-999.00,374.16,-999.00,-999,-999.00,1,-999.00,-999.00,-999.00,543;1297;1810;2655,-999.00,-999.00,-999.00,-999.00,630728.82,15.49,4.58,10.04,51.41,39.53,45.47,1,13.27,3.00,0.09,28.05,251.73,383.98,1713.18
Rodentia,Pedetidae,Pedetes,capensis,pedetes capensis,1.00,2549.25,-999.00,-999.00,2.00,-999.00,793.50,2300.00,3.00,-999.00,78.02,2.00,-999.00,-999.00,101.00,0.98,-999.00,174.00,253.49,-999.00,-999.00,-999.00,338.33,-999.00,-999,1.00,1,45.61,1299.99,-999.00,518;543;659;660;1297;1822;2629;2655,-999.00,2.11,-999.00,-999.00,3979810.48,-7.82,-34.05,-20.93,35.54,12.15,23.85,0,13.77,0.00,0.14,58.64,201.84,657.25,1371.56
Rodentia,Pedetidae,Pedetes,surdaster,pedetes surdaster,-999.00,-999.00,-999.00,-999.00,-999.00,-999.00,-999.00,-999.00,-999.00,-999.00,-999.00,-999.00,-999.00,-999.00,-999.00,-999.00,-999.00,-999.00,-999.00,-999.00,-999.00,-999.00,-999.00,-999.00,-999,-999.00,-999,-999.00,-999.00,-999.00,-999,-999.00,-999.00,-999.00,-999.00,823185.75,3.05,-8.23,-2.58,40.34,29.52,34.93,0,51.50,1.00,0.17,72.37,222.29,901.02,1564.93
Chiroptera,Pteropodidae,Penthetor,lucasi,penthetor lucasi,-999.00,35.39,60.50,-999.00,-999.00,-999.00,-999.00,-999.00,1.00,-999.00,-999.00,1.00,-999.00,-999.00,-999.00,1.00,-999.00,-999.00,-999.00,-999.00,-999.00,-999.00,-999.00,-999.00,-999,2.00,1,-999.00,-999.00,-999.00,196;1297;1658;2017;2151;2622;2655;2719,-999.00,-999.00,-999.00,-999.00,647764.08,7.03,-4.16,1.43,119.26,100.16,109.71,1,58.45,3.00,0.17,250.99,249.68,1681.76,1731.16
Cetacea,Delphinidae,Peponocephala,electra,peponocephala electra,-999.00,206000.00,-999.00,-999.00,-999.00,-999.00,-999.00,-999.00,-999.00,-999.00,365.00,1.00,-999.00,-999.00,-999.00,-999.00,-999.00,564.00,-999.00,-999.00,-999.00,-999.00,3458.66,-999.00,-999,-999.00,-999,-999.00,-999.00,-999.00,543;1297;2151;2655,-999.00,-999.00,-999.00,-999.00,-999.00,-999.00,-999.00,-999.00,-999.00,-999.00,-999.00,-999,-999.00,-999.00,-999.00,-999.00,-999.00,-999.00,-999.00
Peramelemorphia,Peramelidae,Perameles,bougainville,perameles bougainville,2.00,230.80,-999.00,300.00,-999.00,-999.00,-999.00,-999.00,3.00,-999.00,12.00,2.00,0.07,0.07,-999.00,2.00,-999.00,-999.00,-999.00,-999.00,34.00,-999.00,136.05,-999.00,-999,1.00,2,-999.00,100.00,-999.00,899;955;1297;1760;2655,-999.00,-999.00,-999.00,-999.00,89.50,-24.76,-25.27,-25.01,113.16,113.05,113.11,0,0.00,0.00,-999.00,-999.00,-999.00,-999.00,-999.00
Peramelemorphia,Peramelidae,Perameles,eremiana,perameles eremiana,2.00,499.99,-999.00,-999.00,-999.00,-999.00,-999.00,-999.00,2.00,-999.00,-999.00,2.00,-999.00,-999.00,-999.00,2.00,-999.00,-999.00,-999.00,-999.00,-999.00,-999.00,-999.00,-999.00,-999,1.00,2,-999.00,-999.00,-999.00,955;1297;1760;2655,-999.00,-999.00,-999.00,-999.00,-999.00,-999.00,-999.00,-999.00,-999.00,-999.00,-999.00,-999,-999.00,-999.00,-999.00,-999.00,-999.00,-999.00,-999.00
Peramelemorphia,Peramelidae,Perameles,gunnii,perameles gunnii,2.00,903.46,-999.00,323.35,32.50,-999.00,-999.00,-999.00,7.00,-999.00,12.50,2.00,0.02,0.02,65.00,2.31,3.80,66.00,0.22,13.48,351.56,-999.00,107.64,1.00,8,1.00,2,59.99,125.19,-999.00,543;847;955;1015;1070;1219;1297;1760;1926;1987;2577;2655;2682,-999.00,-999.00,-999.00,-999.00,49082.44,-37.12,-43.44,-40.28,148.35,141.53,144.94,0,32.33,1.00,-3.13408315599267e-03,62.90,114.38,545.05,851.43
Peramelemorphia,Peramelidae,Perameles,nasuta,perameles nasuta,2.00,720.26,-999.00,-999.00,-999.00,121.66,318.50,650.00,2.00,-999.00,12.24,2.00,-999.00,-999.00,53.00,2.43,-999.00,-999.00,0.23,-999.00,89.99,-999.00,139.04,-999.00,-999,1.00,2,66.99,106.06,-999.00,955;1152;1297;1412;1760;1822;1842;1926;1946;2484;2655,-999.00,2.92,-999.00,-999.00,383336.86,-16.50,-39.13,-27.82,153.63,142.42,148.03,0,31.83,0.00,0.07,80.76,166.40,832.60,1294.82
Primates,Lorisidae,Perodicticus,potto,perodicticus potto,1.00,1081.81,-999.00,320.00,-999.00,750.07,347.82,964.00,4.00,-999.00,193.00,1.00,0.11,0.12,354.05,1.09,-999.00,312.00,37.16,-999.00,8.47,-999.00,561.58,1.00,-999,2.00,2,149.15,-999.00,-999.00,208;223;543;730;732;904;1297;1544;1547;1822;1848;2151;2344;2489;2493;2511;2655;2660;2986,-999.00,1.11,-999.00,-999.00,4965957.99,14.74,-11.20,1.77,38.63,-17.52,10.55,0,51.09,1.00,0.12,139.00,243.76,1255.85,1545.51
Rodentia,Heteromyidae,Perognathus,alticolus,perognathus alticolus,-999.00,23.99,-999.00,75.51,-999.00,-999.00,-999.00,-999.00,-999.00,-999.00,-999.00,-999.00,-999.00,-999.00,-999.00,-999.00,-999.00,-999.00,-999.00,-999.00,-999.00,-999.00,-999.00,-999.00,-999,-999.00,-999,-999.00,-999.00,-999.00,334;2655,-999.00,-999.00,-999.00,-999.00,8126.88,35.33,34.06,34.70,-116.75,-119.50,-118.12,2,109.24,2.00,0.10,32.66,103.87,309.04,1158.08
Rodentia,Heteromyidae,Perognathus,amplus,perognathus amplus,-999.00,11.97,-999.00,-999.00,-999.00,-999.00,-999.00,-999.00,-999.00,-999.00,-999.00,-999.00,-999.00,-999.00,-999.00,-999.00,-999.00,-999.00,-999.00,-999.00,-999.00,-999.00,-999.00,-999.00,-999,-999.00,-999,-999.00,-999.00,-999.00,1020;1514;2411;2655,-999.00,-999.00,-999.00,-999.00,129256.13,36.75,29.28,33.01,-110.15,-114.70,-112.42,0,18.61,0.00,0.16,20.84,177.26,321.85,1165.56
Rodentia,Heteromyidae,Perognathus,fasciatus,perognathus fasciatus,1.00,11.29,-999.00,69.34,-999.00,-999.00,-999.00,-999.00,3.00,-999.00,29.80,2.00,-999.00,-999.00,-999.00,5.48,1.00,-999.00,-999.00,-999.00,225.41,-999.00,-999.00,-999.00,-999,1.00,1,-999.00,-999.00,-999.00,1297;1514;1849;1870;2655,-999.00,-999.00,-999.00,-999.00,1039601.42,52.39,37.02,44.70,-97.41,-112.05,-104.73,0,5.00,0.00,6.67614303236512e-03,30.37,51.43,439.91,649.47
Rodentia,Heteromyidae,Perognathus,flavescens,perognathus flavescens,-999.00,9.21,-999.00,69.29,-999.00,-999.00,-999.00,-999.00,2.00,-999.00,-999.00,2.00,3.29061e-04,3.30603e-04,-999.00,4.37,2.00,-999.00,-999.00,-999.00,-999.00,-999.00,-999.00,-999.00,6,1.00,1,-999.00,-999.00,-999.00,1297;1514;2049;2655,-999.00,-999.00,-999.00,-999.00,1544925.80,47.87,30.07,38.97,-91.06,-111.63,-101.34,0,11.47,0.00,0.04,38.68,107.17,548.67,916.00
Rodentia,Heteromyidae,Perognathus,flavus,perognathus flavus,1.00,7.97,-999.00,59.60,15.50,-999.00,17.30,8.30,3.00,-999.00,26.00,2.00,1.896819e-03,2.037232e-03,-999.00,3.94,2.00,60.00,-999.00,-999.00,150.00,-999.00,-999.00,1.00,6,1.00,2,29.83,-999.00,-999.00,332;730;884;982;1020;1297;1514;1822;2473;2655;2888,-999.00,-999.00,-999.00,-999.00,1564512.87,43.48,18.74,31.11,-96.97,-113.79,-105.38,0,32.37,0.00,0.10,34.25,137.72,519.98,1085.79
Rodentia,Heteromyidae,Perognathus,inornatus,perognathus inornatus,1.00,10.16,-999.00,72.23,-999.00,-999.00,-999.00,-999.00,2.00,-999.00,-999.00,2.00,1.76546e-04,1.77373e-04,-999.00,4.00,2.00,-999.00,-999.00,-999.00,499.99,-999.00,-999.00,-999.00,-999,1.00,2,-999.00,-999.00,-999.00,323;1297;2655,-999.00,-999.00,-999.00,-999.00,73899.38,39.75,34.99,37.37,-117.66,-122.45,-120.06,1,96.35,2.00,0.08,42.43,135.78,347.10,1132.29
Rodentia,Heteromyidae,Perognathus,longimembris,perognathus longimembris,1.00,8.07,-999.00,-999.00,14.50,-999.00,12.58,8.20,1.00,-999.00,22.74,-999.00,2.322898e-03,2.77759e-03,-999.00,4.45,1.00,99.60,1.25,-999.00,174.00,-999.00,125.41,-999.00,-999,-999.00,1,18.67,4.00,-999.00,418;543;602;730;808;982;1019;1215;1293;1297;1514;1577;1749;1822;2655,-999.00,-999.00,-999.00,-999.00,518799.79,43.05,28.48,35.77,-110.53,-121.82,-116.17,0,51.89,0.00,0.12,20.68,114.84,272.48,1028.11
Rodentia,Heteromyidae,Perognathus,merriami,perognathus merriami,1.00,6.94,-999.00,58.70,-999.00,-999.00,-999.00,-999.00,3.00,-999.00,-999.00,2.00,8.251478e-03,8.842233e-03,-999.00,4.18,-999.00,30.00,-999.00,-999.00,170.00,-999.00,-999.00,-999.00,-999,1.00,2,-999.00,-999.00,-999.00,333;1514;2655,-999.00,-999.00,-999.00,-999.00,695708.88,36.03,22.57,29.30,-97.05,-105.76,-101.41,0,17.15,0.00,0.06,42.58,189.98,609.92,1172.93
Rodentia,Heteromyidae,Perognathus,parvus,perognathus parvus,2.00,21.56,-999.00,81.57,-999.00,-999.00,-999.00,-999.00,3.00,-999.00,23.50,2.00,1.580096e-03,1.847215e-03,-999.00,4.86,2.00,48.00,1.50,-999.00,2738.17,-999.00,341.37,1.00,-999,1.00,2,21.00,-999.00,-999.00,730;808;1215;1297;1514;1577;2134;2165;2655;2692;2936,-999.00,-999.00,-999.00,-999.00,922062.88,50.98,35.80,43.39,-109.26,-122.64,-115.95,0,6.23,0.00,0.09,26.55,71.38,301.59,868.48
Rodentia,Cricetidae,Peromyscus,attwateri,peromyscus attwateri,1.00,27.90,-999.00,-999.00,-999.00,-999.00,-999.00,-999.00,5.00,-999.00,-999.00,-999.00,1.80695e-03,1.815418e-03,-999.00,3.53,-999.00,18.00,-999.00,-999.00,296.52,-999.00,-999.00,-999.00,-999,-999.00,2,-999.00,-999.00,-999.00,1297;2151;2561;2655,-999.00,-999.00,-999.00,-999.00,454032.48,37.64,28.86,33.25,-91.01,-101.85,-96.43,0,25.89,1.00,0.04,66.18,167.70,794.50,1092.25
Rodentia,Cricetidae,Peromyscus,aztecus,peromyscus aztecus,1.00,34.00,-999.00,112.00,-999.00,-999.00,-999.00,-999.00,2.00,-999.00,-999.00,-999.00,-999.00,-999.00,-999.00,3.49,-999.00,-999.00,-999.00,-999.00,899.99,-999.00,-999.00,-999.00,-999,-999.00,1,-999.00,-999.00,-999.00,1297;2151;2655;2926;2927,-999.00,-999.00,-999.00,-999.00,-999.00,-999.00,-999.00,-999.00,-999.00,-999.00,-999.00,-999,-999.00,-999.00,-999.00,-999.00,-999.00,-999.00,-999.00
Rodentia,Cricetidae,Peromyscus,beatae,peromyscus beatae,-999.00,-999.00,-999.00,-999.00,-999.00,-999.00,-999.00,-999.00,-999.00,-999.00,-999.00,-999.00,-999.00,-999.00,-999.00,-999.00,-999.00,-999.00,-999.00,-999.00,-999.00,-999.00,-999.00,-999.00,-999,-999.00,-999,-999.00,-999.00,-999.00,-999,-999.00,-999.00,-999.00,-999.00,-999.00,-999.00,-999.00,-999.00,-999.00,-999.00,-999.00,-999,-999.00,-999.00,-999.00,-999.00,-999.00,-999.00,-999.00
Rodentia,Cricetidae,Peromyscus,boylii,peromyscus boylii,1.00,23.90,-999.00,-999.00,-999.00,-999.00,54.28,23.20,-999.00,-999.00,23.30,-999.00,2.848598e-03,2.672491e-03,-999.00,3.18,-999.00,18.00,2.19,-999.00,521.08,-999.00,56.67,-999.00,-999,-999.00,-999,-999.00,-999.00,-999.00,478;635;730;1297;1474;1540;1573;1822;2151;2425;2426;2655;2727,-999.00,-999.00,-999.00,-999.00,2628523.09,46.27,19.60,32.94,-98.10,-123.81,-110.96,0,18.65,0.00,0.10,30.57,112.74,426.62,1021.01
Rodentia,Cricetidae,Peromyscus,bullatus,peromyscus bullatus,1.00,40.00,-999.00,-999.00,-999.00,-999.00,-999.00,-999.00,-999.00,-999.00,-999.00,-999.00,-999.00,-999.00,-999.00,-999.00,-999.00,-999.00,-999.00,-999.00,-999.00,-999.00,-999.00,-999.00,-999,-999.00,-999,-999.00,-999.00,-999.00,2151;2655,-999.00,-999.00,-999.00,-999.00,2913.33,19.95,19.47,19.71,-96.99,-97.61,-97.30,92,134.57,92.00,0.08,129.59,144.35,1130.43,1459.30
Rodentia,Cricetidae,Peromyscus,californicus,peromyscus californicus,1.00,42.68,-999.00,116.00,13.50,-999.00,49.71,47.80,6.00,-999.00,32.95,-999.00,1.126808e-03,1.215944e-03,24.00,1.94,4.37,-999.00,4.31,-999.00,3706.83,-999.00,50.00,-999.00,-999,-999.00,2,29.83,17.61,-999.00,730;835;1200;1297;1540;1573;1822;1849;1943;1999;2151;2477;2655,-999.00,-999.00,-999.00,-999.00,158708.41,38.11,29.93,34.02,-114.71,-122.51,-118.61,1,169.74,2.00,0.11,31.03,125.13,326.10,1149.77
Rodentia,Cricetidae,Peromyscus,caniceps,peromyscus caniceps,1.00,-999.00,-999.00,89.99,-999.00,-999.00,-999.00,-999.00,-999.00,-999.00,-999.00,-999.00,-999.00,-999.00,-999.00,-999.00,-999.00,-999.00,-999.00,-999.00,-999.00,-999.00,-999.00,-999.00,-999,-999.00,-999,-999.00,-999.00,-999.00,63;2151,22.88,-999.00,-999.00,-999.00,18.17,25.71,25.64,25.67,-111.02,-111.07,-111.04,4,4.00,4.00,0.00,9.00,202.00,-999.00,-999.00
Rodentia,Cricetidae,Peromyscus,crinitus,peromyscus crinitus,1.00,16.32,-999.00,82.84,16.00,-999.00,28.02,19.75,4.00,-999.00,25.33,-999.00,3.136673e-03,3.361239e-03,26.00,3.08,2.05,-999.00,2.19,-999.00,1198.07,-999.00,71.19,1.00,4,-999.00,2,23.91,14.09,-999.00,730;808;835;880;1215;1297;1495;1822;1943;2151;2477;2655,-999.00,-999.00,-999.00,-999.00,929829.30,45.35,28.41,36.88,-107.05,-121.59,-114.32,0,6.93,0.00,0.12,20.16,95.90,289.40,960.17
Rodentia,Cricetidae,Peromyscus,dickeyi,peromyscus dickeyi,1.00,28.60,-999.00,100.79,-999.00,-999.00,-999.00,-999.00,-999.00,-999.00,-999.00,-999.00,-999.00,-999.00,-999.00,-999.00,-999.00,-999.00,-999.00,-999.00,-999.00,-999.00,-999.00,-999.00,-999,-999.00,-999,-999.00,-999.00,-999.00,688;2151,-999.00,-999.00,-999.00,-999.00,7.247273e-03,27.43,27.43,27.43,-111.86,-111.86,-111.86,1,1.00,1.00,0.00,-999.00,-999.00,-999.00,-999.00
Rodentia,Cricetidae,Peromyscus,difficilis,peromyscus difficilis,1.00,27.95,-999.00,-999.00,-999.00,-999.00,-999.00,-999.00,-999.00,-999.00,-999.00,-999.00,-999.00,-999.00,-999.00,3.88,-999.00,-999.00,-999.00,-999.00,162.09,-999.00,-999.00,-999.00,-999,-999.00,-999,25.90,-999.00,-999.00,633;730;835;1297;2151;2655,-999.00,-999.00,-999.00,-999.00,437500.41,28.80,16.13,22.46,-96.22,-108.28,-102.25,2,85.27,3.00,0.07,52.87,159.13,750.50,1289.23
Rodentia,Cricetidae,Peromyscus,eremicus,peromyscus eremicus,1.00,22.73,-999.00,91.40,13.50,-999.00,29.61,21.50,6.00,-999.00,27.35,2.00,2.263355e-03,2.723128e-03,38.50,2.52,3.00,-999.00,2.51,-999.00,431.41,-999.00,54.07,1.00,4,2.00,2,20.88,-999.00,-999.00,447;635;730;742;786;808;835;1116;1215;1297;1822;1849;1943;2151;2473;2477;2655;2888;2928,-999.00,-999.00,-999.00,-999.00,-999.00,-999.00,-999.00,-999.00,-999.00,-999.00,-999.00,-999,-999.00,-999.00,-999.00,-999.00,-999.00,-999.00,-999.00
Rodentia,Cricetidae,Peromyscus,eva,peromyscus eva,1.00,21.99,-999.00,-999.00,-999.00,-999.00,-999.00,-999.00,-999.00,-999.00,-999.00,-999.00,-999.00,-999.00,-999.00,-999.00,-999.00,-999.00,-999.00,-999.00,-999.00,-999.00,-999.00,-999.00,-999,-999.00,-999,-999.00,-999.00,-999.00,2151;2655,-999.00,-999.00,-999.00,-999.00,64741.35,28.50,22.86,25.68,-109.39,-113.69,-111.54,1,5.83,1.00,0.06,12.43,198.97,-999.00,-999.00
Rodentia,Cricetidae,Peromyscus,fraterculus,peromyscus fraterculus,-999.00,-999.00,-999.00,-999.00,-999.00,-999.00,-999.00,-999.00,-999.00,-999.00,-999.00,-999.00,-999.00,-999.00,-999.00,-999.00,-999.00,-999.00,-999.00,-999.00,-999.00,-999.00,-999.00,-999.00,-999,-999.00,-999,-999.00,-999.00,-999.00,-999,-999.00,-999.00,-999.00,-999.00,-999.00,-999.00,-999.00,-999.00,-999.00,-999.00,-999.00,-999,-999.00,-999.00,-999.00,-999.00,-999.00,-999.00,-999.00
Rodentia,Cricetidae,Peromyscus,furvus,peromyscus furvus,1.00,32.99,-999.00,-999.00,-999.00,-999.00,-999.00,-999.00,-999.00,-999.00,-999.00,-999.00,-999.00,-999.00,-999.00,1.94,-999.00,-999.00,-999.00,-999.00,-999.00,-999.00,-999.00,-999.00,-999,-999.00,-999,-999.00,-999.00,-999.00,1297;2151;2655,-999.00,-999.00,-999.00,-999.00,22500.45,21.54,17.95,19.75,-96.50,-99.31,-97.90,22,97.63,37.00,0.08,102.43,199.12,1103.80,1441.55
Rodentia,Cricetidae,Peromyscus,gossypinus,peromyscus gossypinus,1.00,27.68,-999.00,98.51,13.50,-999.00,36.98,21.50,1.00,-999.00,23.00,2.00,3.96074e-03,4.990858e-03,-999.00,3.70,4.00,15.50,2.19,-999.00,513.28,-999.00,49.58,-999.00,-999,2.00,3,22.33,-999.00,-999.00,730;786;1188;1297;1417;1756;1822;1849;1916;1918;2151;2166;2591;2655;2727;3063,-999.00,-999.00,-999.00,-999.00,1151301.69,37.78,24.94,31.36,-75.71,-96.61,-86.16,0,54.30,5.00,0.06,103.39,180.86,1009.15,1129.87
Rodentia,Cricetidae,Peromyscus,grandis,peromyscus grandis,1.00,71.00,-999.00,-999.00,-999.00,-999.00,-999.00,-999.00,-999.00,-999.00,-999.00,-999.00,-999.00,-999.00,-999.00,2.43,-999.00,-999.00,-999.00,-999.00,-999.00,-999.00,-999.00,-999.00,-999,-999.00,-999,-999.00,-999.00,-999.00,1297;2151;2655,-999.00,-999.00,-999.00,-999.00,5437.62,15.68,15.00,15.34,-89.27,-90.40,-89.84,30,60.01,30.00,0.19,132.32,228.78,1491.38,1638.58
Rodentia,Cricetidae,Peromyscus,gratus,peromyscus gratus,1.00,27.35,-999.00,-999.00,-999.00,-999.00,-999.00,-999.00,-999.00,-999.00,-999.00,-999.00,-999.00,-999.00,-999.00,-999.00,-999.00,-999.00,-999.00,-999.00,-999.00,-999.00,-999.00,-999.00,-999,-999.00,-999,-999.00,-999.00,-999.00,2151;2655,-999.00,-999.00,-999.00,-999.00,600842.22,34.71,17.04,25.87,-96.70,-109.19,-102.94,0,71.10,1.00,0.09,53.97,158.49,708.83,1314.71
Rodentia,Cricetidae,Peromyscus,guardia,peromyscus guardia,1.00,-999.00,-999.00,-999.00,-999.00,-999.00,-999.00,-999.00,-999.00,-999.00,-999.00,-999.00,-999.00,-999.00,-999.00,-999.00,-999.00,-999.00,-999.00,-999.00,-999.00,-999.00,-999.00,-999.00,-999,-999.00,-999,-999.00,-999.00,-999.00,2151,-999.00,-999.00,-999.00,-999.00,937.72,29.58,29.00,29.29,-113.12,-113.60,-113.36,6,6.00,6.00,0.20,11.00,185.00,-999.00,-999.00
Rodentia,Cricetidae,Peromyscus,guatemalensis,peromyscus guatemalensis,1.00,40.00,-999.00,-999.00,-999.00,-999.00,-999.00,-999.00,-999.00,-999.00,-999.00,-999.00,-999.00,-999.00,-999.00,1.94,-999.00,-999.00,-999.00,-999.00,-999.00,-999.00,-999.00,-999.00,-999,-999.00,-999,-999.00,-999.00,-999.00,1297;2151;2655,-999.00,-999.00,-999.00,-999.00,19099.86,15.95,14.61,15.28,-90.77,-93.02,-91.90,22,145.94,22.00,0.11,134.11,201.03,1410.81,1739.49
Rodentia,Cricetidae,Peromyscus,gymnotis,peromyscus gymnotis,1.00,40.00,-999.00,-999.00,-999.00,-999.00,-999.00,-999.00,-999.00,-999.00,-999.00,-999.00,-999.00,-999.00,-999.00,-999.00,-999.00,-999.00,-999.00,-999.00,-999.00,-999.00,-999.00,-999.00,-999,-999.00,-999,-999.00,-999.00,-999.00,2151;2655,-999.00,-999.00,-999.00,-999.00,40365.90,15.76,11.10,13.43,-85.63,-93.48,-89.55,22,144.86,27.00,0.11,152.62,238.62,1148.38,1748.31
Rodentia,Cricetidae,Peromyscus,hooperi,peromyscus hooperi,1.00,35.99,-999.00,-999.00,-999.00,-999.00,-999.00,-999.00,-999.00,-999.00,33.50,-999.00,-999.00,-999.00,-999.00,3.09,-999.00,-999.00,2.62,-999.00,-999.00,-999.00,78.23,-999.00,-999,-999.00,-999,22.67,10.07,-999.00,1297;2151;2655,-999.00,-999.00,-999.00,-999.00,19897.04,28.35,24.70,26.53,-101.11,-102.98,-102.05,0,11.13,0.00,0.06,17.54,180.39,449.42,957.32
Rodentia,Cricetidae,Peromyscus,hylocetes,peromyscus hylocetes,-999.00,-999.00,-999.00,-999.00,-999.00,-999.00,-999.00,-999.00,-999.00,-999.00,-999.00,-999.00,-999.00,-999.00,-999.00,-999.00,-999.00,-999.00,-999.00,-999.00,-999.00,-999.00,-999.00,-999.00,-999,-999.00,-999,-999.00,-999.00,-999.00,-999,-999.00,-999.00,-999.00,-999.00,-999.00,-999.00,-999.00,-999.00,-999.00,-999.00,-999.00,-999,-999.00,-999.00,-999.00,-999.00,-999.00,-999.00,-999.00
Rodentia,Cricetidae,Peromyscus,interparietalis,peromyscus interparietalis,1.00,-999.00,-999.00,-999.00,11.50,-999.00,-999.00,-999.00,-999.00,-999.00,-999.00,-999.00,-999.00,-999.00,31.90,2.39,-999.00,-999.00,2.73,-999.00,-999.00,-999.00,-999.00,-999.00,-999,-999.00,-999,18.43,-999.00,-999.00,447;1297;2151,-999.00,3.78,-999.00,-999.00,40.64,28.74,28.58,28.66,-112.75,-112.98,-112.87,24,24.00,24.00,0.20,-999.00,-999.00,-999.00,-999.00
Rodentia,Cricetidae,Peromyscus,keeni,peromyscus keeni,1.00,28.25,-999.00,93.49,-999.00,-999.00,46.69,28.30,-999.00,-999.00,-999.00,-999.00,3.267089e-03,2.818206e-03,-999.00,5.99,2.00,-999.00,-999.00,-999.00,1021.13,-999.00,-999.00,-999.00,-999,-999.00,-999,-999.00,-999.00,-999.00,51;1241;1297;1822;2151;2655,-999.00,-999.00,-999.00,-999.00,174924.33,58.28,45.65,51.97,-120.24,-136.43,-128.33,0,36.77,0.00,0.09,115.59,43.06,417.38,556.89
Rodentia,Cricetidae,Peromyscus,leucopus,peromyscus leucopus,1.00,18.07,-999.00,94.41,13.00,106.45,33.91,21.40,6.00,39.20,23.17,3.00,8.86749e-04,9.38873e-04,26.60,4.27,4.50,38.00,1.80,-999.00,1444.64,2.80,45.15,-999.00,4,2.00,2,21.49,8.94,-999.00,226;372;377;458;493;635;693;730;781;786;835;837;959;979;1116;1163;1166;1209;1211;1247;1297;1345;1471;1573;1594;1722;1755;1759;1822;18491942;2004;2021;2151;2154;2155;2201;2406;2477;2539;2569;2655;2701;2727;28252826;3066;3067;3094,-999.00,-999.00,-999.00,-999.00,5841433.18,51.13,15.86,33.49,-62.31,-112.76,-87.53,0,43.92,0.00,0.05,64.42,130.26,697.87,956.87
Rodentia,Cricetidae,Peromyscus,levipes,peromyscus levipes,1.00,-999.00,-999.00,-999.00,-999.00,-999.00,-999.00,-999.00,-999.00,-999.00,-999.00,-999.00,-999.00,-999.00,-999.00,-999.00,-999.00,-999.00,-999.00,-999.00,-999.00,-999.00,-999.00,-999.00,-999,-999.00,-999,-999.00,-999.00,-999.00,2151,-999.00,-999.00,-999.00,-999.00,-999.00,-999.00,-999.00,-999.00,-999.00,-999.00,-999.00,-999,-999.00,-999.00,-999.00,-999.00,-999.00,-999.00,-999.00
Chiroptera,Mormoopidae,Pteronotus,parnellii,pteronotus parnellii,-999.00,19.59,60.09,57.00,-999.00,-999.00,30.72,19.20,1.00,-999.00,107.97,1.00,-999.00,-999.00,-999.00,0.99,1.00,-999.00,-999.00,-999.00,-999.00,-999.00,-999.00,-999.00,-999,2.00,3,-999.00,-999.00,-999.00,196;404;889;892;1297;1324;1432;1658;1822;2143;2151;2655;2719;2751;3043,-999.00,-999.00,-999.00,-999.00,8414216.78,29.31,-16.49,6.41,-34.79,-111.54,-73.16,0,32.23,0.00,0.12,152.61,240.05,1282.68,1552.85
Chiroptera,Mormoopidae,Pteronotus,personatus,pteronotus personatus,-999.00,7.99,44.49,45.21,-999.00,-999.00,22.96,14.00,1.00,-999.00,-999.00,1.00,-999.00,-999.00,-999.00,0.98,-999.00,-999.00,-999.00,-999.00,-999.00,-999.00,-999.00,-999.00,-999,2.00,3,-999.00,-999.00,-999.00,196;404;889;1297;1432;1658;1822;2020;2151;2622;2655;2719,-999.00,-999.00,-999.00,-999.00,4866973.12,27.64,-16.35,5.64,-34.79,-110.42,-72.60,0,40.21,1.00,0.12,139.39,237.93,1225.62,1550.05
Chiroptera,Mormoopidae,Pteronotus,pristinus,pteronotus pristinus,-999.00,-999.00,-999.00,-999.00,-999.00,-999.00,-999.00,-999.00,-999.00,-999.00,-999.00,-999.00,-999.00,-999.00,-999.00,-999.00,-999.00,-999.00,-999.00,-999.00,-999.00,-999.00,-999.00,-999.00,-999,-999.00,-999,-999.00,-999.00,-999.00,-999,-999.00,-999.00,-999.00,-999.00,-999.00,-999.00,-999.00,-999.00,-999.00,-999.00,-999.00,-999,-999.00,-999.00,-999.00,-999.00,-999.00,-999.00,-999.00
Chiroptera,Mormoopidae,Pteronotus,quadridens,pteronotus quadridens,-999.00,5.64,37.50,-999.00,-999.00,-999.00,6.12,4.90,1.00,-999.00,156.43,1.00,-999.00,-999.00,-999.00,1.21,1.00,-999.00,2.14,-999.00,-999.00,-999.00,-999.00,-999.00,-999,2.00,3,-999.00,-999.00,-999.00,889;1297;1658;2151;2468;2469;2655,-999.00,-999.00,-999.00,-999.00,201573.11,23.19,17.60,20.39,-65.59,-84.95,-75.27,2,168.91,23.00,0.04,106.77,245.98,1361.58,1646.11
Carnivora,Mustelidae,Pteronura,brasiliensis,pteronura brasiliensis,3.00,26000.00,-999.00,1137.99,28.00,-999.00,-999.00,-999.00,1.00,-999.00,70.00,2.00,85.85,102.65,365.00,2.12,-999.00,154.00,204.25,-999.00,-999.00,-999.00,-999.00,-999.00,-999,1.00,3,120.48,-999.00,-999.00,543;1113;1297;2151;2655;2986,-999.00,1.10,-999.00,-999.00,8075624.21,9.69,-26.74,-8.52,-35.95,-78.09,-57.02,0,6.27,0.00,0.13,162.68,245.44,1346.17,1535.73
Chiroptera,Pteropodidae,Pteropus,admiralitatum,pteropus admiralitatum,-999.00,306.46,115.00,179.97,-999.00,-999.00,-999.00,-999.00,-999.00,-999.00,-999.00,1.00,-999.00,-999.00,-999.00,1.00,-999.00,-999.00,-999.00,-999.00,-999.00,29.00,-999.00,-999.00,-999,2.00,-999,-999.00,-999.00,-999.00,78;406;978;1658;2151;2280;2655,-999.00,-999.00,-999.00,-999.00,28281.49,-1.31,-9.94,-5.63,161.39,145.04,153.21,0,12.99,10.00,0.14,189.91,255.51,-999.00,-999.00
Chiroptera,Pteropodidae,Pteropus,aldabrensis,pteropus aldabrensis,-999.00,310.29,136.11,-999.00,-999.00,-999.00,-999.00,-999.00,-999.00,-999.00,-999.00,1.00,-999.00,-999.00,-999.00,-999.00,-999.00,-999.00,-999.00,-999.00,-999.00,-999.00,-999.00,-999.00,-999,2.00,-999,-999.00,-999.00,-999.00,271;2151;2655,-999.00,-999.00,-999.00,-999.00,123.35,-9.34,-9.46,-9.40,46.52,46.20,46.36,0,0.00,0.00,-999.00,-999.00,-999.00,-999.00,-999.00
Chiroptera,Pteropodidae,Pteropus,alecto,pteropus alecto,-999.00,610.13,165.99,254.60,-999.00,-999.00,-999.00,-999.00,1.00,-999.00,-999.00,1.00,-999.00,-999.00,-999.00,1.00,1.00,-999.00,-999.00,-999.00,-999.00,875.00,-999.00,-999.00,-999,2.00,1,89.17,-999.00,-999.00,78;196;360;406;1297;1386;1388;1658;2017;2143;2151;2388;2622;2655;2719;2744;2821;3023,-999.00,-999.00,-999.00,-999.00,1205090.31,-5.72,-31.19,-18.45,153.63,112.56,133.10,0,11.08,0.00,0.08,76.36,249.99,785.17,1674.18
Chiroptera,Pteropodidae,Pteropus,anetianus,pteropus anetianus,-999.00,397.22,121.52,-999.00,-999.00,-999.00,-999.00,-999.00,-999.00,-999.00,-999.00,1.00,-999.00,-999.00,-999.00,0.98,-999.00,-999.00,-999.00,-999.00,-999.00,-999.00,-999.00,-999.00,-999,2.00,-999,-999.00,-999.00,-999.00,152;978;1297;1658;2151;2536;2655,-999.00,-999.00,-999.00,-999.00,10979.84,-13.63,-20.24,-16.93,169.90,166.52,168.21,14,14.00,14.00,0.16,307.00,225.00,-999.00,-999.00
Chiroptera,Pteropodidae,Pteropus,aruensis,pteropus aruensis,-999.00,-999.00,-999.00,-999.00,-999.00,-999.00,-999.00,-999.00,-999.00,-999.00,-999.00,-999.00,-999.00,-999.00,-999.00,-999.00,-999.00,-999.00,-999.00,-999.00,-999.00,-999.00,-999.00,-999.00,-999,-999.00,-999,-999.00,-999.00,-999.00,-999,-999.00,-999.00,-999.00,-999.00,5715.75,-5.51,-6.93,-6.22,134.77,134.04,134.41,19,19.00,19.00,0.11,173.00,261.74,-999.00,-999.00
Chiroptera,Pteropodidae,Pteropus,banakrisi,pteropus banakrisi,-999.00,-999.00,-999.00,-999.00,-999.00,-999.00,-999.00,-999.00,-999.00,-999.00,-999.00,-999.00,-999.00,-999.00,-999.00,-999.00,-999.00,-999.00,-999.00,-999.00,-999.00,-999.00,-999.00,-999.00,-999,-999.00,-999,-999.00,-999.00,-999.00,-999,-999.00,-999.00,-999.00,-999.00,171.80,-10.11,-10.26,-10.18,142.34,142.18,142.26,5,5.00,5.00,0.25,-999.00,-999.00,-999.00,-999.00
Chiroptera,Pteropodidae,Pteropus,brunneus,pteropus brunneus,-999.00,200.00,117.99,117.64,-999.00,-999.00,-999.00,-999.00,-999.00,-999.00,-999.00,1.00,-999.00,-999.00,-999.00,-999.00,-999.00,-999.00,-999.00,-999.00,-999.00,-999.00,-999.00,-999.00,-999,2.00,-999,-999.00,-999.00,-999.00,1658;2151;2655;2744,-999.00,-999.00,-999.00,-999.00,-999.00,-999.00,-999.00,-999.00,-999.00,-999.00,-999.00,-999,-999.00,-999.00,-999.00,-999.00,-999.00,-999.00,-999.00
Chiroptera,Pteropodidae,Pteropus,caniceps,pteropus caniceps,-999.00,525.12,140.22,216.67,-999.00,-999.00,-999.00,-999.00,-999.00,-999.00,-999.00,1.00,-999.00,-999.00,-999.00,-999.00,-999.00,-999.00,-999.00,-999.00,-999.00,-999.00,-999.00,-999.00,-999,2.00,-999,-999.00,-999.00,-999.00,978;1658;2151;2655,-999.00,-999.00,-999.00,-999.00,24432.10,2.64,-2.48,0.07,128.90,125.32,127.11,5,27.16,5.00,0.04,192.66,250.11,-999.00,-999.00
Chiroptera,Pteropodidae,Pteropus,capistratus,pteropus capistratus,-999.00,-999.00,-999.00,-999.00,-999.00,-999.00,-999.00,-999.00,-999.00,-999.00,-999.00,-999.00,-999.00,-999.00,-999.00,-999.00,1.00,-999.00,-999.00,-999.00,-999.00,-999.00,-999.00,1.25,-999,-999.00,-999,-999.00,-999.00,-999.00,406;978,-999.00,-999.00,-999.00,-999.00,14821.62,-2.93,-6.56,-4.75,153.02,147.66,150.34,8,11.29,8.00,0.17,222.33,250.25,-999.00,-999.00
Rodentia,Cricetidae,Peromyscus,madrensis,peromyscus madrensis,1.00,-999.00,-999.00,-999.00,-999.00,-999.00,-999.00,-999.00,-999.00,-999.00,-999.00,-999.00,-999.00,-999.00,-999.00,2.91,-999.00,-999.00,-999.00,-999.00,-999.00,-999.00,-999.00,-999.00,-999,-999.00,-999,-999.00,-999.00,-999.00,1297;2151,-999.00,-999.00,-999.00,-999.00,417.37,21.81,21.25,21.53,-106.20,-106.69,-106.45,7,7.00,7.00,0.00,-999.00,-999.00,-999.00,-999.00
Rodentia,Cricetidae,Peromyscus,maniculatus,peromyscus maniculatus,1.00,19.98,-999.00,95.75,15.19,86.72,36.46,19.20,4.00,-999.00,26.68,2.00,2.028926e-03,2.581781e-03,27.14,4.76,2.60,-999.00,1.73,-999.00,661.87,2.80,48.05,-999.00,-999,2.00,2,22.49,8.80,-999.00,51;75;364;377;433;434;479;493;543;635;642;693;730;786;787;788;808;834;835;837;1027;1116;1212;1215;1297;1444;1573;1577;1578;15941597;1632;1795;1805;1811;1822;1849;1943;2022;2023;2101;2102;2134;2151;22752406;2473;2477;2496;2524;2655;2701;2772;2775;2823;2824;2888;2943;2978;3066;3067,-999.00,-999.00,-999.00,-999.00,13001064.75,65.64,16.20,40.92,-55.61,-139.68,-97.65,0,24.92,0.00,0.05,51.30,61.72,486.99,718.81
Rodentia,Cricetidae,Peromyscus,mayensis,peromyscus mayensis,1.00,-999.00,-999.00,-999.00,-999.00,-999.00,-999.00,-999.00,-999.00,-999.00,-999.00,-999.00,-999.00,-999.00,-999.00,-999.00,-999.00,-999.00,-999.00,-999.00,-999.00,-999.00,-999.00,-999.00,-999,-999.00,-999,-999.00,-999.00,-999.00,2151,-999.00,-999.00,-999.00,-999.00,153.21,15.79,15.66,15.73,-91.38,-91.51,-91.44,60,77.00,60.00,0.15,81.50,192.50,1471.00,1649.00
Rodentia,Cricetidae,Peromyscus,megalops,peromyscus megalops,1.00,66.20,-999.00,-999.00,22.80,-999.00,90.69,66.20,-999.00,-999.00,-999.00,-999.00,-999.00,-999.00,-999.00,2.00,-999.00,-999.00,3.89,-999.00,-999.00,-999.00,54.19,-999.00,-999,-999.00,-999,21.99,-999.00,-999.00,1297;1755;1822;2151;2655,-999.00,-999.00,-999.00,-999.00,43655.36,17.96,15.94,16.95,-94.57,-99.89,-97.23,9,42.21,12.00,0.05,100.12,192.06,918.60,1633.28
Rodentia,Cricetidae,Peromyscus,mekisturus,peromyscus mekisturus,1.00,59.99,-999.00,-999.00,-999.00,-999.00,-999.00,-999.00,-999.00,-999.00,-999.00,-999.00,-999.00,-999.00,-999.00,-999.00,-999.00,-999.00,-999.00,-999.00,-999.00,-999.00,-999.00,-999.00,-999,-999.00,-999,-999.00,-999.00,-999.00,2151;2655,-999.00,-999.00,-999.00,-999.00,7871.40,19.41,18.25,18.83,-96.92,-97.63,-97.27,32,112.28,32.00,0.07,130.21,165.79,1035.51,1370.07
Rodentia,Cricetidae,Peromyscus,melanocarpus,peromyscus melanocarpus,1.00,58.90,-999.00,125.12,21.90,-999.00,-999.00,-999.00,-999.00,-999.00,30.39,-999.00,-999.00,-999.00,33.55,2.23,-999.00,-999.00,4.50,-999.00,-999.00,-999.00,91.44,-999.00,4,-999.00,-999,25.80,-999.00,-999.00,1297;2151;2441;2443;2655,-999.00,3.68,-999.00,-999.00,8317.42,18.02,16.75,17.38,-95.90,-96.72,-96.31,12,45.30,12.00,0.02,107.51,198.03,1056.63,1584.93
Rodentia,Cricetidae,Peromyscus,melanophrys,peromyscus melanophrys,1.00,40.00,-999.00,-999.00,-999.00,-999.00,-999.00,-999.00,-999.00,-999.00,24.70,-999.00,-999.00,-999.00,-999.00,2.91,-999.00,-999.00,-999.00,-999.00,-999.00,-999.00,-999.00,-999.00,-999,-999.00,-999,26.00,-999.00,-999.00,835;1297;2151;2655,-999.00,-999.00,-999.00,-999.00,515026.28,25.89,15.57,20.73,-91.92,-105.20,-98.56,2,90.91,4.00,0.06,68.14,177.97,789.35,1348.90
Rodentia,Cricetidae,Peromyscus,melanotis,peromyscus melanotis,1.00,39.59,-999.00,-999.00,-999.00,-999.00,-999.00,-999.00,-999.00,-999.00,25.01,-999.00,5.13365e-04,4.42831e-04,26.57,3.69,7.50,-999.00,1.66,-999.00,2045.14,-999.00,-999.00,-999.00,-999,-999.00,-999,-999.00,-999.00,-999.00,730;925;926;1297;2151;2655,-999.00,-999.00,-999.00,-999.00,495038.61,30.18,18.54,24.36,-96.81,-108.83,-102.82,2,88.80,3.00,0.09,53.00,162.13,731.01,1289.62
Rodentia,Cricetidae,Peromyscus,melanurus,peromyscus melanurus,1.00,40.00,-999.00,-999.00,-999.00,-999.00,-999.00,-999.00,-999.00,-999.00,-999.00,-999.00,-999.00,-999.00,-999.00,2.75,-999.00,-999.00,-999.00,-999.00,-999.00,-999.00,-999.00,-999.00,-999,-999.00,-999,-999.00,-999.00,-999.00,1297;2151;2655,-999.00,-999.00,-999.00,-999.00,5191.19,16.44,15.70,16.07,-96.22,-97.49,-96.85,20,28.83,20.00,0.02,73.19,187.47,948.00,2032.33
Rodentia,Cricetidae,Peromyscus,merriami,peromyscus merriami,1.00,40.00,-999.00,-999.00,-999.00,-999.00,-999.00,-999.00,-999.00,-999.00,-999.00,-999.00,-999.00,-999.00,-999.00,3.40,-999.00,-999.00,-999.00,-999.00,-999.00,-999.00,-999.00,-999.00,-999,-999.00,-999,-999.00,-999.00,-999.00,1297;2151;2655,-999.00,-999.00,-999.00,-999.00,198360.36,33.38,23.55,28.46,-106.18,-113.78,-109.98,0,27.68,1.00,0.12,26.37,210.40,505.08,1224.99
Rodentia,Cricetidae,Peromyscus,mexicanus,peromyscus mexicanus,1.00,42.58,-999.00,124.92,17.25,-999.00,-999.00,-999.00,2.00,-999.00,30.19,1.00,-999.00,-999.00,33.30,2.56,7.40,-999.00,4.34,-999.00,-999.00,-999.00,53.04,-999.00,-999,1.00,1,31.22,-999.00,-999.00,905;1297;1312;2151;2441;2655,-999.00,-999.00,-999.00,-999.00,424193.41,22.71,9.20,15.95,-83.35,-100.15,-91.75,6,77.22,13.50,0.10,134.83,221.64,1197.05,1611.46
Rodentia,Cricetidae,Peromyscus,nasutus,peromyscus nasutus,1.00,-999.00,-999.00,-999.00,-999.00,-999.00,-999.00,-999.00,-999.00,-999.00,-999.00,-999.00,-999.00,-999.00,-999.00,-999.00,-999.00,-999.00,-999.00,-999.00,-999.00,-999.00,-999.00,-999.00,-999,-999.00,-999,-999.00,-999.00,-999.00,2151,-999.00,-999.00,-999.00,-999.00,610450.25,41.15,25.65,33.40,-100.31,-111.14,-105.73,0,13.83,0.00,0.13,26.10,135.54,425.31,1078.41
Rodentia,Cricetidae,Peromyscus,ochraventer,peromyscus ochraventer,1.00,40.00,-999.00,-999.00,-999.00,-999.00,-999.00,-999.00,-999.00,-999.00,-999.00,-999.00,-999.00,-999.00,-999.00,4.86,-999.00,-999.00,-999.00,-999.00,-999.00,-999.00,-999.00,-999.00,-999,-999.00,-999,-999.00,-999.00,-999.00,1297;2151;2655,-999.00,-999.00,-999.00,-999.00,12708.86,23.45,21.98,22.72,-98.77,-100.03,-99.40,9,21.52,9.00,0.09,52.69,217.38,856.42,1500.86
Rodentia,Cricetidae,Peromyscus,pectoralis,peromyscus pectoralis,1.00,38.99,-999.00,-999.00,-999.00,-999.00,-999.00,-999.00,1.00,-999.00,23.00,2.00,2.436912e-03,2.048882e-03,-999.00,3.88,1.00,-999.00,-999.00,-999.00,-999.00,-999.00,-999.00,-999.00,-999,2.00,1,-999.00,-999.00,-999.00,1297;2074;2151;2561;2655,-999.00,-999.00,-999.00,-999.00,835343.34,34.20,19.68,26.94,-96.94,-106.26,-101.60,0,36.36,0.00,0.07,40.94,184.27,610.96,1194.05
Rodentia,Cricetidae,Peromyscus,pembertoni,peromyscus pembertoni,1.00,-999.00,-999.00,-999.00,-999.00,-999.00,-999.00,-999.00,-999.00,-999.00,-999.00,-999.00,-999.00,-999.00,-999.00,-999.00,-999.00,-999.00,-999.00,-999.00,-999.00,-999.00,-999.00,-999.00,-999,-999.00,-999,-999.00,-999.00,-999.00,2151,-999.00,-999.00,-999.00,-999.00,-999.00,-999.00,-999.00,-999.00,-999.00,-999.00,-999.00,-999,-999.00,-999.00,-999.00,-999.00,-999.00,-999.00,-999.00
Rodentia,Cricetidae,Peromyscus,perfulvus,peromyscus perfulvus,1.00,40.00,-999.00,-999.00,-999.00,-999.00,-999.00,-999.00,-999.00,-999.00,43.24,2.00,-999.00,-999.00,-999.00,2.79,-999.00,-999.00,2.73,-999.00,840.23,-999.00,-999.00,-999.00,-999,2.00,-999,24.85,-999.00,-999.00,568;730;1297;2151;2655,-999.00,-999.00,-999.00,-999.00,66891.60,21.04,17.90,19.47,-99.77,-105.70,-102.73,7,42.63,9.00,0.08,91.14,217.75,869.56,1573.06
Rodentia,Cricetidae,Peromyscus,polionotus,peromyscus polionotus,1.00,14.27,-999.00,-999.00,13.85,-999.00,21.48,12.00,-999.00,-999.00,23.80,-999.00,3.254633e-03,2.987644e-03,24.25,3.59,2.00,-999.00,1.54,-999.00,889.00,-999.00,29.98,-999.00,-999,-999.00,-999,24.24,5.93,-999.00,378;527;635;730;737;786;835;1116;1297;1559;1755;1822;2151;2397;2477;2655;2785;3024,-999.00,-999.00,-999.00,-999.00,377395.17,35.35,25.74,30.55,-79.84,-88.65,-84.25,3,63.85,7.00,0.07,105.85,185.47,1050.90,1142.23
Rodentia,Cricetidae,Peromyscus,polius,peromyscus polius,1.00,40.00,-999.00,-999.00,-999.00,-999.00,-999.00,-999.00,-999.00,-999.00,-999.00,-999.00,-999.00,-999.00,-999.00,-999.00,-999.00,-999.00,-999.00,-999.00,-999.00,-999.00,-999.00,-999.00,-999,-999.00,-999,-999.00,-999.00,-999.00,2151;2655,-999.00,-999.00,-999.00,-999.00,34323.83,30.56,28.29,29.43,-106.18,-108.90,-107.54,1,13.12,2.00,0.21,29.42,135.62,445.17,1249.94
Rodentia,Cricetidae,Peromyscus,pseudocrinitus,peromyscus pseudocrinitus,1.00,-999.00,-999.00,84.00,-999.00,-999.00,-999.00,-999.00,-999.00,-999.00,-999.00,-999.00,-999.00,-999.00,-999.00,-999.00,-999.00,-999.00,-999.00,-999.00,-999.00,-999.00,-999.00,-999.00,-999,-999.00,-999,-999.00,-999.00,-999.00,62;2151,18.76,-999.00,-999.00,-999.00,9.15,26.12,26.08,26.10,-111.25,-111.29,-111.27,4,4.00,4.00,0.00,-999.00,-999.00,-999.00,-999.00
Rodentia,Cricetidae,Peromyscus,sagax,peromyscus sagax,-999.00,-999.00,-999.00,-999.00,-999.00,-999.00,-999.00,-999.00,-999.00,-999.00,-999.00,-999.00,-999.00,-999.00,-999.00,-999.00,-999.00,-999.00,-999.00,-999.00,-999.00,-999.00,-999.00,-999.00,-999,-999.00,-999,-999.00,-999.00,-999.00,-999,-999.00,-999.00,-999.00,-999.00,-999.00,-999.00,-999.00,-999.00,-999.00,-999.00,-999.00,-999,-999.00,-999.00,-999.00,-999.00,-999.00,-999.00,-999.00
Rodentia,Cricetidae,Peromyscus,sejugis,peromyscus sejugis,1.00,21.50,-999.00,98.70,-999.00,-999.00,-999.00,-999.00,-999.00,-999.00,-999.00,-999.00,-999.00,-999.00,-999.00,-999.00,-999.00,-999.00,-999.00,-999.00,-999.00,-999.00,-999.00,-999.00,-999,-999.00,-999,-999.00,-999.00,-999.00,65;2151,-999.00,-999.00,-999.00,-999.00,13.64,25.31,25.20,25.26,-110.69,-110.74,-110.71,7,7.00,7.00,0.00,-999.00,-999.00,-999.00,-999.00
Rodentia,Cricetidae,Peromyscus,simulus,peromyscus simulus,1.00,40.00,-999.00,99.20,-999.00,-999.00,-999.00,-999.00,-999.00,-999.00,-999.00,-999.00,-999.00,-999.00,-999.00,-999.00,-999.00,-999.00,-999.00,-999.00,-999.00,-999.00,-999.00,-999.00,-999,-999.00,-999,-999.00,-999.00,-999.00,2151;2460;2655,-999.00,-999.00,-999.00,-999.00,17160.55,24.01,20.75,22.38,-104.80,-106.81,-105.80,6,44.92,6.00,0.07,67.39,228.00,848.39,1542.82
Rodentia,Cricetidae,Peromyscus,slevini,peromyscus slevini,1.00,-999.00,-999.00,-999.00,-999.00,-999.00,-999.00,-999.00,-999.00,-999.00,-999.00,-999.00,-999.00,-999.00,-999.00,-999.00,-999.00,-999.00,-999.00,-999.00,-999.00,-999.00,-999.00,-999.00,-999,-999.00,-999,-999.00,-999.00,-999.00,2151,-999.00,-999.00,-999.00,-999.00,27.84,25.69,25.59,25.64,-110.79,-110.83,-110.81,4,4.00,4.00,0.00,-999.00,-999.00,-999.00,-999.00
Rodentia,Cricetidae,Peromyscus,spicilegus,peromyscus spicilegus,1.00,35.99,-999.00,102.69,-999.00,-999.00,-999.00,-999.00,-999.00,-999.00,-999.00,-999.00,-999.00,-999.00,-999.00,-999.00,-999.00,-999.00,-999.00,-999.00,-999.00,-999.00,-999.00,-999.00,-999,-999.00,-999,-999.00,-999.00,-999.00,2151;2459;2655,-999.00,-999.00,-999.00,-999.00,126047.27,27.42,18.80,23.11,-102.51,-108.83,-105.67,2,36.03,4.00,0.08,61.33,173.99,800.81,1451.50
Rodentia,Cricetidae,Peromyscus,stephani,peromyscus stephani,1.00,-999.00,-999.00,-999.00,-999.00,-999.00,-999.00,-999.00,-999.00,-999.00,-999.00,-999.00,-999.00,-999.00,-999.00,-999.00,-999.00,-999.00,-999.00,-999.00,-999.00,-999.00,-999.00,-999.00,-999,-999.00,-999,-999.00,-999.00,-999.00,2151,-999.00,-999.00,-999.00,-999.00,41.35,28.73,28.66,28.70,-112.53,-112.60,-112.57,24,24.00,24.00,0.20,-999.00,-999.00,-999.00,-999.00
Rodentia,Cricetidae,Peromyscus,stirtoni,peromyscus stirtoni,1.00,29.19,-999.00,101.79,-999.00,-999.00,-999.00,-999.00,-999.00,-999.00,-999.00,-999.00,-999.00,-999.00,-999.00,2.38,-999.00,-999.00,-999.00,-999.00,-999.00,-999.00,-999.00,-999.00,-999,-999.00,-999,-999.00,-999.00,-999.00,1297;1518;2151;2655,-999.00,-999.00,-999.00,-999.00,26436.82,14.91,12.29,13.60,-85.76,-90.06,-87.91,45,119.07,46.00,0.12,115.60,215.45,1109.16,1641.63
Rodentia,Cricetidae,Peromyscus,truei,peromyscus truei,1.00,27.00,-999.00,-999.00,18.50,-999.00,44.05,33.00,2.00,-999.00,32.37,-999.00,9.130385e-03,8.419474e-03,40.00,3.49,3.00,-999.00,2.31,-999.00,1419.62,-999.00,42.46,-999.00,-999,-999.00,2,32.28,-999.00,-999.00,730;808;925;1297;1358;1573;1822;1849;1943;2151;2425;2426;2655,-999.00,-999.00,-999.00,-999.00,2131499.23,46.67,16.87,31.77,-94.59,-124.43,-109.51,0,39.44,0.00,0.09,36.64,117.42,474.31,1062.36
Rodentia,Cricetidae,Peromyscus,winkelmanni,peromyscus winkelmanni,1.00,40.00,-999.00,-999.00,-999.00,-999.00,-999.00,-999.00,-999.00,-999.00,-999.00,-999.00,-999.00,-999.00,-999.00,-999.00,-999.00,-999.00,-999.00,-999.00,-999.00,-999.00,-999.00,-999.00,-999,-999.00,-999,-999.00,-999.00,-999.00,2151;2655,-999.00,-999.00,-999.00,-999.00,2463.17,18.86,18.36,18.61,-102.67,-103.21,-102.94,8,16.00,8.00,0.10,104.50,214.27,871.97,1528.97
Rodentia,Cricetidae,Peromyscus,yucatanicus,peromyscus yucatanicus,1.00,27.13,-999.00,100.69,17.48,-999.00,-999.00,-999.00,-999.00,-999.00,30.80,-999.00,-999.00,-999.00,27.50,3.00,-999.00,-999.00,2.50,-999.00,-999.00,-999.00,49.35,-999.00,-999,-999.00,-999,-999.00,13.10,-999.00,1297;1721;1750;2151;2655;3118,-999.00,4.07,-999.00,-999.00,130695.70,21.60,17.86,19.73,-86.73,-91.78,-89.25,3,24.61,4.00,0.23,94.84,254.62,1232.91,1562.54
Rodentia,Cricetidae,Peromyscus,zarhynchus,peromyscus zarhynchus,1.00,40.00,-999.00,140.00,-999.00,-999.00,-999.00,-999.00,-999.00,-999.00,-999.00,-999.00,-999.00,-999.00,-999.00,1.94,-999.00,-999.00,-999.00,-999.00,-999.00,-999.00,-999.00,-999.00,-999,-999.00,-999,-999.00,-999.00,-999.00,1297;1925;2151;2655,-999.00,-999.00,-999.00,-999.00,4752.79,17.38,16.64,17.01,-92.22,-93.08,-92.65,47,83.03,47.00,0.06,88.14,207.30,1343.59,1569.83
Chiroptera,Emballonuridae,Peropteryx,kappleri,peropteryx kappleri,1.00,9.85,49.50,-999.00,0.00,-999.00,-999.00,-999.00,1.00,-999.00,137.96,1.00,-999.00,-999.00,-999.00,1.00,2.02,-999.00,1.09,27.90,-999.00,-999.00,-999.00,6.00,-999,2.00,3,79.82,6.74,-999.00,426;889;905;1111;1297;1388;1658;2151;2384;2537;2655;2708,-999.00,-999.00,-999.00,-999.00,4378235.63,18.45,-23.38,-2.46,-38.16,-95.19,-66.67,0,41.80,0.00,0.12,145.66,230.93,1320.94,1554.36
Chiroptera,Emballonuridae,Peropteryx,leucoptera,peropteryx leucoptera,1.00,-999.00,44.00,-999.00,-999.00,-999.00,-999.00,-999.00,1.00,-999.00,-999.00,1.00,-999.00,-999.00,-999.00,-999.00,-999.00,-999.00,-999.00,-999.00,-999.00,-999.00,-999.00,-999.00,-999,2.00,3,-999.00,-999.00,-999.00,889;1658;2151,12.80,-999.00,-999.00,-999.00,4061234.83,6.00,-16.09,-5.04,-34.79,-75.22,-55.00,0,17.59,0.00,0.10,170.26,253.40,1402.32,1611.60
Chiroptera,Emballonuridae,Peropteryx,macrotis,peropteryx macrotis,1.00,5.68,43.50,-999.00,-999.00,-999.00,12.38,5.00,1.00,-999.00,129.27,1.00,-999.00,-999.00,-999.00,0.99,-999.00,-999.00,-999.00,-999.00,-999.00,-999.00,-999.00,-999.00,-999,2.00,3,-999.00,-999.00,-999.00,196;426;889;1084;1297;1645;1658;1948;2151;2622;2655;2719,-999.00,-999.00,-999.00,-999.00,12187438.94,21.60,-25.28,-1.83,-34.79,-97.01,-65.90,0,26.11,0.00,0.12,154.23,243.07,1313.52,1552.51
Chiroptera,Emballonuridae,Peropteryx,trinitatis,peropteryx trinitatis,-999.00,4.19,-999.00,-999.00,-999.00,-999.00,-999.00,-999.00,-999.00,-999.00,-999.00,-999.00,-999.00,-999.00,-999.00,-999.00,-999.00,-999.00,-999.00,-999.00,-999.00,-999.00,-999.00,-999.00,-999,-999.00,-999,-999.00,-999.00,-999.00,196,-999.00,-999.00,-999.00,-999.00,37561.11,12.63,7.25,9.94,-59.01,-70.06,-64.53,1,99.22,1.00,0.16,153.74,249.08,1590.33,1771.15
Peramelemorphia,Peramelidae,Peroryctes,broadbenti,peroryctes broadbenti,1.00,4800.00,-999.00,515.25,-999.00,-999.00,-999.00,-999.00,3.00,-999.00,12.00,1.00,-999.00,-999.00,-999.00,1.76,-999.00,-999.00,-999.00,-999.00,-999.00,-999.00,-999.00,1.00,-999,1.00,2,-999.00,-999.00,-999.00,899;977;1991;2152;2655,-999.00,-999.00,-999.00,-999.00,28581.77,-8.16,-10.08,-9.12,149.70,147.11,148.41,5,11.62,5.00,0.12,183.09,217.22,-999.00,-999.00
Peramelemorphia,Peramelidae,Peroryctes,raffrayana,peroryctes raffrayana,1.00,905.63,-999.00,346.48,-999.00,-999.00,-999.00,-999.00,1.00,-999.00,-999.00,1.00,-999.00,-999.00,-999.00,1.27,-999.00,39.60,-999.00,-999.00,-999.00,-999.00,-999.00,1.00,-999,1.00,1,-999.00,-999.00,-999.00,543;661;977;1991;2152;2655,-999.00,-999.00,-999.00,-999.00,215767.60,-0.61,-10.17,-5.39,149.73,132.66,141.19,1,10.15,2.00,0.13,263.55,202.46,1689.75,1724.96
Rodentia,Sciuridae,Petaurillus,emiliae,petaurillus emiliae,-999.00,-999.00,-999.00,-999.00,-999.00,-999.00,-999.00,-999.00,-999.00,-999.00,-999.00,-999.00,-999.00,-999.00,-999.00,-999.00,-999.00,-999.00,-999.00,-999.00,-999.00,-999.00,-999.00,-999.00,-999,-999.00,-999,-999.00,-999.00,-999.00,-999,-999.00,-999.00,-999.00,-999.00,683.58,3.80,3.53,3.66,114.91,114.65,114.78,3,3.00,3.00,0.50,278.00,227.00,1743.00,1743.00
Rodentia,Sciuridae,Petaurillus,hosei,petaurillus hosei,1.00,-999.00,-999.00,78.50,-999.00,-999.00,-999.00,-999.00,-999.00,-999.00,-999.00,-999.00,-999.00,-999.00,-999.00,-999.00,-999.00,-999.00,-999.00,-999.00,-999.00,-999.00,-999.00,-999.00,-999,-999.00,-999,-999.00,-999.00,-999.00,2152,15.42,-999.00,-999.00,-999.00,95230.53,7.03,3.25,5.14,118.16,113.59,115.87,2,39.21,3.00,0.25,279.20,235.69,1747.87,1801.14
Rodentia,Sciuridae,Petaurillus,kinlochii,petaurillus kinlochii,-999.00,30.93,-999.00,88.35,-999.00,-999.00,-999.00,-999.00,-999.00,-999.00,-999.00,-999.00,-999.00,-999.00,-999.00,-999.00,-999.00,-999.00,-999.00,-999.00,-999.00,-999.00,-999.00,-999.00,-999,-999.00,-999,-999.00,-999.00,-999.00,1971;2655;2844,-999.00,-999.00,-999.00,-999.00,8094.40,3.86,2.59,3.22,101.96,100.80,101.38,42,313.19,42.00,0.15,183.00,255.00,1610.81,1864.44
Rodentia,Sciuridae,Petaurista,alborufus,petaurista alborufus,-999.00,1501.95,-999.00,410.00,-999.00,-999.00,-999.00,-999.00,-999.00,-999.00,-999.00,-999.00,-999.00,-999.00,-999.00,-999.00,-999.00,-999.00,-999.00,-999.00,-999.00,-999.00,-999.00,-999.00,-999,-999.00,-999,-999.00,-999.00,-999.00,2844,-999.00,-999.00,-999.00,-999.00,1222600.38,34.69,21.45,28.07,122.00,97.94,109.97,9,218.29,36.00,0.06,106.18,134.11,943.73,1055.93
Rodentia,Sciuridae,Petaurista,elegans,petaurista elegans,1.00,1040.00,-999.00,398.02,-999.00,-999.00,-999.00,-999.00,5.00,-999.00,-999.00,1.00,-999.00,-999.00,-999.00,1.00,-999.00,-999.00,-999.00,-999.00,-999.00,-999.00,-999.00,-999.00,-999,2.00,2,-999.00,-999.00,-999.00,1297;1971;2152;2655;2844,-999.00,-999.00,-999.00,-999.00,1683514.80,31.40,-8.78,11.31,117.15,79.38,98.27,1,141.13,3.00,0.09,182.18,185.94,1242.52,1484.43
Rodentia,Sciuridae,Petaurista,leucogenys,petaurista leucogenys,-999.00,-999.00,-999.00,-999.00,-999.00,-999.00,-999.00,-999.00,4.00,-999.00,-999.00,-999.00,-999.00,-999.00,-999.00,-999.00,-999.00,-999.00,-999.00,-999.00,-999.00,-999.00,-999.00,-999.00,-999,-999.00,1,-999.00,-999.00,-999.00,1297;1560,-999.00,-999.00,-999.00,-999.00,1177965.36,41.54,23.34,32.44,142.07,96.89,119.48,0,177.45,2.00,0.05,111.00,65.47,710.13,917.18
Rodentia,Sciuridae,Petaurista,magnificus,petaurista magnificus,-999.00,1475.49,-999.00,-999.00,-999.00,-999.00,-999.00,-999.00,-999.00,-999.00,-999.00,-999.00,-999.00,-999.00,-999.00,0.97,-999.00,-999.00,-999.00,-999.00,-999.00,-999.00,-999.00,-999.00,-999,-999.00,-999,-999.00,-999.00,-999.00,1297;2655,-999.00,-999.00,-999.00,-999.00,49308.69,28.44,26.92,27.68,90.02,86.41,88.22,3,108.22,4.00,0.09,203.15,27.43,926.96,1153.02
Rodentia,Sciuridae,Petaurista,nobilis,petaurista nobilis,-999.00,-999.00,-999.00,-999.00,-999.00,-999.00,-999.00,-999.00,-999.00,-999.00,-999.00,-999.00,-999.00,-999.00,-999.00,-999.00,-999.00,-999.00,-999.00,-999.00,-999.00,-999.00,-999.00,-999.00,-999,-999.00,-999,-999.00,-999.00,-999.00,-999,-999.00,-999.00,-999.00,-999.00,30022.25,27.88,26.81,27.34,90.57,85.53,88.05,19,169.66,25.00,0.07,181.56,119.27,971.50,1208.04
Rodentia,Sciuridae,Petaurista,petaurista,petaurista petaurista,1.00,1533.84,-999.00,411.99,-999.00,-999.00,-999.00,-999.00,5.00,-999.00,45.00,1.00,-999.00,-999.00,-999.00,1.00,-999.00,192.00,56.29,-999.00,-999.00,-999.00,-999.00,-999.00,-999,2.00,2,68.43,-999.00,-999.00,543;1297;1764;1971;2152;2655;2844,-999.00,-999.00,-999.00,-999.00,3024585.74,36.15,-8.78,13.68,119.26,70.23,94.75,0,122.75,3.00,0.11,182.05,202.74,1292.14,1527.32
Rodentia,Sciuridae,Petaurista,philippensis,petaurista philippensis,-999.00,1675.83,-999.00,-999.00,-999.00,-999.00,-999.00,-999.00,-999.00,-999.00,-999.00,-999.00,-999.00,-999.00,-999.00,-999.00,-999.00,-999.00,-999.00,-999.00,-999.00,-999.00,-999.00,-999.00,-999,-999.00,-999,-999.00,-999.00,-999.00,2655,-999.00,-999.00,-999.00,-999.00,3127906.69,29.30,5.91,17.60,122.00,72.85,97.42,1,190.00,7.00,0.08,140.21,203.21,1075.61,1396.31
Rodentia,Sciuridae,Petaurista,xanthotis,petaurista xanthotis,-999.00,-999.00,-999.00,-999.00,-999.00,-999.00,-999.00,-999.00,-999.00,-999.00,-999.00,-999.00,-999.00,-999.00,-999.00,-999.00,-999.00,-999.00,-999.00,-999.00,-999.00,-999.00,-999.00,-999.00,-999,-999.00,-999,-999.00,-999.00,-999.00,-999,-999.00,-999.00,-999.00,-999.00,1473590.10,35.95,21.30,28.63,112.17,95.69,103.93,1,173.38,6.00,0.06,108.41,116.78,906.89,1036.95
Diprotodontia,Pseudocheiridae,Petauroides,volans,petauroides volans,1.00,1257.17,-999.00,-999.00,121.00,730.00,493.50,1070.00,2.00,365.00,-999.00,1.00,0.01,0.01,443.00,1.00,1.00,180.00,0.27,-999.00,69.00,-999.00,733.29,1.00,2,2.00,1,228.41,273.86,-999.00,543;730;955;1297;1412;1535;1573;1760;1789;1822;1848;2484;2644;2655;2880,-999.00,-999.00,-999.00,-999.00,733564.17,-16.77,-38.01,-27.39,153.63,144.51,149.07,0,20.50,0.00,0.06,70.77,173.75,785.69,1301.98
Diprotodontia,Petauridae,Petaurus,abidi,petaurus abidi,1.00,278.00,-999.00,255.89,-999.00,-999.00,-999.00,-999.00,5.00,-999.00,-999.00,1.00,-999.00,-999.00,-999.00,1.02,-999.00,-999.00,-999.00,-999.00,-999.00,-999.00,-999.00,-999.00,4,2.00,2,-999.00,-999.00,-999.00,975;977;1760;1848;2152;2655,-999.00,-999.00,-999.00,-999.00,114.20,-3.34,-3.45,-3.39,142.09,141.98,142.04,5,5.00,5.00,0.25,217.50,298.50,1696.00,1696.00
Diprotodontia,Petauridae,Petaurus,australis,petaurus australis,1.00,567.15,-999.00,-999.00,-999.00,730.00,-999.00,-999.00,3.00,638.75,-999.00,1.00,0.36,0.33,584.50,1.24,1.00,192.00,-999.00,-999.00,14.00,-999.00,822.00,5.00,-999,2.00,2,148.07,284.99,-999.00,543;955;1297;1466;1573;1760;1789;1848;2644;2655,-999.00,-999.00,-999.00,-999.00,346584.36,-16.74,-38.85,-27.80,153.63,141.33,147.48,0,27.74,0.00,0.06,76.30,165.73,809.76,1268.57
Diprotodontia,Petauridae,Petaurus,biacensis,petaurus biacensis,-999.00,90.98,-999.00,145.52,-999.00,-999.00,-999.00,-999.00,5.00,-999.00,-999.00,1.00,-999.00,-999.00,-999.00,1.45,-999.00,-999.00,-999.00,-999.00,-999.00,-999.00,-999.00,-999.00,4,2.00,2,-999.00,-999.00,-999.00,975;978;1848;2152,-999.00,-999.00,-999.00,-999.00,2550.53,-0.62,-1.27,-0.95,136.38,135.37,135.87,35,35.00,35.00,0.09,223.00,255.00,-999.00,-999.00
Diprotodontia,Petauridae,Petaurus,breviceps,petaurus breviceps,1.00,120.76,-999.00,156.51,79.00,403.02,91.08,129.00,5.00,334.58,16.68,1.00,0.01,5.856632e-03,311.00,1.82,1.30,168.00,0.18,10.80,432.14,-999.00,320.03,6.00,4,2.00,2,118.65,49.29,-999.00,437;543;955;975;977;1297;1321;1365;1390;1412;1466;1535;1573;1630;1760;1789;1822;1848;1934;1991;2152;2484;2526;2638;2641;2644;2655;2734;2757;2880,-999.00,-999.00,-999.00,-999.00,2337517.22,2.22,-43.64,-20.70,153.77,123.42,138.59,0,9.71,0.00,0.07,111.14,211.21,897.92,1473.33
Diprotodontia,Petauridae,Petaurus,gracilis,petaurus gracilis,1.00,360.63,-999.00,-999.00,-999.00,-999.00,-999.00,-999.00,4.00,-999.00,-999.00,1.00,-999.00,-999.00,-999.00,1.75,-999.00,-999.00,-999.00,-999.00,12.00,-999.00,-999.00,-999.00,-999,2.00,2,-999.00,-999.00,-999.00,955;1466;1467;1760;1848;2655,-999.00,-999.00,-999.00,-999.00,8721.42,-17.98,-19.26,-18.62,146.73,145.51,146.12,0,11.64,0.00,0.06,152.07,213.54,1127.89,1769.58
Diprotodontia,Petauridae,Petaurus,norfolcensis,petaurus norfolcensis,1.00,230.00,-999.00,-999.00,-999.00,-999.00,-999.00,-999.00,3.00,-999.00,-999.00,1.00,0.02,0.02,183.00,1.64,-999.00,144.00,-999.00,-999.00,122.00,-999.00,-999.00,-999.00,-999,2.00,2,120.48,70.00,-999.00,543;955;1297;1466;1573;1760;1848;2644;2655,-999.00,1.56,-999.00,-999.00,624212.74,-16.92,-37.71,-27.31,153.63,141.98,147.81,0,22.22,0.00,0.05,71.01,176.19,781.41,1305.89
Rodentia,Sciuridae,Petinomys,crinitus,petinomys crinitus,1.00,-999.00,-999.00,248.99,-999.00,-999.00,-999.00,-999.00,4.00,-999.00,-999.00,-999.00,-999.00,-999.00,-999.00,-999.00,-999.00,-999.00,-999.00,-999.00,-999.00,-999.00,-999.00,-999.00,5,-999.00,2,-999.00,-999.00,-999.00,511;2152,432.14,-999.00,-999.00,-999.00,1254.65,6.74,6.40,6.57,122.32,121.79,122.05,159,219.22,159.00,0.24,-999.00,-999.00,-999.00,-999.00
Rodentia,Sciuridae,Petinomys,fuscocapillus,petinomys fuscocapillus,-999.00,794.50,-999.00,-999.00,-999.00,-999.00,-999.00,-999.00,-999.00,-999.00,-999.00,-999.00,-999.00,-999.00,-999.00,2.00,-999.00,-999.00,-999.00,-999.00,-999.00,-999.00,-999.00,-999.00,-999,-999.00,-999,-999.00,-999.00,-999.00,1297;2655,-999.00,-999.00,-999.00,-999.00,49209.63,10.69,6.31,8.50,81.51,76.02,78.77,100,649.43,103.00,0.04,156.65,259.04,1372.40,1598.24
Rodentia,Sciuridae,Petinomys,genibarbis,petinomys genibarbis,1.00,108.81,-999.00,177.99,-999.00,-999.00,-999.00,-999.00,4.00,-999.00,-999.00,-999.00,-999.00,-999.00,-999.00,1.07,-999.00,-999.00,-999.00,-999.00,-999.00,-999.00,-999.00,-999.00,5,-999.00,2,-999.00,-999.00,-999.00,1971;2152;2655;2844,-999.00,-999.00,-999.00,-999.00,490763.81,7.03,-4.67,1.18,118.26,95.18,106.72,2,85.18,4.00,0.16,238.50,246.86,1687.19,1760.81
Rodentia,Sciuridae,Petinomys,hageni,petinomys hageni,1.00,-999.00,-999.00,248.99,-999.00,-999.00,-999.00,-999.00,4.00,-999.00,-999.00,-999.00,-999.00,-999.00,-999.00,-999.00,-999.00,-999.00,-999.00,-999.00,-999.00,-999.00,-999.00,-999.00,5,-999.00,2,-999.00,-999.00,-999.00,511;2152,432.14,-999.00,-999.00,-999.00,67222.49,4.03,-1.10,1.46,111.00,98.07,104.54,13,102.46,13.00,0.09,239.54,257.55,1596.85,1682.30
Rodentia,Sciuridae,Petinomys,lugens,petinomys lugens,-999.00,-999.00,-999.00,-999.00,-999.00,-999.00,-999.00,-999.00,-999.00,-999.00,-999.00,-999.00,-999.00,-999.00,-999.00,-999.00,-999.00,-999.00,-999.00,-999.00,-999.00,-999.00,-999.00,-999.00,-999,-999.00,-999,-999.00,-999.00,-999.00,-999,-999.00,-999.00,-999.00,-999.00,5140.87,-0.91,-2.85,-1.88,100.22,98.58,99.40,43,56.87,43.00,0.08,340.00,259.00,-999.00,-999.00
Rodentia,Sciuridae,Petinomys,mindanensis,petinomys mindanensis,-999.00,-999.00,-999.00,-999.00,-999.00,-999.00,-999.00,-999.00,-999.00,-999.00,-999.00,-999.00,-999.00,-999.00,-999.00,-999.00,-999.00,-999.00,-999.00,-999.00,-999.00,-999.00,-999.00,-999.00,-999,-999.00,-999,-999.00,-999.00,-999.00,-999,-999.00,-999.00,-999.00,-999.00,96031.86,10.47,5.55,8.01,126.60,121.89,124.24,33,161.55,55.00,0.11,170.68,236.39,1567.81,1734.24
Rodentia,Sciuridae,Petinomys,sagitta,petinomys sagitta,1.00,49.99,-999.00,-999.00,-999.00,-999.00,-999.00,-999.00,-999.00,-999.00,-999.00,-999.00,-999.00,-999.00,-999.00,-999.00,-999.00,-999.00,-999.00,-999.00,-999.00,-999.00,-999.00,-999.00,-999,-999.00,-999,-999.00,-999.00,-999.00,511;2655,-999.00,-999.00,-999.00,-999.00,126776.20,-5.87,-8.78,-7.32,114.60,105.20,109.90,270,822.89,324.00,0.04,195.11,245.51,1370.42,1640.76
Rodentia,Sciuridae,Petinomys,setosus,petinomys setosus,1.00,43.85,-999.00,118.64,-999.00,-999.00,-999.00,-999.00,4.00,-999.00,-999.00,-999.00,-999.00,-999.00,-999.00,1.50,-999.00,-999.00,-999.00,-999.00,-999.00,-999.00,-999.00,-999.00,5,-999.00,2,-999.00,-999.00,-999.00,511;1849;1971;2152;2844,-999.00,-999.00,-999.00,-999.00,304861.34,26.19,-4.78,10.70,119.26,95.14,107.20,2,80.42,4.00,0.16,221.50,244.06,1615.16,1740.88
Rodentia,Sciuridae,Petinomys,vordermanni,petinomys vordermanni,1.00,36.87,-999.00,166.99,-999.00,-999.00,-999.00,-999.00,4.00,-999.00,-999.00,-999.00,-999.00,-999.00,-999.00,2.00,-999.00,-999.00,-999.00,-999.00,-999.00,-999.00,-999.00,-999.00,5,-999.00,2,-999.00,-999.00,-999.00,1849;2152;2844,-999.00,-999.00,-999.00,-999.00,108682.35,18.97,-0.34,9.31,116.21,94.90,105.56,3,82.45,3.00,0.11,238.78,237.56,1460.39,1696.01
Macroscelidea,Macroscelididae,Petrodromus,tetradactylus,petrodromus tetradactylus,2.00,201.00,-999.00,192.11,0.00,-999.00,153.92,208.00,6.00,-999.00,-999.00,2.00,9.80236e-03,8.786317e-03,-999.00,1.00,2.00,-999.00,30.95,92.99,186.01,-999.00,-999.00,1.50,4,1.00,2,-999.00,-999.00,-999.00,477;965;1297;1486;1573;1585;1822;1849;1947;2151;2259;2390;2391;2629;2655;3075,-999.00,-999.00,-999.00,-999.00,3981194.83,2.16,-28.67,-13.25,41.39,14.63,28.01,0,31.82,2.00,0.17,101.10,228.83,1027.67,1525.80
Diprotodontia,Macropodidae,Petrogale,assimilis,petrogale assimilis,-999.00,4618.88,-999.00,-999.00,-999.00,-999.00,-999.00,-999.00,-999.00,-999.00,30.99,1.00,0.09,0.08,200.00,1.00,-999.00,156.00,-999.00,-999.00,76.64,-999.00,595.25,-999.00,-999,1.00,-999,294.19,734.99,-999.00,955;1573;1760;2655,-999.00,1.49,-999.00,-999.00,209697.55,-18.62,-22.44,-20.53,147.93,141.07,144.50,0,1.10,0.00,0.02,49.03,231.25,657.90,1604.93
Diprotodontia,Macropodidae,Petrogale,brachyotis,petrogale brachyotis,-999.00,4012.01,-999.00,-999.00,-999.00,-999.00,-999.00,-999.00,-999.00,-999.00,-999.00,1.00,-999.00,-999.00,-999.00,1.00,-999.00,-999.00,-999.00,-999.00,-999.00,-999.00,-999.00,-999.00,-999,1.00,-999,-999.00,-999.00,-999.00,955;1760;2655,-999.00,-999.00,-999.00,-999.00,476435.12,-11.11,-17.69,-14.40,137.73,123.42,130.57,0,0.91,0.00,3.65043770544917e-03,76.96,270.49,821.32,1784.36
Diprotodontia,Macropodidae,Petrogale,burbidgei,petrogale burbidgei,-999.00,1258.00,-999.00,-999.00,-999.00,-999.00,-999.00,-999.00,-999.00,-999.00,-999.00,1.00,-999.00,-999.00,-999.00,1.00,-999.00,-999.00,-999.00,-999.00,-999.00,-999.00,-999.00,-999.00,-999,1.00,-999,-999.00,-999.00,-999.00,1760;1848;2655,-999.00,-999.00,-999.00,-999.00,30601.39,-14.16,-16.42,-15.29,126.40,124.36,125.38,0,0.00,0.00,-999.00,90.56,287.45,847.54,1749.26
Diprotodontia,Macropodidae,Petrogale,coenensis,petrogale coenensis,-999.00,-999.00,-999.00,-999.00,-999.00,-999.00,-999.00,-999.00,-999.00,-999.00,-999.00,-999.00,-999.00,-999.00,-999.00,-999.00,-999.00,-999.00,-999.00,-999.00,-999.00,-999.00,-999.00,-999.00,-999,-999.00,-999,-999.00,-999.00,-999.00,-999,-999.00,-999.00,-999.00,-999.00,17688.74,-12.43,-14.66,-13.54,143.84,142.75,143.30,0,0.00,0.00,-999.00,104.67,272.58,895.80,1684.04
Diprotodontia,Macropodidae,Petrogale,concinna,petrogale concinna,1.00,1398.20,-999.00,-999.00,-999.00,508.75,-999.00,-999.00,-999.00,-999.00,31.46,1.00,-999.00,-999.00,265.50,1.00,1.00,204.00,-999.00,-999.00,-999.00,-999.00,498.88,-999.00,-999,1.00,-999,191.15,244.94,-999.00,955;1297;1760;1848;2655;2986,-999.00,-999.00,-999.00,-999.00,166175.37,-11.11,-17.30,-14.21,134.98,123.42,129.20,0,1.98,0.00,8.00928760616445e-03,92.79,275.20,877.27,1820.76
Diprotodontia,Macropodidae,Petrogale,godmani,petrogale godmani,-999.00,4750.00,-999.00,-999.00,-999.00,-999.00,-999.00,-999.00,-999.00,-999.00,-999.00,1.00,-999.00,-999.00,-999.00,-999.00,-999.00,-999.00,-999.00,-999.00,-999.00,-999.00,-999.00,-999.00,-999,1.00,-999,-999.00,-999.00,-999.00,1760;2655,-999.00,-999.00,-999.00,-999.00,53365.92,-14.16,-16.96,-15.56,145.48,142.91,144.20,0,0.22,0.00,0.00,101.62,246.55,948.11,1644.24
Diprotodontia,Macropodidae,Petrogale,herberti,petrogale herberti,-999.00,-999.00,-999.00,-999.00,-999.00,-999.00,-999.00,-999.00,-999.00,-999.00,-999.00,-999.00,-999.00,-999.00,-999.00,-999.00,-999.00,-999.00,-999.00,-999.00,-999.00,-999.00,-999.00,-999.00,-999,-999.00,-999,-999.00,-999.00,-999.00,-999,-999.00,-999.00,-999.00,-999.00,283187.10,-22.14,-27.30,-24.72,153.20,145.88,149.54,0,4.58,0.00,0.07,59.62,197.15,779.83,1438.73
Diprotodontia,Macropodidae,Petrogale,inornata,petrogale inornata,-999.00,4555.52,-999.00,-999.00,-999.00,547.50,-999.00,-999.00,-999.00,-999.00,30.99,1.00,-999.00,-999.00,210.00,1.00,1.70,-999.00,-999.00,-999.00,-999.00,-999.00,612.26,-999.00,-999,1.00,-999,286.18,-999.00,-999.00,955;1760;2655,-999.00,-999.00,-999.00,-999.00,85550.06,-19.96,-24.01,-21.98,150.83,147.34,149.09,0,3.06,0.00,0.03,78.81,206.21,937.96,1588.77
Diprotodontia,Macropodidae,Petrogale,lateralis,petrogale lateralis,-999.00,4567.88,-999.00,-999.00,-999.00,-999.00,-999.00,-999.00,-999.00,-999.00,-999.00,1.00,-999.00,-999.00,-999.00,1.00,-999.00,144.00,-999.00,-999.00,275.00,-999.00,-999.00,-999.00,-999,1.00,-999,-999.00,-999.00,-999.00,955;1760;1848;2655,-999.00,-999.00,-999.00,-999.00,299435.81,-18.19,-34.38,-26.28,137.28,113.65,125.46,0,0.06,0.00,0.00,22.25,225.61,309.14,1378.94
Diprotodontia,Macropodidae,Petrogale,mareeba,petrogale mareeba,-999.00,-999.00,-999.00,-999.00,-999.00,-999.00,-999.00,-999.00,-999.00,-999.00,-999.00,-999.00,-999.00,-999.00,-999.00,-999.00,-999.00,-999.00,-999.00,-999.00,-999.00,-999.00,-999.00,-999.00,-999,-999.00,-999,-999.00,-999.00,-999.00,-999,-999.00,-999.00,-999.00,-999.00,39078.81,-15.61,-17.93,-16.77,146.04,144.00,145.02,0,6.84,0.00,0.06,109.12,222.85,1091.24,1656.36
Diprotodontia,Macropodidae,Petrogale,penicillata,petrogale penicillata,1.00,6931.60,-999.00,-999.00,-999.00,-999.00,-999.00,-999.00,-999.00,-999.00,30.99,1.00,-999.00,-999.00,202.50,1.00,-999.00,172.80,-999.00,-999.00,300.00,-999.00,573.77,-999.00,-999,1.00,-999,290.00,734.99,-999.00,543;955;1297;1760;1848;2655,-999.00,1.48,-999.00,-999.00,171742.35,-26.06,-37.45,-31.76,153.34,142.19,147.77,1,47.39,1.00,0.06,72.16,154.13,769.98,1160.32
Diprotodontia,Macropodidae,Petrogale,persephone,petrogale persephone,2.00,5585.63,-999.00,1000.00,-999.00,-999.00,-999.00,-999.00,1.00,-999.00,32.00,1.00,-999.00,-999.00,209.00,1.00,-999.00,-999.00,-999.00,-999.00,5.99,-999.00,774.40,-999.00,-999,1.00,1,329.06,-999.00,-999.00,899;955;1760;1848;2655,-999.00,1.46,-999.00,-999.00,5496.97,-20.34,-21.12,-20.73,148.70,147.91,148.30,1,2.62,1.00,0.08,100.10,195.51,1131.08,1675.00
Diprotodontia,Macropodidae,Petrogale,purpureicollis,petrogale purpureicollis,-999.00,-999.00,-999.00,-999.00,-999.00,-999.00,-999.00,-999.00,-999.00,-999.00,-999.00,-999.00,-999.00,-999.00,-999.00,-999.00,-999.00,-999.00,-999.00,-999.00,-999.00,-999.00,-999.00,-999.00,-999,-999.00,-999,-999.00,-999.00,-999.00,-999,-999.00,-999.00,-999.00,-999.00,82704.32,-18.41,-22.48,-20.44,140.57,138.03,139.30,0,0.25,0.00,0.00,32.42,238.03,460.66,1606.55
Diprotodontia,Macropodidae,Petrogale,rothschildi,petrogale rothschildi,-999.00,4546.31,-999.00,-999.00,-999.00,-999.00,-999.00,-999.00,-999.00,-999.00,-999.00,1.00,-999.00,-999.00,-999.00,-999.00,-999.00,-999.00,-999.00,-999.00,-999.00,-999.00,-999.00,-999.00,-999,1.00,-999,-999.00,-999.00,-999.00,1760;2655;2986,-999.00,-999.00,-999.00,-999.00,148697.32,-20.28,-25.46,-22.87,119.56,116.28,117.92,0,0.21,0.00,0.00,22.49,241.14,320.24,1591.56
Diprotodontia,Macropodidae,Petrogale,sharmani,petrogale sharmani,-999.00,-999.00,-999.00,-999.00,-999.00,-999.00,-999.00,-999.00,-999.00,-999.00,-999.00,-999.00,-999.00,-999.00,-999.00,-999.00,-999.00,-999.00,-999.00,-999.00,-999.00,-999.00,-999.00,-999.00,-999,-999.00,-999,-999.00,-999.00,-999.00,-999,-999.00,-999.00,-999.00,-999.00,19561.61,-17.82,-19.28,-18.55,146.44,144.88,145.66,0,2.36,0.00,0.06,125.53,210.64,1079.61,1722.16
Diprotodontia,Macropodidae,Petrogale,xanthopus,petrogale xanthopus,-999.00,8499.99,-999.00,-999.00,-999.00,541.30,-999.00,-999.00,3.00,-999.00,33.16,1.00,-999.00,-999.00,196.00,1.02,-999.00,144.00,0.48,-999.00,15.00,-999.00,581.78,-999.00,-999,1.00,1,342.05,1581.13,-999.00,955;1297;1412;1760;1848;2655,-999.00,1.50,-999.00,-999.00,173888.42,-25.15,-33.62,-29.39,144.51,134.15,139.33,0,0.52,0.00,-0.04,20.98,183.45,265.57,1136.95
Rodentia,Petromuridae,Petromus,typicus,petromus typicus,3.00,224.00,-999.00,-999.00,-999.00,-999.00,-999.00,-999.00,3.00,-999.00,-999.00,1.00,-999.00,-999.00,-999.00,1.50,1.00,-999.00,-999.00,-999.00,-999.00,-999.00,-999.00,2.00,-999,1.00,1,-999.00,-999.00,-999.00,1297;2629;2655,-999.00,-999.00,-999.00,-999.00,427688.37,-14.73,-29.28,-22.00,23.66,12.24,17.95,0,1.63,0.00,0.07,15.15,168.07,297.14,1207.80
Rodentia,Nesomyidae,Petromyscus,barbouri,petromyscus barbouri,-999.00,-999.00,-999.00,-999.00,-999.00,-999.00,-999.00,-999.00,-999.00,-999.00,-999.00,-999.00,-999.00,-999.00,-999.00,-999.00,-999.00,-999.00,-999.00,-999.00,-999.00,-999.00,-999.00,-999.00,-999,-999.00,-999,-999.00,-999.00,-999.00,-999,-999.00,-999.00,-999.00,-999.00,60647.65,-28.90,-32.92,-30.91,20.70,17.01,18.85,0,1.63,0.00,0.06,11.84,166.55,247.89,1010.99
Rodentia,Nesomyidae,Petromyscus,collinus,petromyscus collinus,-999.00,20.00,-999.00,-999.00,-999.00,-999.00,-999.00,-999.00,-999.00,-999.00,-999.00,-999.00,-999.00,-999.00,-999.00,2.46,1.00,-999.00,2.10,33.69,-999.00,-999.00,-999.00,-999.00,-999,-999.00,-999,31.50,-999.00,-999.00,1297;2655,-999.00,-999.00,-999.00,-999.00,573003.86,-15.75,-32.60,-24.17,22.86,11.86,17.36,0,1.59,0.00,0.05,13.48,166.71,278.86,1144.28
Rodentia,Nesomyidae,Petromyscus,monticularis,petromyscus monticularis,-999.00,20.72,-999.00,-999.00,-999.00,-999.00,-999.00,-999.00,-999.00,-999.00,-999.00,-999.00,-999.00,-999.00,-999.00,-999.00,-999.00,-999.00,-999.00,-999.00,-999.00,-999.00,-999.00,-999.00,-999,-999.00,-999,-999.00,-999.00,-999.00,2655,-999.00,-999.00,-999.00,-999.00,50605.31,-26.20,-28.55,-27.37,20.01,16.99,18.50,0,0.43,0.00,0.00,9.28,199.03,183.26,1181.65
Rodentia,Nesomyidae,Petromyscus,shortridgei,petromyscus shortridgei,-999.00,-999.00,-999.00,-999.00,-999.00,-999.00,-999.00,-999.00,-999.00,-999.00,-999.00,-999.00,-999.00,-999.00,-999.00,-999.00,-999.00,-999.00,-999.00,-999.00,-999.00,-999.00,-999.00,-999.00,-999,-999.00,-999,-999.00,-999.00,-999.00,-999,-999.00,-999.00,-999.00,-999.00,65327.98,-12.48,-19.60,-16.04,17.84,12.08,14.96,0,4.18,0.00,0.11,25.63,173.09,476.52,1340.82
Diprotodontia,Pseudocheiridae,Petropseudes,dahli,petropseudes dahli,-999.00,1877.03,-999.00,-999.00,-999.00,-999.00,-999.00,-999.00,1.00,-999.00,-999.00,1.00,-999.00,-999.00,-999.00,1.00,-999.00,-999.00,-999.00,-999.00,18.00,-999.00,-999.00,-999.00,-999,2.00,1,-999.00,-999.00,-999.00,955;1760;1848;2655,-999.00,-999.00,-999.00,-999.00,319548.62,-11.69,-19.86,-15.77,139.63,124.05,131.84,0,0.08,0.00,0.00,68.96,263.53,745.11,1723.03
Artiodactyla,Suidae,Phacochoerus,aethiopicus,phacochoerus aethiopicus,3.00,75607.52,-999.00,-999.00,-999.00,730.00,-999.00,-999.00,4.00,-999.00,165.40,1.00,1.35,1.27,365.00,3.20,1.50,225.60,691.95,-999.00,7.61,-999.00,631.12,2.00,-999,1.00,1,106.45,-999.00,-999.00,511;543;645;730;854;1297;1573;2338;2467;2620;2629;2655,-999.00,-999.00,-999.00,-999.00,851932.22,11.49,-2.05,4.71,46.38,34.47,40.42,1,17.34,1.00,0.09,42.02,240.33,628.28,1636.16
Artiodactyla,Suidae,Phacochoerus,africanus,phacochoerus africanus,3.00,82499.99,-999.00,1355.54,-999.00,-999.00,-999.00,-999.00,1.00,-999.00,172.49,-999.00,1.55,-999.00,-999.00,-999.00,-999.00,180.00,-999.00,-999.00,-999.00,-999.00,-999.00,-999.00,4,-999.00,1,-999.00,-999.00,-999.00,760;1848;2655,-999.00,-999.00,-999.00,-999.00,11093470.88,18.77,-32.00,-6.61,44.87,-17.53,13.66,0,33.08,1.00,0.13,86.12,233.01,891.76,1524.23
Rodentia,Cricetidae,Phaenomys,ferrugineus,phaenomys ferrugineus,-999.00,93.80,-999.00,-999.00,-999.00,-999.00,-999.00,-999.00,-999.00,-999.00,-999.00,1.00,-999.00,-999.00,-999.00,-999.00,-999.00,-999.00,-999.00,-999.00,-999.00,-999.00,-999.00,-999.00,-999,2.00,-999,-999.00,-999.00,-999.00,905;2655,-999.00,-999.00,-999.00,-999.00,53.88,-22.62,-22.70,-22.66,-43.42,-43.50,-43.46,1119,1828.00,1119.00,0.03,135.00,212.00,1250.00,1253.50
Rodentia,Cricetidae,Phaiomys,leucurus,phaiomys leucurus,-999.00,-999.00,-999.00,-999.00,-999.00,-999.00,-999.00,-999.00,-999.00,-999.00,-999.00,-999.00,-999.00,-999.00,-999.00,1.94,-999.00,-999.00,-999.00,-999.00,-999.00,-999.00,-999.00,-999.00,-999,-999.00,-999,-999.00,-999.00,-999.00,1297,-999.00,-999.00,-999.00,-999.00,621429.95,37.89,28.48,33.19,87.72,77.15,82.44,0,3.32,0.00,0.08,24.14,-57.85,307.26,773.25
Diprotodontia,Phalangeridae,Phalanger,alexandrae,phalanger alexandrae,-999.00,-999.00,-999.00,-999.00,-999.00,-999.00,-999.00,-999.00,-999.00,-999.00,-999.00,-999.00,-999.00,-999.00,-999.00,-999.00,-999.00,-999.00,-999.00,-999.00,-999.00,-999.00,-999.00,-999.00,-999,-999.00,-999,-999.00,-999.00,-999.00,-999,-999.00,-999.00,-999.00,-999.00,151.19,0.04,-0.22,-0.09,129.56,129.27,129.42,5,5.00,5.00,0.00,-999.00,-999.00,-999.00,-999.00
Diprotodontia,Phalangeridae,Phalanger,carmelitae,phalanger carmelitae,1.00,1820.88,-999.00,407.87,-999.00,-999.00,-999.00,-999.00,5.00,-999.00,-999.00,1.00,-999.00,-999.00,-999.00,1.01,-999.00,-999.00,-999.00,-999.00,-999.00,-999.00,-999.00,-999.00,-999,2.00,2,-999.00,-999.00,-999.00,661;955;975;977;1093;1297;1760;1848;1991;2655,-999.00,-999.00,-999.00,-999.00,181857.62,-3.63,-10.05,-6.84,149.70,137.55,143.62,1,11.22,2.00,0.12,283.50,198.03,1669.87,1688.40
Diprotodontia,Phalangeridae,Phalanger,gymnotis,phalanger gymnotis,1.00,2597.89,-999.00,453.72,-999.00,-999.00,-999.00,-999.00,4.00,-999.00,12.99,3.00,-999.00,-999.00,-999.00,1.01,-999.00,144.00,-999.00,-999.00,-999.00,-999.00,-999.00,-999.00,-999,2.00,2,270.00,-999.00,-999.00,955;975;977;1093;1297;1848;1991;2152;2655,-999.00,-999.00,-999.00,-999.00,260036.85,-1.12,-10.18,-5.65,149.65,133.73,141.69,1,9.70,1.00,0.14,267.02,224.23,1674.53,1693.38
Diprotodontia,Phalangeridae,Phalanger,intercastellanus,phalanger intercastellanus,-999.00,1747.50,-999.00,384.35,-999.00,-999.00,-999.00,-999.00,4.00,-999.00,-999.00,1.00,-999.00,-999.00,-999.00,2.02,-999.00,-999.00,-999.00,-999.00,-999.00,-999.00,-999.00,-999.00,-999,2.00,1,-999.00,-999.00,-999.00,955;975;977;2655,-999.00,-999.00,-999.00,-999.00,84657.38,-6.33,-11.65,-8.99,154.28,146.04,150.16,3,10.96,5.00,0.09,215.93,213.60,1713.25,1808.31
Diprotodontia,Phalangeridae,Phalanger,lullulae,phalanger lullulae,1.00,1632.50,-999.00,372.27,-999.00,-999.00,-999.00,-999.00,2.00,-999.00,-999.00,2.00,-999.00,-999.00,-999.00,1.75,-999.00,-999.00,-999.00,-999.00,-999.00,-999.00,-999.00,1.00,-999,2.00,1,-999.00,-999.00,-999.00,899;975;1760;1848;1991;2147;2655,-999.00,-999.00,-999.00,-999.00,887.01,-8.94,-9.26,-9.10,153.01,152.42,152.72,12,12.00,12.00,0.09,-999.00,-999.00,-999.00,-999.00
Diprotodontia,Phalangeridae,Phalanger,matabiru,phalanger matabiru,-999.00,-999.00,-999.00,-999.00,-999.00,-999.00,-999.00,-999.00,-999.00,-999.00,-999.00,-999.00,-999.00,-999.00,-999.00,-999.00,-999.00,-999.00,-999.00,-999.00,-999.00,-999.00,-999.00,-999.00,-999,-999.00,-999,-999.00,-999.00,-999.00,-999,-999.00,-999.00,-999.00,-999.00,226.12,0.86,0.62,0.74,127.45,127.28,127.36,72,72.00,72.00,0.12,-999.00,-999.00,-999.00,-999.00
Diprotodontia,Phalangeridae,Phalanger,matanim,phalanger matanim,1.00,1442.38,-999.00,399.77,-999.00,-999.00,-999.00,-999.00,2.00,-999.00,-999.00,2.00,-999.00,-999.00,-999.00,1.02,-999.00,-999.00,-999.00,-999.00,-999.00,-999.00,-999.00,-999.00,-999,2.00,1,-999.00,-999.00,-999.00,975;977;1760;1848;1991;2655,-999.00,-999.00,-999.00,-999.00,556.30,-4.99,-5.23,-5.11,141.66,141.42,141.54,2,3.33,2.00,0.58,289.66,183.34,1734.98,1734.98
Diprotodontia,Phalangeridae,Phalanger,mimicus,phalanger mimicus,-999.00,-999.00,-999.00,-999.00,-999.00,-999.00,-999.00,-999.00,-999.00,-999.00,-999.00,-999.00,-999.00,-999.00,-999.00,-999.00,-999.00,-999.00,-999.00,-999.00,-999.00,-999.00,-999.00,-999.00,-999,-999.00,-999,-999.00,-999.00,-999.00,-999,-999.00,-999.00,-999.00,-999.00,72824.49,-3.56,-14.29,-8.93,144.78,135.50,140.14,0,4.35,0.00,0.04,305.20,234.56,1549.11,1693.89
Diprotodontia,Phalangeridae,Phalanger,orientalis,phalanger orientalis,1.00,2487.50,-999.00,433.83,-999.00,-999.00,-999.00,-999.00,2.00,-999.00,-999.00,2.00,-999.00,-999.00,-999.00,1.71,-999.00,48.00,-999.00,-999.00,-999.00,-999.00,-999.00,-999.00,4,2.00,1,-999.00,-999.00,-999.00,955;975;977;1093;1760;1848;1991;2655;2880,-999.00,-999.00,-999.00,-999.00,260829.66,-7.690039e-03,-10.37,-5.19,146.43,123.44,134.94,2,21.95,3.00,0.11,250.97,238.68,1678.55,1703.31
Diprotodontia,Phalangeridae,Phalanger,ornatus,phalanger ornatus,1.00,1787.50,-999.00,-999.00,-999.00,-999.00,-999.00,-999.00,1.00,-999.00,-999.00,1.00,-999.00,-999.00,-999.00,-999.00,-999.00,-999.00,-999.00,-999.00,-999.00,-999.00,-999.00,-999.00,-999,2.00,1,-999.00,-999.00,-999.00,1760;1848;2655,-999.00,-999.00,-999.00,-999.00,22430.66,2.64,-0.92,0.86,128.90,127.28,128.09,5,31.59,5.00,0.05,192.66,250.11,-999.00,-999.00
Diprotodontia,Phalangeridae,Phalanger,rothschildi,phalanger rothschildi,1.00,1365.00,-999.00,-999.00,-999.00,-999.00,-999.00,-999.00,1.00,-999.00,-999.00,1.00,-999.00,-999.00,-999.00,-999.00,-999.00,-999.00,-999.00,-999.00,-999.00,-999.00,-999.00,-999.00,-999,2.00,1,-999.00,-999.00,-999.00,1760;1848;2655,-999.00,-999.00,-999.00,-999.00,2726.69,-1.17,-1.74,-1.45,128.16,127.37,127.76,5,53.19,5.00,0.02,280.00,249.00,-999.00,-999.00
Diprotodontia,Phalangeridae,Phalanger,sericeus,phalanger sericeus,1.00,2003.00,-999.00,412.36,-999.00,-999.00,-999.00,-999.00,2.00,-999.00,-999.00,1.00,-999.00,-999.00,-999.00,1.02,-999.00,-999.00,-999.00,-999.00,-999.00,-999.00,-999.00,-999.00,-999,2.00,1,-999.00,-999.00,-999.00,975;977;1760;1848;1991;2655,-999.00,-999.00,-999.00,-999.00,182383.64,-3.37,-9.48,-6.43,148.10,137.07,142.59,1,10.95,2.00,0.14,285.30,197.15,1676.50,1691.45
Diprotodontia,Phalangeridae,Phalanger,vestitus,phalanger vestitus,1.00,1850.00,-999.00,424.90,-999.00,-999.00,-999.00,-999.00,3.00,-999.00,-999.00,1.00,-999.00,-999.00,-999.00,1.01,-999.00,-999.00,-999.00,-999.00,-999.00,-999.00,-999.00,1.00,-999,2.00,1,-999.00,-999.00,-999.00,977;1093;1760;1848;1991;2655,-999.00,-999.00,-999.00,-999.00,81554.54,-0.44,-10.21,-5.33,149.92,132.26,141.09,1,12.19,2.00,0.14,326.78,181.50,1666.18,1704.51
Primates,Cheirogaleidae,Phaner,electromontis,phaner electromontis,-999.00,-999.00,-999.00,-999.00,-999.00,-999.00,-999.00,-999.00,-999.00,-999.00,-999.00,-999.00,-999.00,-999.00,-999.00,-999.00,-999.00,-999.00,-999.00,-999.00,-999.00,-999.00,-999.00,-999.00,-999,-999.00,-999,-999.00,-999.00,-999.00,-999,-999.00,-999.00,-999.00,-999.00,2890.84,-12.34,-13.04,-12.69,49.59,48.93,49.26,9,20.71,9.00,0.16,98.77,253.60,1215.00,1527.00
Primates,Cheirogaleidae,Phaner,furcifer,phaner furcifer,2.00,409.87,-999.00,261.24,-999.00,-999.00,-999.00,-999.00,3.00,-999.00,174.46,1.00,0.02,0.03,-999.00,1.01,-999.00,144.00,-999.00,-999.00,500.24,1.50,-999.00,1.00,-999,2.00,2,-999.00,-999.00,-999.00,208;511;543;730;1046;1261;1297;1544;1547;1848;2041;2151;2344;2511;2655;2986,-999.00,-999.00,-999.00,-999.00,6525.13,-14.78,-15.93,-15.35,50.46,49.59,50.02,14,28.68,14.00,0.15,176.31,223.32,1470.97,1867.64
Primates,Cheirogaleidae,Phaner,pallescens,phaner pallescens,-999.00,-999.00,-999.00,-999.00,-999.00,-999.00,-999.00,-999.00,-999.00,-999.00,-999.00,-999.00,-999.00,-999.00,-999.00,-999.00,-999.00,-999.00,-999.00,-999.00,-999.00,-999.00,-999.00,-999.00,-999,-999.00,-999,-999.00,-999.00,-999.00,-999,-999.00,-999.00,-999.00,-999.00,43081.65,-15.20,-23.10,-19.15,47.07,43.75,45.41,2,9.07,3.00,0.19,83.91,244.48,870.02,1577.40
Primates,Cheirogaleidae,Phaner,parienti,phaner parienti,-999.00,-999.00,-999.00,-999.00,-999.00,-999.00,-999.00,-999.00,-999.00,-999.00,-999.00,-999.00,-999.00,-999.00,-999.00,-999.00,-999.00,-999.00,-999.00,-999.00,-999.00,-999.00,-999.00,-999.00,-999,-999.00,-999,-999.00,-999.00,-999.00,-999,-999.00,-999.00,-999.00,-999.00,7212.36,-13.50,-14.47,-13.98,48.85,47.86,48.35,8,13.80,8.00,0.19,140.00,207.51,1209.75,1682.36
Chiroptera,Vespertilionidae,Pharotis,imogene,pharotis imogene,-999.00,-999.00,37.50,-999.00,-999.00,-999.00,-999.00,-999.00,-999.00,-999.00,-999.00,1.00,-999.00,-999.00,-999.00,-999.00,-999.00,-999.00,-999.00,-999.00,-999.00,-999.00,-999.00,-999.00,-999,2.00,-999,-999.00,-999.00,-999.00,1658;2151,8.10,-999.00,-999.00,-999.00,439.62,-5.72,-10.02,-7.87,147.85,144.39,146.12,5,22.58,5.00,0.04,283.94,160.39,1581.50,1590.50
Dasyuromorphia,Dasyuridae,Phascogale,calura,phascogale calura,2.00,43.03,-999.00,108.00,-999.00,-999.00,-999.00,-999.00,3.00,-999.00,29.49,2.00,0.03,0.04,365.00,7.50,1.00,36.00,-999.00,-999.00,-999.00,-999.00,374.16,-999.00,8,2.00,2,89.99,-999.00,-999.00,436;511;899;955;1297;1412;1760;1848;2031;2655,-999.00,-999.00,-999.00,-999.00,74127.10,-31.43,-33.86,-32.64,120.67,116.68,118.68,0,0.39,0.00,-0.02,39.62,155.44,399.91,1093.75
Dasyuromorphia,Dasyuridae,Phascogale,tapoatafa,phascogale tapoatafa,2.00,192.65,-999.00,-999.00,-999.00,-999.00,123.12,152.00,-999.00,-999.00,28.15,1.00,-999.00,-999.00,365.00,6.79,1.00,60.00,-999.00,-999.00,111.00,-999.00,372.69,-999.00,8,1.00,-999,149.57,18.00,-999.00,543;955;1297;1412;1760;1822;1848;2031;2655;2667,-999.00,-999.00,-999.00,-999.00,1068122.23,-10.75,-38.39,-24.57,153.63,114.97,134.30,0,14.92,0.00,0.05,75.17,201.88,754.26,1412.90
Diprotodontia,Phascolarctidae,Phascolarctos,cinereus,phascolarctos cinereus,1.00,6528.74,-999.00,-999.00,-999.00,730.00,1034.10,4732.50,2.00,-999.00,34.29,1.00,0.01,0.01,374.00,1.01,1.00,240.00,0.36,-999.00,163.01,-999.00,834.72,1.00,-999,2.00,1,347.53,1155.00,-999.00,543;730;955;1297;1412;1760;1822;1848;2484;2644;2655,-999.00,-999.00,-999.00,-999.00,1013715.85,-17.27,-39.13,-28.20,153.58,138.26,145.92,0,15.21,0.00,0.04,56.97,178.64,660.25,1266.39
Dasyuromorphia,Dasyuridae,Phascolosorex,doriae,phascolosorex doriae,2.00,-999.00,-999.00,179.85,-999.00,-999.00,-999.00,-999.00,2.00,-999.00,-999.00,1.00,-999.00,-999.00,-999.00,-999.00,-999.00,-999.00,-999.00,-999.00,-999.00,-999.00,-999.00,-999.00,4,1.00,2,-999.00,-999.00,-999.00,977;1760;1991;2152,168.95,-999.00,-999.00,-999.00,30648.71,-0.78,-4.20,-2.49,139.14,133.91,136.52,2,5.17,2.00,0.15,192.74,196.93,1735.99,1790.87
Dasyuromorphia,Dasyuridae,Phascolosorex,dorsalis,phascolosorex dorsalis,2.00,123.03,-999.00,163.73,-999.00,-999.00,-999.00,-999.00,2.00,-999.00,-999.00,1.00,-999.00,-999.00,-999.00,3.39,-999.00,-999.00,-999.00,-999.00,-999.00,-999.00,-999.00,-999.00,4,1.00,2,-999.00,-999.00,-999.00,977;1760;1991;2152;2655;3084,-999.00,-999.00,-999.00,-999.00,51363.46,-1.05,-8.95,-5.00,147.66,133.84,140.75,3,14.83,5.00,0.10,298.96,174.06,1666.50,1704.91
Dasyuromorphia,Dasyuridae,Phascomurexia,naso,phascomurexia naso,2.00,52.62,-999.00,122.28,-999.00,-999.00,-999.00,-999.00,1.00,-999.00,-999.00,3.00,-999.00,-999.00,-999.00,3.68,1.50,-999.00,-999.00,-999.00,150.00,-999.00,374.16,-999.00,4,2.00,3,-999.00,-999.00,-999.00,955;977;1297;1760;1848;1991;2152;2655;3083,-999.00,-999.00,-999.00,-999.00,142979.93,-1.06,-8.90,-4.98,147.29,133.65,140.47,1,10.26,2.00,0.14,274.79,185.53,1690.79,1711.54
Rodentia,Cricetidae,Phenacomys,intermedius,phenacomys intermedius,2.00,25.20,-999.00,107.67,13.00,49.00,67.29,21.50,4.00,-999.00,22.42,-999.00,-999.00,-999.00,-999.00,4.66,3.00,-999.00,2.19,-999.00,549.17,-999.00,40.02,-999.00,8,-999.00,1,30.93,-999.00,-999.00,730;1297;1822;1913;1949;2655,-999.00,-999.00,-999.00,-999.00,524177.15,58.65,35.34,47.00,-107.92,-132.71,-120.31,0,15.95,0.00,0.10,51.33,41.08,367.03,689.35
Rodentia,Cricetidae,Phenacomys,ungava,phenacomys ungava,-999.00,27.00,-999.00,-999.00,14.00,-999.00,-999.00,-999.00,-999.00,-999.00,22.29,-999.00,-999.00,-999.00,-999.00,4.80,-999.00,-999.00,2.39,-999.00,-999.00,-999.00,31.74,-999.00,-999,-999.00,-999,17.86,-999.00,-999.00,1005,-999.00,-999.00,-999.00,-999.00,5061713.46,64.59,44.89,54.74,-55.61,-135.60,-95.60,0,1.13,0.00,0.02,43.50,-31.64,334.03,367.55
Didelphimorphia,Didelphidae,Philander,andersoni,philander andersoni,1.00,324.99,-999.00,-999.00,-999.00,-999.00,-999.00,-999.00,-999.00,-999.00,-999.00,2.00,-999.00,-999.00,-999.00,-999.00,-999.00,-999.00,-999.00,-999.00,-999.00,-999.00,-999.00,1.00,-999,2.00,-999,-999.00,-999.00,-999.00,905;2655,-999.00,-999.00,-999.00,-999.00,-999.00,-999.00,-999.00,-999.00,-999.00,-999.00,-999.00,-999,-999.00,-999.00,-999.00,-999.00,-999.00,-999.00,-999.00
Didelphimorphia,Didelphidae,Philander,frenatus,philander frenatus,-999.00,-999.00,-999.00,-999.00,-999.00,-999.00,-999.00,-999.00,-999.00,-999.00,-999.00,-999.00,-999.00,-999.00,-999.00,-999.00,-999.00,-999.00,-999.00,-999.00,-999.00,-999.00,-999.00,-999.00,-999,-999.00,-999,-999.00,-999.00,-999.00,-999,-999.00,-999.00,-999.00,-999.00,-999.00,-999.00,-999.00,-999.00,-999.00,-999.00,-999.00,-999,-999.00,-999.00,-999.00,-999.00,-999.00,-999.00,-999.00
Didelphimorphia,Didelphidae,Philander,mcilhennyi,philander mcilhennyi,-999.00,-999.00,-999.00,-999.00,-999.00,-999.00,-999.00,-999.00,-999.00,-999.00,-999.00,-999.00,-999.00,-999.00,-999.00,-999.00,-999.00,27.60,-999.00,-999.00,-999.00,-999.00,-999.00,-999.00,-999,-999.00,-999,-999.00,-999.00,-999.00,543,-999.00,-999.00,-999.00,-999.00,-999.00,-999.00,-999.00,-999.00,-999.00,-999.00,-999.00,-999,-999.00,-999.00,-999.00,-999.00,-999.00,-999.00,-999.00
Didelphimorphia,Didelphidae,Philander,opossum,philander opossum,1.00,425.81,-999.00,265.60,-999.00,243.33,337.95,751.00,5.00,71.50,-999.00,2.00,3.071815e-03,3.086211e-03,106.00,4.75,3.00,42.00,0.20,-999.00,58.77,-999.00,220.25,1.00,7,2.00,2,79.77,82.91,-999.00,256;543;563;565;569;730;889;890;905;955;1297;1412;1760;1773;1822;1876;2151;2225;2431;2484;2655,-999.00,-999.00,-999.00,-999.00,-999.00,-999.00,-999.00,-999.00,-999.00,-999.00,-999.00,-999,-999.00,-999.00,-999.00,-999.00,-999.00,-999.00,-999.00
Artiodactyla,Bovidae,Philantomba,maxwellii,philantomba maxwellii,2.00,8557.69,-999.00,845.23,-999.00,1095.00,-999.00,-999.00,7.00,-999.00,205.00,1.00,-999.00,-999.00,-999.00,1.00,-999.00,147.00,827.49,-999.00,5.97,-999.00,344.87,1.95,4,1.00,2,60.48,-999.00,-999.00,869;917;1297;1525;1848;2365;2655;2693;3046,-999.00,-999.00,-999.00,-999.00,1214155.52,13.85,4.35,9.10,6.79,-16.82,-5.01,3,78.43,8.00,0.11,146.15,261.68,1134.69,1563.70
Artiodactyla,Bovidae,Philantomba,monticola,philantomba monticola,3.00,4896.05,-999.00,692.30,-999.00,577.91,1806.00,4200.00,3.00,-999.00,205.00,1.00,-999.00,-999.00,265.00,0.98,-999.00,144.00,709.41,-999.00,35.98,-999.00,351.59,1.90,4,1.00,2,27.28,-999.00,-999.00,200;543;869;904;917;1297;1525;1822;1848;2655;2693;3046,-999.00,1.29,-999.00,-999.00,6552145.69,9.54,-34.44,-12.45,40.52,5.92,23.22,0,33.48,1.00,0.15,118.15,229.51,1145.04,1523.17
Chiroptera,Vespertilionidae,Philetor,brachypterus,philetor brachypterus,-999.00,12.00,34.50,-999.00,-999.00,-999.00,-999.00,-999.00,-999.00,-999.00,-999.00,1.00,-999.00,-999.00,-999.00,-999.00,-999.00,-999.00,-999.00,-999.00,-999.00,-999.00,-999.00,-999.00,-999,2.00,-999,-999.00,-999.00,-999.00,1439;1658;2151;2622;2655,-999.00,-999.00,-999.00,-999.00,747045.55,28.01,-10.17,8.92,153.01,90.30,121.66,1,226.07,4.00,0.11,227.27,226.80,1572.77,1698.29
Rodentia,Muridae,Phloeomys,cumingi,phloeomys cumingi,1.00,1842.46,-999.00,382.49,-999.00,-999.00,-999.00,-999.00,-999.00,-999.00,-999.00,1.00,-999.00,-999.00,-999.00,1.00,-999.00,-999.00,-999.00,-999.00,-999.00,-999.00,-999.00,-999.00,-999,2.00,-999,-999.00,-999.00,-999.00,1297;2152;2655,-999.00,-999.00,-999.00,-999.00,30046.13,14.88,12.53,13.70,124.42,120.56,122.49,84,501.78,112.00,0.10,254.07,256.19,1412.00,1844.00
Rodentia,Muridae,Phloeomys,pallidus,phloeomys pallidus,1.00,1744.14,-999.00,382.49,-999.00,-999.00,-999.00,-999.00,-999.00,-999.00,-999.00,1.00,-999.00,-999.00,-999.00,-999.00,-999.00,-999.00,-999.00,-999.00,-999.00,-999.00,-999.00,-999.00,-999,2.00,-999,-999.00,-999.00,-999.00,2152,-999.00,-999.00,-999.00,-999.00,70334.12,18.65,15.04,16.84,122.52,119.74,121.13,19,160.55,29.00,0.06,225.12,230.07,1376.01,1698.09
Carnivora,Phocidae,Phoca,largha,phoca largha,2.00,98879.18,-999.00,1634.87,0.00,-999.00,35845.20,91500.00,6.00,28.00,287.40,2.00,-999.00,-999.00,365.00,1.00,-999.00,426.13,7100.00,-999.00,-999.00,-999.00,1497.64,-999.00,-999,1.00,2,27.84,-999.00,-999.00,367;543;1297;1763;2151;2655;2986,-999.00,1.10,-999.00,-999.00,-999.00,-999.00,-999.00,-999.00,-999.00,-999.00,-999.00,-999,-999.00,-999.00,-999.00,-999.00,-999.00,-999.00,-999.00
Carnivora,Phocidae,Phoca,vitulina,phoca vitulina,2.00,87316.66,-999.00,1611.75,0.00,1095.00,32350.80,87316.67,1.00,38.49,288.95,2.00,-999.00,-999.00,365.00,1.00,-999.00,480.00,10213.75,771.42,5.68,-999.00,1526.85,-999.00,-999,1.00,3,30.74,21815.73,-999.00,367;543;1297;1763;2151;2655;2986,-999.00,1.10,-999.00,-999.00,-999.00,-999.00,-999.00,-999.00,-999.00,-999.00,-999.00,-999,-999.00,-999.00,-999.00,-999.00,-999.00,-999.00,-999.00
Carnivora,Otariidae,Phocarctos,hookeri,phocarctos hookeri,-999.00,273499.99,-999.00,2018.97,0.00,-999.00,-999.00,-999.00,7.00,365.00,365.00,2.00,-999.00,-999.00,365.00,1.00,-999.00,-999.00,-999.00,-999.00,-999.00,-999.00,2030.00,-999.00,-999,1.00,2,252.01,-999.00,-999.00,367;905;1297;2151;2986,-999.00,1.10,-999.00,-999.00,-999.00,-999.00,-999.00,-999.00,-999.00,-999.00,-999.00,-999,-999.00,-999.00,-999.00,-999.00,-999.00,-999.00,-999.00
Rodentia,Echimyidae,Phyllomys,kerri,phyllomys kerri,-999.00,-999.00,-999.00,-999.00,-999.00,-999.00,-999.00,-999.00,-999.00,-999.00,-999.00,-999.00,-999.00,-999.00,-999.00,-999.00,-999.00,-999.00,-999.00,-999.00,-999.00,-999.00,-999.00,-999.00,-999,-999.00,-999,-999.00,-999.00,-999.00,-999,-999.00,-999.00,-999.00,-999.00,-999.00,-999.00,-999.00,-999.00,-999.00,-999.00,-999.00,-999,-999.00,-999.00,-999.00,-999.00,-999.00,-999.00,-999.00
Rodentia,Echimyidae,Phyllomys,lamarum,phyllomys lamarum,1.00,215.19,-999.00,-999.00,-999.00,-999.00,-999.00,-999.00,-999.00,-999.00,-999.00,1.00,-999.00,-999.00,-999.00,-999.00,-999.00,-999.00,-999.00,-999.00,-999.00,-999.00,-999.00,-999.00,-999,2.00,-999,-999.00,-999.00,-999.00,890;2655,-999.00,-999.00,-999.00,-999.00,92612.71,-11.45,-19.83,-15.64,-37.36,-40.88,-39.12,7,111.01,11.00,0.08,127.15,235.57,1397.12,1673.61
Rodentia,Echimyidae,Phyllomys,lundi,phyllomys lundi,-999.00,-999.00,-999.00,-999.00,-999.00,-999.00,-999.00,-999.00,-999.00,-999.00,-999.00,-999.00,-999.00,-999.00,-999.00,-999.00,-999.00,-999.00,-999.00,-999.00,-999.00,-999.00,-999.00,-999.00,-999,-999.00,-999,-999.00,-999.00,-999.00,-999,-999.00,-999.00,-999.00,-999.00,-999.00,-999.00,-999.00,-999.00,-999.00,-999.00,-999.00,-999,-999.00,-999.00,-999.00,-999.00,-999.00,-999.00,-999.00
Rodentia,Echimyidae,Phyllomys,mantiqueirensis,phyllomys mantiqueirensis,-999.00,-999.00,-999.00,-999.00,-999.00,-999.00,-999.00,-999.00,-999.00,-999.00,-999.00,-999.00,-999.00,-999.00,-999.00,-999.00,-999.00,-999.00,-999.00,-999.00,-999.00,-999.00,-999.00,-999.00,-999,-999.00,-999,-999.00,-999.00,-999.00,-999,-999.00,-999.00,-999.00,-999.00,-999.00,-999.00,-999.00,-999.00,-999.00,-999.00,-999.00,-999,-999.00,-999.00,-999.00,-999.00,-999.00,-999.00,-999.00
Rodentia,Echimyidae,Phyllomys,medius,phyllomys medius,-999.00,-999.00,-999.00,-999.00,-999.00,-999.00,-999.00,-999.00,-999.00,-999.00,-999.00,-999.00,-999.00,-999.00,-999.00,-999.00,-999.00,-999.00,-999.00,-999.00,-999.00,-999.00,-999.00,-999.00,-999,-999.00,-999,-999.00,-999.00,-999.00,-999,-999.00,-999.00,-999.00,-999.00,-999.00,-999.00,-999.00,-999.00,-999.00,-999.00,-999.00,-999,-999.00,-999.00,-999.00,-999.00,-999.00,-999.00,-999.00
Rodentia,Echimyidae,Phyllomys,nigrispinus,phyllomys nigrispinus,1.00,224.30,-999.00,213.50,-999.00,-999.00,-999.00,-999.00,-999.00,-999.00,-999.00,1.00,-999.00,-999.00,-999.00,-999.00,-999.00,-999.00,-999.00,-999.00,-999.00,-999.00,-999.00,-999.00,-999,2.00,-999,-999.00,-999.00,-999.00,890;2182;2655,-999.00,-999.00,-999.00,-999.00,-999.00,-999.00,-999.00,-999.00,-999.00,-999.00,-999.00,-999,-999.00,-999.00,-999.00,-999.00,-999.00,-999.00,-999.00
Rodentia,Echimyidae,Phyllomys,pattoni,phyllomys pattoni,-999.00,-999.00,-999.00,-999.00,-999.00,-999.00,-999.00,-999.00,-999.00,-999.00,-999.00,-999.00,-999.00,-999.00,-999.00,-999.00,-999.00,-999.00,-999.00,-999.00,-999.00,-999.00,-999.00,-999.00,-999,-999.00,-999,-999.00,-999.00,-999.00,-999,-999.00,-999.00,-999.00,-999.00,-999.00,-999.00,-999.00,-999.00,-999.00,-999.00,-999.00,-999,-999.00,-999.00,-999.00,-999.00,-999.00,-999.00,-999.00
Rodentia,Echimyidae,Phyllomys,thomasi,phyllomys thomasi,1.00,502.14,-999.00,281.29,-999.00,-999.00,-999.00,-999.00,-999.00,-999.00,-999.00,2.00,-999.00,-999.00,-999.00,-999.00,-999.00,-999.00,-999.00,-999.00,-999.00,-999.00,-999.00,-999.00,-999,2.00,-999,-999.00,-999.00,-999.00,890;2182;2655,-999.00,-999.00,-999.00,-999.00,343.03,-23.71,-23.96,-23.84,-45.22,-45.45,-45.33,68,68.00,68.00,0.09,-999.00,-999.00,-999.00,-999.00
Rodentia,Echimyidae,Phyllomys,unicolor,phyllomys unicolor,-999.00,439.00,-999.00,-999.00,-999.00,-999.00,-999.00,-999.00,-999.00,-999.00,-999.00,-999.00,-999.00,-999.00,-999.00,-999.00,-999.00,-999.00,-999.00,-999.00,-999.00,-999.00,-999.00,-999.00,-999,-999.00,-999,-999.00,-999.00,-999.00,2655,-999.00,-999.00,-999.00,-999.00,-999.00,-999.00,-999.00,-999.00,-999.00,-999.00,-999.00,-999,-999.00,-999.00,-999.00,-999.00,-999.00,-999.00,-999.00
Chiroptera,Phyllostomidae,Phyllonycteris,aphylla,phyllonycteris aphylla,2.00,14.15,46.50,70.00,-999.00,-999.00,-999.00,-999.00,3.00,-999.00,-999.00,1.00,-999.00,-999.00,-999.00,0.99,-999.00,-999.00,-999.00,-999.00,-999.00,-999.00,-999.00,-999.00,-999,2.00,2,-999.00,-999.00,-999.00,1015;1297;1658;2151,-999.00,-999.00,-999.00,-999.00,11081.39,18.52,17.70,18.11,-76.18,-78.36,-77.27,96,222.21,96.00,0.04,172.66,240.33,-999.00,-999.00
Chiroptera,Phyllostomidae,Phyllonycteris,major,phyllonycteris major,-999.00,-999.00,-999.00,-999.00,-999.00,-999.00,-999.00,-999.00,-999.00,-999.00,-999.00,-999.00,-999.00,-999.00,-999.00,-999.00,-999.00,-999.00,-999.00,-999.00,-999.00,-999.00,-999.00,-999.00,-999,-999.00,-999,-999.00,-999.00,-999.00,-999,-999.00,-999.00,-999.00,-999.00,-999.00,-999.00,-999.00,-999.00,-999.00,-999.00,-999.00,-999,-999.00,-999.00,-999.00,-999.00,-999.00,-999.00,-999.00
Chiroptera,Phyllostomidae,Phyllonycteris,poeyi,phyllonycteris poeyi,-999.00,-999.00,47.79,63.99,-999.00,-999.00,-999.00,-999.00,-999.00,-999.00,-999.00,1.00,-999.00,-999.00,-999.00,0.98,-999.00,-999.00,-999.00,-999.00,-999.00,-999.00,-999.00,-999.00,-999,2.00,-999,-999.00,-999.00,-999.00,108;892;1297;1658;2151,15.59,-999.00,-999.00,-999.00,183923.55,23.19,17.60,20.39,-68.31,-84.95,-76.63,2,146.14,23.00,0.04,103.98,246.61,1361.58,1646.11
Chiroptera,Phyllostomidae,Phyllops,falcatus,phyllops falcatus,-999.00,-999.00,41.49,-999.00,-999.00,-999.00,-999.00,-999.00,-999.00,-999.00,-999.00,1.00,-999.00,-999.00,-999.00,0.98,-999.00,-999.00,-999.00,-999.00,-999.00,-999.00,-999.00,-999.00,-999,2.00,-999,-999.00,-999.00,-999.00,1297;1658;2151,10.82,-999.00,-999.00,-999.00,181669.89,23.19,17.60,20.39,-68.31,-84.95,-76.63,2,150.00,18.00,0.04,104.10,246.56,1361.58,1646.11
Chiroptera,Phyllostomidae,Phyllostomus,discolor,phyllostomus discolor,-999.00,36.70,62.50,-999.00,-999.00,-999.00,34.50,33.50,3.00,-999.00,107.97,1.00,-999.00,-999.00,-999.00,0.99,-999.00,-999.00,7.29,-999.00,-999.00,-999.00,-999.00,-999.00,-999,2.00,2,-999.00,-999.00,-999.00,108;196;889;1297;1388;1658;1704;1705;1822;1948;2143;2151;2295;2383;2622;2655;2719;2751;3023;3038,-999.00,-999.00,-999.00,-999.00,12188897.67,19.64,-23.02,-1.69,-34.79,-97.09,-65.94,0,22.61,0.00,0.12,154.15,242.55,1302.43,1549.16
Chiroptera,Phyllostomidae,Phyllostomus,elongatus,phyllostomus elongatus,-999.00,41.75,66.00,-999.00,-999.00,-999.00,38.80,35.60,2.00,-999.00,-999.00,1.00,-999.00,-999.00,-999.00,0.99,-999.00,-999.00,-999.00,-999.00,-999.00,-999.00,-999.00,-999.00,-999,2.00,1,-999.00,-999.00,-999.00,196;889;1297;1658;1822;1948;2151;2622;2655,-999.00,-999.00,-999.00,-999.00,10958600.41,12.59,-23.84,-5.62,-34.79,-81.72,-58.25,0,23.16,0.00,0.12,155.48,241.35,1309.45,1545.97
Chiroptera,Phyllostomidae,Phyllostomus,hastatus,phyllostomus hastatus,-999.00,91.44,83.27,107.00,-999.00,-999.00,70.72,84.20,3.00,-999.00,123.39,1.00,-999.00,-999.00,-999.00,0.99,1.00,120.00,15.94,-999.00,-999.00,-999.00,-999.00,-999.00,-999,2.00,2,72.82,59.09,-999.00,55;108;185;196;889;892;1297;1658;1667;1704;1705;1822;1927;1948;2143;2144;2151;2622;2655;2719;2751;2763;3023;3038,-999.00,-999.00,-999.00,-999.00,12690238.32,16.02,-24.14,-4.05,-34.79,-88.57,-61.68,0,24.58,0.00,0.11,151.77,238.87,1289.95,1538.68
Carnivora,Procyonidae,Procyon,pygmaeus,procyon pygmaeus,1.00,2958.03,-999.00,427.10,-999.00,-999.00,-999.00,-999.00,3.00,-999.00,-999.00,1.00,-999.00,-999.00,-999.00,-999.00,-999.00,-999.00,-999.00,-999.00,-999.00,-999.00,-999.00,-999.00,-999,1.00,2,-999.00,-999.00,-999.00,1113;2151;2655,-999.00,-999.00,-999.00,-999.00,490.76,20.59,20.26,20.42,-86.73,-87.02,-86.87,7,67.63,7.00,0.35,123.00,256.00,1377.00,1471.00
Rodentia,Echimyidae,Proechimys,brevicauda,proechimys brevicauda,1.00,284.99,-999.00,-999.00,-999.00,-999.00,-999.00,-999.00,4.00,-999.00,-999.00,1.00,4.969113e-03,4.992401e-03,-999.00,-999.00,-999.00,-999.00,-999.00,-999.00,-999.00,-999.00,-999.00,1.00,-999,1.00,2,-999.00,-999.00,-999.00,31;905;2655,-999.00,-999.00,-999.00,-999.00,1197226.52,0.35,-19.78,-9.71,-59.38,-77.75,-68.56,0,4.16,0.00,0.17,156.07,242.28,1336.93,1506.30
Rodentia,Echimyidae,Proechimys,canicollis,proechimys canicollis,-999.00,312.57,-999.00,-999.00,-999.00,-999.00,-999.00,-999.00,-999.00,-999.00,-999.00,-999.00,-999.00,-999.00,-999.00,-999.00,-999.00,-999.00,-999.00,-999.00,-999.00,-999.00,-999.00,-999.00,-999,-999.00,-999,-999.00,-999.00,-999.00,19;2655,-999.00,-999.00,-999.00,-999.00,51317.01,11.55,8.66,10.10,-71.92,-75.17,-73.54,7,118.39,7.00,0.13,56.41,249.42,1367.33,1756.89
Rodentia,Echimyidae,Proechimys,chrysaeolus,proechimys chrysaeolus,-999.00,284.99,-999.00,-999.00,-999.00,-999.00,-999.00,-999.00,-999.00,-999.00,-999.00,-999.00,-999.00,-999.00,-999.00,-999.00,-999.00,-999.00,-999.00,-999.00,-999.00,-999.00,-999.00,-999.00,-999,-999.00,-999,-999.00,-999.00,-999.00,2655,-999.00,-999.00,-999.00,-999.00,-999.00,-999.00,-999.00,-999.00,-999.00,-999.00,-999.00,-999,-999.00,-999.00,-999.00,-999.00,-999.00,-999.00,-999.00
Rodentia,Echimyidae,Proechimys,cuvieri,proechimys cuvieri,1.00,339.85,-999.00,-999.00,-999.00,-999.00,-999.00,-999.00,4.00,-999.00,-999.00,1.00,4.517324e-03,4.238052e-03,-999.00,-999.00,-999.00,-999.00,-999.00,-999.00,-999.00,-999.00,-999.00,1.00,-999,1.00,2,-999.00,-999.00,-999.00,905;1573;2655,-999.00,-999.00,-999.00,-999.00,2411712.57,6.33,-8.77,-1.22,-47.34,-78.81,-63.08,0,3.86,0.00,0.10,189.44,256.56,1477.63,1590.39
Rodentia,Echimyidae,Proechimys,decumanus,proechimys decumanus,-999.00,284.99,-999.00,-999.00,-999.00,-999.00,-999.00,-999.00,-999.00,-999.00,-999.00,-999.00,-999.00,-999.00,-999.00,-999.00,-999.00,-999.00,-999.00,-999.00,-999.00,-999.00,-999.00,-999.00,-999,-999.00,-999,-999.00,-999.00,-999.00,2655,-999.00,-999.00,-999.00,-999.00,74964.95,1.36,-4.98,-1.80,-78.47,-81.35,-79.91,0,82.61,0.00,0.11,96.50,238.33,994.24,1448.74
Rodentia,Echimyidae,Proechimys,echinothrix,proechimys echinothrix,-999.00,-999.00,-999.00,-999.00,-999.00,-999.00,-999.00,-999.00,-999.00,-999.00,-999.00,-999.00,-999.00,-999.00,-999.00,-999.00,-999.00,-999.00,-999.00,-999.00,-999.00,-999.00,-999.00,-999.00,-999,-999.00,-999,-999.00,-999.00,-999.00,-999,-999.00,-999.00,-999.00,-999.00,-999.00,-999.00,-999.00,-999.00,-999.00,-999.00,-999.00,-999,-999.00,-999.00,-999.00,-999.00,-999.00,-999.00,-999.00
Rodentia,Echimyidae,Proechimys,gardneri,proechimys gardneri,-999.00,-999.00,-999.00,-999.00,-999.00,-999.00,-999.00,-999.00,-999.00,-999.00,-999.00,-999.00,-999.00,-999.00,-999.00,-999.00,-999.00,-999.00,-999.00,-999.00,-999.00,-999.00,-999.00,-999.00,-999,-999.00,-999,-999.00,-999.00,-999.00,-999,-999.00,-999.00,-999.00,-999.00,-999.00,-999.00,-999.00,-999.00,-999.00,-999.00,-999.00,-999,-999.00,-999.00,-999.00,-999.00,-999.00,-999.00,-999.00
Rodentia,Echimyidae,Proechimys,goeldii,proechimys goeldii,-999.00,284.99,-999.00,-999.00,-999.00,-999.00,-999.00,-999.00,-999.00,-999.00,-999.00,-999.00,-999.00,-999.00,-999.00,-999.00,-999.00,-999.00,-999.00,-999.00,-999.00,-999.00,-999.00,-999.00,-999,-999.00,-999,-999.00,-999.00,-999.00,2655,-999.00,-999.00,-999.00,-999.00,591332.73,-1.52,-12.62,-7.07,-53.82,-71.33,-62.58,0,3.12,0.00,0.13,176.87,254.55,1433.09,1605.10
Rodentia,Echimyidae,Proechimys,guairae,proechimys guairae,1.00,349.28,-999.00,-999.00,-999.00,-999.00,-999.00,-999.00,2.00,-999.00,62.99,1.00,6.001134e-03,5.521342e-03,-999.00,2.79,4.40,-999.00,25.45,-999.00,389.74,-999.00,73.21,1.00,-999,1.00,1,10.21,-999.00,-999.00,31;730;905;1297;1594;1627;2151;2159;2458;2655,-999.00,-999.00,-999.00,-999.00,201471.68,11.52,6.37,8.95,-61.84,-72.61,-67.22,3,103.54,6.00,0.12,98.28,248.46,1275.26,1753.78
Rodentia,Echimyidae,Proechimys,guyannensis,proechimys guyannensis,1.00,314.03,-999.00,220.16,-999.00,208.00,-999.00,-999.00,3.00,-999.00,63.41,-999.00,1.047581e-03,1.252639e-03,66.00,2.16,-999.00,57.60,24.70,-999.00,938.91,-999.00,-999.00,-999.00,-999,-999.00,1,28.00,-999.00,-999.00,31;543;730;921;1297;2458;2655,-999.00,2.61,-999.00,-999.00,3070982.77,8.63,-7.83,0.39,-41.64,-70.02,-55.83,0,5.74,0.00,0.11,164.57,251.25,1440.63,1657.97
Rodentia,Echimyidae,Proechimys,hoplomyoides,proechimys hoplomyoides,-999.00,284.99,-999.00,-999.00,-999.00,-999.00,-999.00,-999.00,-999.00,-999.00,-999.00,-999.00,-999.00,-999.00,-999.00,-999.00,-999.00,-999.00,-999.00,-999.00,-999.00,-999.00,-999.00,-999.00,-999,-999.00,-999,-999.00,-999.00,-999.00,2655,-999.00,-999.00,-999.00,-999.00,-999.00,-999.00,-999.00,-999.00,-999.00,-999.00,-999.00,-999,-999.00,-999.00,-999.00,-999.00,-999.00,-999.00,-999.00
Rodentia,Echimyidae,Proechimys,kulinae,proechimys kulinae,-999.00,-999.00,-999.00,-999.00,-999.00,-999.00,-999.00,-999.00,-999.00,-999.00,-999.00,-999.00,-999.00,-999.00,-999.00,-999.00,-999.00,-999.00,-999.00,-999.00,-999.00,-999.00,-999.00,-999.00,-999,-999.00,-999,-999.00,-999.00,-999.00,-999,-999.00,-999.00,-999.00,-999.00,-999.00,-999.00,-999.00,-999.00,-999.00,-999.00,-999.00,-999,-999.00,-999.00,-999.00,-999.00,-999.00,-999.00,-999.00
Rodentia,Echimyidae,Proechimys,longicaudatus,proechimys longicaudatus,-999.00,205.00,-999.00,-999.00,-999.00,-999.00,-999.00,-999.00,3.00,-999.00,-999.00,-999.00,2.439947e-03,2.104709e-03,-999.00,-999.00,-999.00,-999.00,-999.00,-999.00,261.53,-999.00,-999.00,-999.00,-999,-999.00,2,-999.00,-999.00,-999.00,31;890;2655,-999.00,-999.00,-999.00,-999.00,1870505.85,-7.26,-21.02,-14.14,-55.10,-74.88,-64.99,0,3.15,0.00,0.19,146.21,243.60,1283.22,1495.68
Rodentia,Echimyidae,Proechimys,magdalenae,proechimys magdalenae,3.00,284.99,-999.00,-999.00,-999.00,-999.00,-999.00,-999.00,-999.00,-999.00,-999.00,-999.00,-999.00,-999.00,-999.00,-999.00,-999.00,-999.00,-999.00,-999.00,-999.00,-999.00,-999.00,-999.00,-999,-999.00,-999,-999.00,-999.00,-999.00,890;2655,-999.00,-999.00,-999.00,-999.00,-999.00,-999.00,-999.00,-999.00,-999.00,-999.00,-999.00,-999,-999.00,-999.00,-999.00,-999.00,-999.00,-999.00,-999.00
Rodentia,Echimyidae,Proechimys,mincae,proechimys mincae,-999.00,284.99,-999.00,-999.00,-999.00,-999.00,-999.00,-999.00,-999.00,-999.00,-999.00,-999.00,-999.00,-999.00,-999.00,-999.00,-999.00,-999.00,-999.00,-999.00,-999.00,-999.00,-999.00,-999.00,-999,-999.00,-999,-999.00,-999.00,-999.00,2655,-999.00,-999.00,-999.00,-999.00,383.45,11.23,11.01,11.12,-73.97,-74.17,-74.07,115,129.00,115.00,0.11,18.00,236.00,1485.00,1972.00
Rodentia,Echimyidae,Proechimys,oconnelli,proechimys oconnelli,-999.00,284.99,-999.00,-999.00,-999.00,-999.00,-999.00,-999.00,-999.00,-999.00,-999.00,-999.00,-999.00,-999.00,-999.00,-999.00,-999.00,-999.00,-999.00,-999.00,-999.00,-999.00,-999.00,-999.00,-999,-999.00,-999,-999.00,-999.00,-999.00,2655,-999.00,-999.00,-999.00,-999.00,22909.05,4.49,3.39,3.94,-70.89,-73.41,-72.15,0,5.59,0.00,0.04,203.33,254.33,1333.53,1440.20
Rodentia,Echimyidae,Proechimys,pattoni,proechimys pattoni,-999.00,-999.00,-999.00,-999.00,-999.00,-999.00,-999.00,-999.00,-999.00,-999.00,-999.00,-999.00,-999.00,-999.00,-999.00,-999.00,-999.00,-999.00,-999.00,-999.00,-999.00,-999.00,-999.00,-999.00,-999,-999.00,-999,-999.00,-999.00,-999.00,-999,-999.00,-999.00,-999.00,-999.00,-999.00,-999.00,-999.00,-999.00,-999.00,-999.00,-999.00,-999,-999.00,-999.00,-999.00,-999.00,-999.00,-999.00,-999.00
Rodentia,Echimyidae,Proechimys,poliopus,proechimys poliopus,-999.00,284.99,-999.00,-999.00,-999.00,-999.00,-999.00,-999.00,-999.00,-999.00,-999.00,-999.00,-999.00,-999.00,-999.00,-999.00,-999.00,-999.00,-999.00,-999.00,-999.00,-999.00,-999.00,-999.00,-999,-999.00,-999,-999.00,-999.00,-999.00,2655,-999.00,-999.00,-999.00,-999.00,55323.21,11.48,8.11,9.80,-71.57,-74.25,-72.91,7,60.84,7.00,0.13,63.84,248.46,1445.07,1837.92
Rodentia,Echimyidae,Proechimys,quadruplicatus,proechimys quadruplicatus,-999.00,284.99,-999.00,-999.00,-999.00,-999.00,-999.00,-999.00,-999.00,-999.00,-999.00,-999.00,-999.00,-999.00,-999.00,-999.00,-999.00,-999.00,-999.00,-999.00,-999.00,-999.00,-999.00,-999.00,-999,-999.00,-999,-999.00,-999.00,-999.00,2655,-999.00,-999.00,-999.00,-999.00,242986.11,4.09,-4.04,0.02,-63.05,-77.75,-70.40,0,1.67,0.00,0.18,239.80,254.44,1548.73,1554.37
Rodentia,Echimyidae,Proechimys,roberti,proechimys roberti,-999.00,284.99,-999.00,-999.00,-999.00,-999.00,-999.00,-999.00,-999.00,-999.00,-999.00,-999.00,-999.00,-999.00,-999.00,-999.00,-999.00,-999.00,-999.00,-999.00,-999.00,-999.00,-999.00,-999.00,-999,-999.00,-999,-999.00,-999.00,-999.00,2655,-999.00,-999.00,-999.00,-999.00,-999.00,-999.00,-999.00,-999.00,-999.00,-999.00,-999.00,-999,-999.00,-999.00,-999.00,-999.00,-999.00,-999.00,-999.00
Rodentia,Echimyidae,Proechimys,semispinosus,proechimys semispinosus,1.00,353.32,-999.00,229.31,0.00,-999.00,313.74,498.00,4.00,-999.00,65.65,1.00,1.730355e-03,1.595626e-03,-999.00,2.84,4.68,31.00,26.22,-999.00,754.53,-999.00,113.38,1.00,-999,1.00,2,41.20,-999.00,-999.00,18;20;31;730;905;979;1117;1297;1573;1822;1849;1876;2458;2576;2655;2828,-999.00,-999.00,-999.00,-999.00,211449.22,15.99,2.93,9.46,-76.37,-85.66,-81.02,2,28.84,3.00,0.14,218.21,246.49,1433.94,1706.25
Rodentia,Echimyidae,Proechimys,simonsi,proechimys simonsi,1.00,284.99,-999.00,-999.00,-999.00,-999.00,-999.00,-999.00,4.00,-999.00,-999.00,1.00,3.65992e-03,3.157064e-03,-999.00,-999.00,-999.00,-999.00,-999.00,-999.00,305.11,-999.00,-999.00,1.00,-999,1.00,2,-999.00,-999.00,-999.00,31;905;2655,-999.00,-999.00,-999.00,-999.00,1159850.76,-0.05,-17.65,-8.85,-63.17,-78.82,-71.00,0,4.05,0.00,0.14,189.95,243.47,1403.94,1498.78
Rodentia,Echimyidae,Proechimys,steerei,proechimys steerei,1.00,284.99,-999.00,-999.00,-999.00,-999.00,-999.00,-999.00,4.00,-999.00,-999.00,1.00,-999.00,-999.00,-999.00,-999.00,-999.00,-999.00,-999.00,-999.00,-999.00,-999.00,-999.00,1.00,-999,1.00,2,-999.00,-999.00,-999.00,905;2655,-999.00,-999.00,-999.00,-999.00,1303980.52,-2.37,-13.51,-7.94,-57.81,-76.00,-66.90,0,1.89,0.00,0.12,185.83,253.18,1478.80,1580.58
Rodentia,Echimyidae,Proechimys,trinitatus,proechimys trinitatus,-999.00,-999.00,-999.00,-999.00,-999.00,-999.00,-999.00,-999.00,-999.00,-999.00,-999.00,-999.00,-999.00,-999.00,-999.00,-999.00,-999.00,-999.00,-999.00,-999.00,-999.00,-999.00,-999.00,-999.00,-999,-999.00,-999,-999.00,-999.00,-999.00,-999,-999.00,-999.00,-999.00,-999.00,4884.87,10.84,10.03,10.43,-60.91,-61.92,-61.41,38,207.77,38.00,0.02,145.49,245.49,-999.00,-999.00
Rodentia,Echimyidae,Proechimys,urichi,proechimys urichi,-999.00,284.99,-999.00,-999.00,-999.00,-999.00,-999.00,-999.00,-999.00,-999.00,-999.00,-999.00,-999.00,-999.00,-999.00,-999.00,-999.00,-999.00,-999.00,-999.00,-999.00,-999.00,-999.00,-999.00,-999,-999.00,-999,-999.00,-999.00,-999.00,2655,-999.00,-999.00,-999.00,-999.00,-999.00,-999.00,-999.00,-999.00,-999.00,-999.00,-999.00,-999,-999.00,-999.00,-999.00,-999.00,-999.00,-999.00,-999.00
Rodentia,Cricetidae,Proedromys,bedfordi,proedromys bedfordi,-999.00,-999.00,-999.00,-999.00,-999.00,-999.00,-999.00,-999.00,-999.00,-999.00,-999.00,-999.00,-999.00,-999.00,-999.00,-999.00,-999.00,-999.00,-999.00,-999.00,-999.00,-999.00,-999.00,-999.00,-999,-999.00,-999,-999.00,-999.00,-999.00,-999,-999.00,-999.00,-999.00,-999.00,23967.19,34.20,32.06,33.13,104.71,102.63,103.67,5,32.68,5.00,0.08,59.12,60.27,666.89,839.86
Carnivora,Felidae,Profelis,aurata,profelis aurata,2.00,11277.17,-999.00,797.61,-999.00,-999.00,-999.00,-999.00,1.00,-999.00,81.34,1.00,-999.00,-999.00,-999.00,2.25,-999.00,-999.00,211.24,-999.00,-999.00,-999.00,650.61,-999.00,4,1.00,3,119.32,-999.00,-999.00,1113;2655,-999.00,-999.00,-999.00,-999.00,4948244.43,15.47,-10.50,2.48,38.73,-16.79,10.96,0,30.06,1.00,0.12,138.04,242.44,1246.82,1551.45
Lagomorpha,Prolagidae,Prolagus,sardus,prolagus sardus,-999.00,-999.00,-999.00,225.00,-999.00,-999.00,-999.00,-999.00,-999.00,-999.00,-999.00,-999.00,-999.00,-999.00,-999.00,-999.00,-999.00,-999.00,-999.00,-999.00,-999.00,-999.00,-999.00,-999.00,-999,-999.00,-999,-999.00,-999.00,-999.00,1712,322.55,-999.00,-999.00,-999.00,-999.00,-999.00,-999.00,-999.00,-999.00,-999.00,-999.00,-999,-999.00,-999.00,-999.00,-999.00,-999.00,-999.00,-999.00
Primates,Lemuridae,Prolemur,simus,prolemur simus,2.00,2030.41,-999.00,370.00,-999.00,-999.00,-999.00,-999.00,4.00,-999.00,140.00,2.00,0.62,-999.00,-999.00,1.00,1.00,144.00,-999.00,-999.00,-999.00,4.00,-999.00,7.50,-999,2.00,2,-999.00,-999.00,-999.00,543;1015;1046;1048;1544;1545;1546;1547;2041;2151;2344;2655,-999.00,-999.00,-999.00,-999.00,4564.82,-20.65,-22.87,-21.76,47.93,46.77,47.35,8,29.50,8.00,0.19,174.64,189.18,1334.86,1505.26
Rodentia,Cricetidae,Prometheomys,schaposchnikowi,prometheomys schaposchnikowi,-999.00,75.00,-999.00,-999.00,-999.00,-999.00,-999.00,-999.00,-999.00,-999.00,-999.00,-999.00,-999.00,-999.00,-999.00,3.40,2.00,-999.00,-999.00,-999.00,-999.00,-999.00,-999.00,-999.00,-999,-999.00,-999,21.00,-999.00,-999.00,1297;2655,-999.00,-999.00,-999.00,-999.00,74444.00,44.90,40.92,42.91,46.24,39.66,42.95,9,60.58,11.00,3.2106333129902e-03,66.37,31.00,621.00,703.20
Chiroptera,Molossidae,Promops,centralis,promops centralis,-999.00,29.80,53.03,-999.00,-999.00,-999.00,-999.00,-999.00,-999.00,-999.00,-999.00,1.00,-999.00,-999.00,-999.00,0.99,1.00,-999.00,2.44,28.78,-999.00,-999.00,-999.00,-999.00,-999,2.00,-999,41.99,-999.00,-999.00,419;1297;1432;1658;2151;2540;2655,-999.00,-999.00,-999.00,-999.00,4740669.41,21.62,-28.70,-3.53,-52.85,-104.83,-78.84,0,37.35,0.00,0.12,129.01,219.78,1224.51,1509.14
Chiroptera,Molossidae,Promops,nasutus,promops nasutus,-999.00,15.50,47.29,-999.00,-999.00,-999.00,-999.00,-999.00,1.00,-999.00,-999.00,1.00,-999.00,-999.00,-999.00,-999.00,-999.00,-999.00,3.57,-999.00,-999.00,-999.00,-999.00,-999.00,-999,2.00,3,-999.00,-999.00,-999.00,197;890;1432;1658;2151;2622;2655,-999.00,-999.00,-999.00,-999.00,8264473.62,10.84,-33.21,-11.18,-41.85,-81.35,-61.60,0,11.88,0.00,0.11,137.94,224.26,1238.10,1469.52
Lagomorpha,Leporidae,Pronolagus,crassicaudatus,pronolagus crassicaudatus,1.00,2415.27,-999.00,510.00,-999.00,-999.00,-999.00,-999.00,2.00,-999.00,-999.00,1.00,-999.00,-999.00,-999.00,1.50,-999.00,-999.00,-999.00,-999.00,-999.00,-999.00,-999.00,-999.00,-999,1.00,1,-999.00,-999.00,-999.00,95;1297;1601;2655;2656,-999.00,-999.00,-999.00,-999.00,172093.94,-25.82,-32.88,-29.35,32.90,27.70,30.30,7,72.78,10.00,0.11,70.40,164.41,978.38,1193.56
Lagomorpha,Leporidae,Pronolagus,randensis,pronolagus randensis,1.00,2376.47,-999.00,459.99,-999.00,-999.00,-999.00,-999.00,2.00,-999.00,-999.00,-999.00,-999.00,-999.00,-999.00,1.05,-999.00,-999.00,-999.00,-999.00,-999.00,-999.00,-999.00,-999.00,-999,-999.00,1,-999.00,-999.00,-999.00,95;1297;1601;2655,-999.00,-999.00,-999.00,-999.00,680369.23,-13.06,-27.58,-20.32,33.13,12.22,22.68,0,26.41,0.00,0.09,40.88,184.58,581.38,1319.17
Lagomorpha,Leporidae,Pronolagus,rupestris,pronolagus rupestris,1.00,2249.99,-999.00,438.44,-999.00,-999.00,-999.00,-999.00,2.00,-999.00,-999.00,-999.00,-999.00,-999.00,-999.00,2.00,-999.00,-999.00,-999.00,-999.00,-999.00,-999.00,-999.00,-999.00,-999,-999.00,1,-999.00,-999.00,-999.00,95;1297;1600;1601;2655,-999.00,-999.00,-999.00,-999.00,1388367.94,1.29,-34.83,-16.77,36.29,15.55,25.92,0,30.07,0.00,0.12,47.96,176.16,623.82,1255.86
Primates,Indriidae,Propithecus,coquereli,propithecus coquereli,3.00,4189.27,-999.00,-999.00,-999.00,1533.00,-999.00,-999.00,-999.00,-999.00,140.99,-999.00,-999.00,-999.00,365.00,1.00,-999.00,-999.00,102.45,-999.00,-999.00,-999.00,-999.00,5.50,-999,-999.00,-999,180.96,-999.00,-999.00,1546;1547,-999.00,1.10,-999.00,-999.00,7668.04,-14.57,-16.41,-15.49,48.63,46.66,47.65,9,16.43,9.00,0.19,134.79,251.42,982.55,1753.03
Primates,Indriidae,Propithecus,deckenii,propithecus deckenii,-999.00,-999.00,-999.00,-999.00,-999.00,-999.00,-999.00,-999.00,-999.00,-999.00,-999.00,-999.00,-999.00,-999.00,-999.00,-999.00,-999.00,-999.00,-999.00,-999.00,-999.00,-999.00,-999.00,-999.00,-999,-999.00,-999,-999.00,-999.00,-999.00,-999,-999.00,-999.00,-999.00,-999.00,29372.01,-15.70,-19.63,-17.67,46.72,43.92,45.32,2,9.19,2.00,0.16,111.93,244.74,972.47,1552.97
Primates,Indriidae,Propithecus,diadema,propithecus diadema,3.00,6568.99,-999.00,501.74,-999.00,1553.07,-999.00,-999.00,3.00,-999.00,152.08,2.00,0.21,0.35,745.20,1.01,-999.00,-999.00,134.99,-999.00,5.65,-999.00,1683.65,4.95,2,2.00,1,256.27,-999.00,-999.00,208;899;1046;1048;1261;1297;1544;1546;1547;1768;1848;2041;2151;2344;2493;2655;2986;3090,-999.00,0.76,-999.00,-999.00,39817.06,-14.26,-19.74,-17.00,50.02,47.75,48.88,8,42.92,11.00,0.18,183.83,198.34,1343.20,1613.75
Primates,Indriidae,Propithecus,edwardsi,propithecus edwardsi,3.00,6573.27,-999.00,-999.00,-999.00,-999.00,-999.00,-999.00,-999.00,-999.00,-999.00,-999.00,-999.00,-999.00,-999.00,-999.00,-999.00,-999.00,-999.00,-999.00,-999.00,-999.00,-999.00,6.00,-999,-999.00,-999,-999.00,-999.00,-999.00,1546,-999.00,-999.00,-999.00,-999.00,12906.49,-19.73,-23.05,-21.39,47.99,46.73,47.36,8,45.02,8.00,0.18,167.26,183.01,1328.96,1496.33
Primates,Indriidae,Propithecus,perrieri,propithecus perrieri,3.00,-999.00,-999.00,-999.00,-999.00,-999.00,-999.00,-999.00,-999.00,-999.00,-999.00,-999.00,-999.00,-999.00,-999.00,-999.00,-999.00,-999.00,-999.00,-999.00,-999.00,-999.00,-999.00,4.50,-999,-999.00,-999,-999.00,-999.00,-999.00,1546,-999.00,-999.00,-999.00,-999.00,661.89,-12.69,-12.98,-12.84,49.67,49.31,49.49,9,12.00,9.00,0.13,90.50,252.50,-999.00,-999.00
Primates,Indriidae,Propithecus,tattersalli,propithecus tattersalli,3.00,3531.39,-999.00,475.00,-999.00,1642.50,-999.00,-999.00,4.00,-999.00,-999.00,2.00,0.06,-999.00,-999.00,-999.00,-999.00,-999.00,97.47,-999.00,65.00,-999.00,-999.00,4.10,2,2.00,1,152.13,-999.00,-999.00,899;1048;1544;1545;1546;1547;1848;2041;2151;2344;2655,-999.00,-999.00,-999.00,-999.00,563.17,-12.93,-13.24,-13.08,49.79,49.53,49.66,9,10.99,9.00,0.15,104.49,251.51,1149.00,1476.00
Primates,Indriidae,Propithecus,verreauxi,propithecus verreauxi,3.00,3588.26,-999.00,472.49,-999.00,1668.05,670.00,3350.00,3.00,-999.00,149.77,1.00,0.03,0.05,365.00,1.02,1.00,247.20,102.65,-999.00,150.00,7.50,943.94,6.30,2,2.00,1,177.83,-999.00,-999.00,208;511;543;730;899;1046;1048;1167;1261;1297;1544;1545;1546;1547;1848;2151;2344;2428;2429;2489;2493;2655;2986;3086,-999.00,-999.00,-999.00,-999.00,65373.06,-19.68,-25.58,-22.63,46.68,43.22,44.95,2,14.56,3.00,0.20,58.13,235.37,800.46,1657.27
Rodentia,Sciuridae,Prosciurillus,abstrusus,prosciurillus abstrusus,-999.00,-999.00,-999.00,-999.00,-999.00,-999.00,-999.00,-999.00,-999.00,-999.00,-999.00,-999.00,-999.00,-999.00,-999.00,-999.00,-999.00,-999.00,-999.00,-999.00,-999.00,-999.00,-999.00,-999.00,-999,-999.00,-999,-999.00,-999.00,-999.00,-999,-999.00,-999.00,-999.00,-999.00,62.43,-3.54,-3.62,-3.58,121.29,121.21,121.25,36,36.00,36.00,0.12,239.00,196.00,-999.00,-999.00
Rodentia,Sciuridae,Prosciurillus,leucomus,prosciurillus leucomus,-999.00,-999.00,-999.00,-999.00,-999.00,-999.00,-999.00,-999.00,-999.00,-999.00,-999.00,-999.00,-999.00,-999.00,-999.00,-999.00,-999.00,-999.00,-999.00,-999.00,-999.00,-999.00,-999.00,-999.00,-999,-999.00,-999,-999.00,-999.00,-999.00,-999,-999.00,-999.00,-999.00,-999.00,131517.47,0.98,-5.00,-2.01,123.45,118.75,121.10,17,57.45,17.00,0.09,229.25,214.30,1812.60,1909.15
Rodentia,Sciuridae,Prosciurillus,murinus,prosciurillus murinus,-999.00,-999.00,-999.00,-999.00,-999.00,-999.00,-999.00,-999.00,-999.00,-999.00,-999.00,-999.00,-999.00,-999.00,-999.00,-999.00,-999.00,-999.00,-999.00,-999.00,-999.00,-999.00,-999.00,-999.00,-999,-999.00,-999,-999.00,-999.00,-999.00,-999,-999.00,-999.00,-999.00,-999.00,36268.59,-0.56,-2.39,-1.47,123.45,119.91,121.68,17,29.92,17.00,0.12,228.75,198.90,1809.19,1881.34
Rodentia,Sciuridae,Prosciurillus,rosenbergii,prosciurillus rosenbergii,-999.00,-999.00,-999.00,-999.00,-999.00,-999.00,-999.00,-999.00,-999.00,-999.00,-999.00,-999.00,-999.00,-999.00,-999.00,-999.00,-999.00,-999.00,-999.00,-999.00,-999.00,-999.00,-999.00,-999.00,-999,-999.00,-999,-999.00,-999.00,-999.00,-999,-999.00,-999.00,-999.00,-999.00,-999.00,-999.00,-999.00,-999.00,-999.00,-999.00,-999.00,-999,-999.00,-999.00,-999.00,-999.00,-999.00,-999.00,-999.00
Rodentia,Sciuridae,Prosciurillus,weberi,prosciurillus weberi,-999.00,-999.00,-999.00,-999.00,-999.00,-999.00,-999.00,-999.00,-999.00,-999.00,-999.00,-999.00,-999.00,-999.00,-999.00,-999.00,-999.00,-999.00,-999.00,-999.00,-999.00,-999.00,-999.00,-999.00,-999,-999.00,-999,-999.00,-999.00,-999.00,-999,-999.00,-999.00,-999.00,-999.00,8804.22,-1.81,-2.63,-2.22,120.83,119.56,120.19,17,35.62,17.00,0.14,220.12,164.99,1823.24,1852.12
Chiroptera,Phyllostomidae,Phyllostomus,latifolius,phyllostomus latifolius,-999.00,134.00,58.00,-999.00,-999.00,-999.00,-999.00,-999.00,-999.00,-999.00,-999.00,1.00,-999.00,-999.00,-999.00,-999.00,-999.00,-999.00,-999.00,-999.00,-999.00,-999.00,-999.00,-999.00,-999,2.00,-999,-999.00,-999.00,-999.00,1658;2151;2622,-999.00,-999.00,-999.00,-999.00,1693847.51,5.76,-3.12,1.32,-54.12,-72.83,-63.47,0,1.54,0.00,0.11,175.64,251.14,1499.78,1639.94
Rodentia,Cricetidae,Phyllotis,amicus,phyllotis amicus,-999.00,20.19,-999.00,-999.00,-999.00,-999.00,-999.00,-999.00,-999.00,-999.00,-999.00,-999.00,-999.00,-999.00,-999.00,-999.00,-999.00,-999.00,-999.00,-999.00,-999.00,-999.00,-999.00,-999.00,-999,-999.00,-999,-999.00,-999.00,-999.00,2655,-999.00,-999.00,-999.00,-999.00,93686.60,-5.63,-15.64,-10.63,-73.21,-81.19,-77.20,2,77.01,4.00,0.07,21.19,87.41,495.30,1306.39
Rodentia,Cricetidae,Phyllotis,andium,phyllotis andium,-999.00,53.00,-999.00,-999.00,-999.00,-999.00,-999.00,-999.00,-999.00,-999.00,-999.00,-999.00,-999.00,-999.00,-999.00,-999.00,-999.00,-999.00,-999.00,-999.00,-999.00,-999.00,-999.00,-999.00,-999,-999.00,-999,-999.00,-999.00,-999.00,2655,-999.00,-999.00,-999.00,-999.00,112900.23,-2.66,-12.26,-7.46,-76.15,-80.13,-78.14,4,74.09,6.00,0.09,64.59,143.91,742.53,1398.68
Rodentia,Cricetidae,Phyllotis,bonariensis,phyllotis bonariensis,-999.00,42.50,-999.00,-999.00,-999.00,-999.00,-999.00,-999.00,-999.00,-999.00,-999.00,-999.00,-999.00,-999.00,-999.00,-999.00,-999.00,-999.00,-999.00,-999.00,-999.00,-999.00,-999.00,-999.00,-999,-999.00,-999,-999.00,-999.00,-999.00,2655,-999.00,-999.00,-999.00,-999.00,3123.42,-37.55,-38.18,-37.87,-61.64,-62.31,-61.97,6,11.73,6.00,0.04,60.76,129.23,675.06,910.54
Rodentia,Cricetidae,Phyllotis,caprinus,phyllotis caprinus,-999.00,50.80,-999.00,-999.00,-999.00,-999.00,-999.00,-999.00,-999.00,-999.00,-999.00,-999.00,-999.00,-999.00,-999.00,-999.00,-999.00,-999.00,-999.00,-999.00,-999.00,-999.00,-999.00,-999.00,-999,-999.00,-999,-999.00,-999.00,-999.00,2655,-999.00,-999.00,-999.00,-999.00,77627.40,-20.01,-24.39,-22.20,-63.88,-66.09,-64.98,1,9.63,1.00,0.09,53.05,97.91,697.91,1430.48
Chiroptera,Pteropodidae,Ptenochirus,jagori,ptenochirus jagori,-999.00,79.18,84.34,-999.00,-999.00,243.33,-999.00,-999.00,1.00,-999.00,125.14,1.00,-999.00,-999.00,-999.00,1.00,2.00,96.00,17.40,-999.00,-999.00,-999.00,251.71,5.50,-999,2.00,1,89.99,-999.00,-999.00,1309;1439;1658;1705;2017;2151;2655;2885,-999.00,-999.00,-999.00,-999.00,248720.14,19.00,5.01,12.00,126.60,119.73,123.16,19,235.40,32.00,0.09,199.19,241.88,1471.18,1731.81
Chiroptera,Pteropodidae,Ptenochirus,minor,ptenochirus minor,-999.00,47.02,69.50,-999.00,-999.00,-999.00,-999.00,-999.00,-999.00,-999.00,-999.00,1.00,-999.00,-999.00,-999.00,-999.00,-999.00,-999.00,-999.00,-999.00,-999.00,-999.00,-999.00,-999.00,-999,2.00,-999,-999.00,-999.00,-999.00,1439;1658;2151;2655,-999.00,-999.00,-999.00,-999.00,103200.29,11.70,5.55,8.63,126.60,121.89,124.24,33,170.38,55.00,0.11,175.70,238.87,1567.81,1734.24
Chiroptera,Pteropodidae,Pteralopex,acrodonta,pteralopex acrodonta,-999.00,257.53,117.99,186.79,-999.00,-999.00,-999.00,-999.00,-999.00,-999.00,-999.00,1.00,-999.00,-999.00,-999.00,-999.00,-999.00,-999.00,-999.00,-999.00,-999.00,-999.00,-999.00,1.00,-999,2.00,-999,-999.00,-999.00,-999.00,978;1658;2017;2151;2655,-999.00,-999.00,-999.00,-999.00,440.14,-16.68,-17.00,-16.84,179.99,-179.99,2.84e-14,42,42.00,42.00,0.07,-999.00,-999.00,-999.00,-999.00
Chiroptera,Pteropodidae,Pteralopex,anceps,pteralopex anceps,-999.00,574.75,165.50,262.31,-999.00,-999.00,-999.00,-999.00,-999.00,-999.00,-999.00,1.00,-999.00,-999.00,-999.00,1.00,-999.00,-999.00,-999.00,-999.00,-999.00,-999.00,-999.00,-999.00,-999,2.00,-999,-999.00,-999.00,-999.00,406;1658;2151;2280;2655,-999.00,-999.00,-999.00,-999.00,7318.84,-5.12,-7.41,-6.27,157.55,154.58,156.07,13,16.77,13.00,0.14,182.39,261.39,-999.00,-999.00
Chiroptera,Pteropodidae,Pteralopex,atrata,pteralopex atrata,-999.00,490.80,142.48,207.44,-999.00,-999.00,-999.00,-999.00,-999.00,-999.00,-999.00,1.00,-999.00,-999.00,-999.00,-999.00,-999.00,-999.00,-999.00,-999.00,-999.00,-999.00,-999.00,-999.00,-999,2.00,-999,-999.00,-999.00,-999.00,978;1658;2151;2655,-999.00,-999.00,-999.00,-999.00,9345.46,-7.50,-9.94,-8.72,160.83,158.41,159.62,13,13.00,13.00,0.18,195.19,261.82,-999.00,-999.00
Chiroptera,Pteropodidae,Pteralopex,pulchra,pteralopex pulchra,-999.00,291.15,-999.00,-999.00,-999.00,-999.00,-999.00,-999.00,-999.00,-999.00,-999.00,1.00,-999.00,-999.00,-999.00,-999.00,-999.00,-999.00,-999.00,-999.00,-999.00,-999.00,-999.00,-999.00,-999,2.00,-999,-999.00,-999.00,-999.00,973;2151;2655,-999.00,-999.00,-999.00,-999.00,728.08,-9.57,-9.80,-9.68,160.26,159.81,160.04,13,13.00,13.00,0.18,200.00,247.50,-999.00,-999.00
Chiroptera,Pteropodidae,Pteralopex,taki,pteralopex taki,-999.00,-999.00,-999.00,-999.00,-999.00,-999.00,-999.00,-999.00,-999.00,-999.00,-999.00,-999.00,-999.00,-999.00,-999.00,-999.00,-999.00,-999.00,-999.00,-999.00,-999.00,-999.00,-999.00,-999.00,-999,-999.00,-999,-999.00,-999.00,-999.00,-999,-999.00,-999.00,-999.00,-999.00,2637.00,-7.94,-8.77,-8.36,158.12,157.18,157.65,13,13.00,13.00,0.18,186.50,270.00,-999.00,-999.00
Rodentia,Sciuridae,Pteromys,momonga,pteromys momonga,-999.00,-999.00,-999.00,-999.00,-999.00,-999.00,-999.00,-999.00,-999.00,-999.00,-999.00,-999.00,-999.00,-999.00,-999.00,-999.00,-999.00,-999.00,-999.00,-999.00,-999.00,-999.00,-999.00,-999.00,-999,-999.00,-999,-999.00,-999.00,-999.00,-999,-999.00,-999.00,-999.00,-999.00,264536.02,41.54,30.98,36.26,142.07,129.55,135.81,74,396.59,100.00,0.01,143.02,104.30,784.99,830.18
Rodentia,Sciuridae,Pteromys,volans,pteromys volans,1.00,143.09,-999.00,160.02,-999.00,-999.00,-999.00,-999.00,3.00,-999.00,28.18,1.00,0.05,0.04,-999.00,2.50,1.50,45.60,-999.00,-999.00,-999.00,-999.00,-999.00,-999.00,-999,2.00,2,-999.00,-999.00,-999.00,511;543;1249;1297;1849;2655,-999.00,-999.00,-999.00,-999.00,13883153.56,72.05,37.01,54.53,174.20,21.08,97.64,0,21.77,0.00,-0.01,33.41,-59.39,313.15,349.87
Rodentia,Sciuridae,Pteromyscus,pulverulentus,pteromyscus pulverulentus,-999.00,251.30,-999.00,229.00,-999.00,-999.00,-999.00,-999.00,-999.00,-999.00,-999.00,1.00,-999.00,-999.00,-999.00,1.28,-999.00,-999.00,-999.00,-999.00,-999.00,-999.00,-999.00,-999.00,-999,2.00,-999,-999.00,-999.00,-999.00,32;1297;1971;2098;2152;2655;2844,-999.00,-999.00,-999.00,-999.00,238644.25,7.68,-5.24,1.22,117.27,96.45,106.86,1,94.93,4.00,0.14,228.86,247.46,1687.69,1767.00
Chiroptera,Mormoopidae,Pteronotus,davyi,pteronotus davyi,-999.00,9.52,45.10,-999.00,-999.00,-999.00,15.32,9.40,1.00,-999.00,-999.00,1.00,-999.00,-999.00,-999.00,0.99,1.00,-999.00,1.15,31.28,-999.00,-999.00,-999.00,-999.00,-999,2.00,3,-999.00,-999.00,-999.00,15;196;404;889;1297;1658;1822;1920;2143;2151;2295;2622;2655;2719;3023,-999.00,-999.00,-999.00,-999.00,2748221.32,29.71,-8.17,10.77,-60.37,-112.09,-86.23,0,63.21,2.00,0.12,126.19,224.94,1175.64,1553.86
Chiroptera,Mormoopidae,Pteronotus,gymnonotus,pteronotus gymnonotus,-999.00,13.60,51.74,-999.00,-999.00,-999.00,-999.00,-999.00,1.00,-999.00,-999.00,1.00,-999.00,-999.00,-999.00,0.98,-999.00,-999.00,-999.00,-999.00,-999.00,-999.00,-999.00,-999.00,-999,2.00,3,-999.00,-999.00,-999.00,196;889;1297;1432;1658;2143;2151;2622;2655,-999.00,-999.00,-999.00,-999.00,3390492.62,18.71,-16.45,1.13,-53.75,-95.58,-74.66,0,30.85,0.00,0.14,153.35,235.89,1340.63,1572.74
Chiroptera,Mormoopidae,Pteronotus,macleayii,pteronotus macleayii,-999.00,-999.00,43.50,-999.00,-999.00,-999.00,-999.00,-999.00,1.00,-999.00,-999.00,1.00,-999.00,-999.00,-999.00,-999.00,-999.00,-999.00,-999.00,-999.00,-999.00,-999.00,-999.00,-999.00,-999,2.00,3,-999.00,-999.00,-999.00,889;1658;2151,12.39,-999.00,-999.00,-999.00,120492.27,23.19,17.70,20.44,-74.13,-84.95,-79.54,2,118.67,18.00,0.02,108.01,251.47,1271.00,1782.03
Chiroptera,Pteropodidae,Pteropus,chrysoproctus,pteropus chrysoproctus,-999.00,730.19,170.00,253.59,-999.00,-999.00,-999.00,-999.00,-999.00,-999.00,-999.00,1.00,-999.00,-999.00,-999.00,-999.00,-999.00,-999.00,-999.00,-999.00,-999.00,-999.00,-999.00,-999.00,-999,2.00,-999,-999.00,-999.00,-999.00,978;1658;2151;2655,-999.00,-999.00,-999.00,-999.00,29871.72,-1.15,-4.42,-2.78,131.60,125.99,128.80,5,27.16,5.00,0.04,280.90,237.20,-999.00,-999.00
Chiroptera,Pteropodidae,Pteropus,cognatus,pteropus cognatus,-999.00,-999.00,121.67,-999.00,-999.00,-999.00,-999.00,-999.00,-999.00,-999.00,-999.00,-999.00,-999.00,-999.00,-999.00,-999.00,-999.00,-999.00,-999.00,-999.00,-999.00,-999.00,-999.00,1.00,-999,-999.00,-999,-999.00,-999.00,-999.00,78;978,235.79,-999.00,-999.00,-999.00,3397.56,-10.17,-10.85,-10.51,162.39,161.25,161.82,13,13.00,13.00,0.18,225.00,257.00,-999.00,-999.00
Chiroptera,Pteropodidae,Pteropus,conspicillatus,pteropus conspicillatus,-999.00,760.71,174.06,-999.00,-999.00,-999.00,-999.00,-999.00,3.00,-999.00,-999.00,1.00,-999.00,-999.00,-999.00,1.00,-999.00,-999.00,-999.00,-999.00,-999.00,100.00,755.15,-999.00,-999,2.00,1,139.51,-999.00,-999.00,196;360;406;1297;1658;2151;2433;2434;2622;2655;2719,-999.00,-999.00,-999.00,-999.00,384685.67,2.64,-23.47,-10.41,154.28,127.28,140.78,0,9.61,0.00,0.08,162.43,242.16,1222.64,1691.36
Chiroptera,Pteropodidae,Pteropus,dasymallus,pteropus dasymallus,2.00,491.86,131.00,-999.00,-999.00,-999.00,-999.00,-999.00,3.00,-999.00,-999.00,1.00,-999.00,-999.00,-999.00,1.00,-999.00,372.00,-999.00,-999.00,-999.00,-999.00,-999.00,-999.00,-999,2.00,2,-999.00,-999.00,-999.00,1015;1032;1439;1658;2017;2151;2622;2655,-999.00,-999.00,-999.00,-999.00,3178.37,31.82,18.84,25.33,131.27,121.19,126.23,72,256.26,73.00,0.02,169.45,131.18,-999.00,-999.00
Chiroptera,Pteropodidae,Pteropus,faunulus,pteropus faunulus,-999.00,-999.00,114.65,169.49,-999.00,-999.00,-999.00,-999.00,-999.00,-999.00,-999.00,1.00,-999.00,-999.00,-999.00,-999.00,-999.00,-999.00,-999.00,-999.00,-999.00,-999.00,-999.00,-999.00,-999,2.00,-999,-999.00,-999.00,-999.00,212;1658;2151,222.62,-999.00,-999.00,-999.00,314.24,9.25,7.92,8.59,93.57,92.70,93.14,14,44.71,14.00,0.15,-999.00,-999.00,-999.00,-999.00
Chiroptera,Pteropodidae,Pteropus,fundatus,pteropus fundatus,-999.00,210.67,101.56,147.36,-999.00,-999.00,-999.00,-999.00,-999.00,-999.00,-999.00,1.00,-999.00,-999.00,-999.00,-999.00,-999.00,-999.00,-999.00,-999.00,-999.00,-999.00,-999.00,-999.00,-999,2.00,-999,-999.00,-999.00,-999.00,978;1658;2151;2655,-999.00,-999.00,-999.00,-999.00,325.78,-13.70,-13.94,-13.82,167.70,167.38,167.54,14,14.00,14.00,0.16,-999.00,-999.00,-999.00,-999.00
Chiroptera,Pteropodidae,Pteropus,giganteus,pteropus giganteus,-999.00,824.85,177.97,-999.00,0.00,-999.00,377.00,739.20,1.00,-999.00,166.59,1.00,-999.00,-999.00,-999.00,0.99,1.00,376.80,90.32,-999.00,-999.00,550.00,395.29,-999.00,-999,2.00,1,152.08,-999.00,-999.00,211;212;543;1164;1297;1309;1386;1388;1528;1536;1658;1883;1884;1915;1950;2017;2045;2085;2143;2151;2549;2655;3023,-999.00,-999.00,-999.00,-999.00,3550847.86,34.03,1.88,17.95,96.91,66.78,81.85,0,331.94,34.00,0.09,105.00,243.34,783.94,1421.50
Chiroptera,Pteropodidae,Pteropus,gilliardorum,pteropus gilliardorum,-999.00,406.94,114.63,159.02,-999.00,-999.00,-999.00,-999.00,-999.00,-999.00,-999.00,1.00,-999.00,-999.00,-999.00,-999.00,-999.00,-999.00,-999.00,-999.00,-999.00,-999.00,-999.00,1.00,-999,2.00,-999,-999.00,-999.00,-999.00,406;978;1658;2151;2655,-999.00,-999.00,-999.00,-999.00,749.41,-4.28,-5.94,-5.11,153.03,149.63,151.33,8,11.59,8.00,0.17,206.64,233.32,-999.00,-999.00
Chiroptera,Pteropodidae,Pteropus,griseus,pteropus griseus,-999.00,-999.00,-999.00,-999.00,-999.00,-999.00,-999.00,-999.00,-999.00,-999.00,-999.00,-999.00,-999.00,-999.00,-999.00,-999.00,-999.00,-999.00,-999.00,-999.00,-999.00,-999.00,-999.00,-999.00,-999,-999.00,-999,-999.00,-999.00,-999.00,-999,-999.00,-999.00,-999.00,-999.00,202738.63,5.12,-10.37,-2.62,129.95,114.39,122.17,0,93.90,17.00,0.08,212.28,219.97,1812.60,1909.15
Chiroptera,Vespertilionidae,Rhogeessa,io,rhogeessa io,-999.00,-999.00,-999.00,-999.00,-999.00,-999.00,-999.00,-999.00,-999.00,-999.00,-999.00,-999.00,-999.00,-999.00,-999.00,-999.00,-999.00,-999.00,-999.00,-999.00,-999.00,-999.00,-999.00,-999.00,-999,-999.00,-999,-999.00,-999.00,-999.00,-999,-999.00,-999.00,-999.00,-999.00,7429453.62,12.99,-17.57,-2.29,-34.79,-86.87,-60.83,0,22.16,0.00,0.13,144.32,245.15,1278.00,1577.05
Chiroptera,Vespertilionidae,Rhogeessa,minutilla,rhogeessa minutilla,-999.00,3.75,27.50,-999.00,-999.00,-999.00,-999.00,-999.00,-999.00,-999.00,-999.00,1.00,-999.00,-999.00,-999.00,-999.00,-999.00,-999.00,-999.00,-999.00,-999.00,-999.00,-999.00,-999.00,-999,2.00,-999,-999.00,-999.00,-999.00,1658;2151;2622;2655,-999.00,-999.00,-999.00,-999.00,943337.30,12.46,-0.06,6.19,-60.52,-75.80,-68.16,0,48.14,1.00,0.12,120.54,243.54,1349.61,1641.61
Chiroptera,Vespertilionidae,Rhogeessa,mira,rhogeessa mira,-999.00,-999.00,25.50,-999.00,-999.00,-999.00,-999.00,-999.00,-999.00,-999.00,-999.00,1.00,-999.00,-999.00,-999.00,-999.00,-999.00,-999.00,-999.00,-999.00,-999.00,-999.00,-999.00,-999.00,-999,2.00,-999,-999.00,-999.00,-999.00,1658;2151,2.68,-999.00,-999.00,-999.00,7524.33,18.66,17.92,18.29,-101.91,-103.13,-102.52,8,26.68,8.00,0.08,106.38,228.90,869.98,1648.99
Chiroptera,Vespertilionidae,Rhogeessa,parvula,rhogeessa parvula,-999.00,4.37,29.00,-999.00,-999.00,-999.00,-999.00,-999.00,1.00,-999.00,-999.00,1.00,-999.00,-999.00,-999.00,1.98,-999.00,-999.00,-999.00,-999.00,-999.00,-999.00,-999.00,-999.00,-999,2.00,3,-999.00,-999.00,-999.00,196;1297;1658;2151;2655;2719,-999.00,-999.00,-999.00,-999.00,449611.68,29.51,15.64,22.58,-93.45,-112.08,-102.77,1,68.19,5.00,0.07,77.10,201.72,821.49,1475.15
Chiroptera,Vespertilionidae,Rhogeessa,tumida,rhogeessa tumida,-999.00,4.58,29.49,-999.00,-999.00,-999.00,-999.00,-999.00,1.00,-999.00,-999.00,1.00,-999.00,-999.00,-999.00,1.40,-999.00,-999.00,-999.00,-999.00,-999.00,-999.00,-999.00,-999.00,-999,2.00,3,-999.00,-999.00,-999.00,196;1297;1658;2143;2151;2622;2655;2719;2751,-999.00,-999.00,-999.00,-999.00,781796.28,24.58,9.59,17.09,-83.13,-99.74,-91.43,0,59.62,4.00,0.15,135.91,234.63,1254.14,1602.87
Rodentia,Muridae,Rhombomys,opimus,rhombomys opimus,-999.00,-999.00,-999.00,-999.00,-999.00,-999.00,-999.00,-999.00,-999.00,-999.00,27.50,-999.00,-999.00,-999.00,-999.00,4.59,3.25,48.00,4.75,-999.00,-999.00,-999.00,108.27,-999.00,-999,-999.00,-999,23.15,-999.00,-999.00,543;1297,-999.00,-999.00,-999.00,-999.00,4000734.54,48.99,27.72,38.35,114.48,50.21,82.35,0,13.97,0.00,0.06,16.52,90.64,198.64,777.28
Macroscelidea,Macroscelididae,Rhynchocyon,chrysopygus,rhynchocyon chrysopygus,3.00,535.20,-999.00,273.44,-999.00,-999.00,-999.00,-999.00,1.00,-999.00,42.27,1.00,0.02,0.01,81.00,1.22,-999.00,48.00,80.00,-999.00,120.90,2.00,-999.00,2.00,4,1.00,3,14.00,180.00,-999.00,511;543;899;964;965;966;1297;1573;2113;2151;2389;2390;2391;2655,-999.00,2.35,-999.00,-999.00,6122.78,-1.34,-3.96,-2.65,41.58,39.56,40.57,4,42.51,4.00,0.18,62.32,267.22,863.03,1859.87
Macroscelidea,Macroscelididae,Rhynchocyon,cirnei,rhynchocyon cirnei,3.00,424.92,-999.00,-999.00,-999.00,-999.00,-999.00,-999.00,1.00,-999.00,-999.00,-999.00,-999.00,-999.00,-999.00,1.93,4.50,-999.00,-999.00,-999.00,-999.00,-999.00,-999.00,-999.00,-999,-999.00,3,-999.00,-999.00,-999.00,1297;1585;2151;2391;2655,-999.00,-999.00,-999.00,-999.00,1862288.18,5.16,-18.93,-6.88,40.84,17.73,29.28,0,28.78,2.00,0.16,108.26,232.24,1149.86,1575.61
Macroscelidea,Macroscelididae,Rhynchocyon,petersi,rhynchocyon petersi,-999.00,423.99,-999.00,-999.00,-999.00,-999.00,-999.00,-999.00,-999.00,-999.00,-999.00,-999.00,-999.00,-999.00,-999.00,1.93,-999.00,-999.00,-999.00,-999.00,-999.00,-999.00,-999.00,-999.00,-999,-999.00,-999,-999.00,-999.00,-999.00,1297;2391;2655,-999.00,-999.00,-999.00,-999.00,72695.75,-3.74,-8.07,-5.91,39.90,37.43,38.67,8,145.12,14.00,0.15,96.03,248.36,1056.50,1680.08
Carnivora,Herpestidae,Rhynchogale,melleri,rhynchogale melleri,1.00,2240.33,-999.00,459.59,-999.00,-999.00,-999.00,-999.00,6.00,-999.00,-999.00,1.00,-999.00,-999.00,-999.00,2.00,-999.00,-999.00,-999.00,-999.00,-999.00,-999.00,-999.00,-999.00,-999,1.00,2,-999.00,-999.00,-999.00,1113;1297;2655,-999.00,-999.00,-999.00,-999.00,2352914.33,-2.64,-27.21,-14.93,39.92,21.54,30.73,1,28.10,2.00,0.18,82.32,221.16,857.91,1474.38
Paucituberculata,Caenolestidae,Rhyncholestes,raphanurus,rhyncholestes raphanurus,2.00,21.94,-999.00,113.27,-999.00,-999.00,-999.00,-999.00,6.00,-999.00,-999.00,2.00,-999.00,-999.00,-999.00,-999.00,-999.00,-999.00,-999.00,-999.00,-999.00,-999.00,-999.00,-999.00,7,2.00,2,-999.00,-999.00,-999.00,889;899;1760;2008;2230;2290;2655,-999.00,-999.00,-999.00,-999.00,14638.53,-40.47,-43.32,-41.90,-71.95,-74.17,-73.06,4,18.60,4.00,0.07,159.95,85.78,716.14,756.66
Peramelemorphia,Peramelidae,Rhynchomeles,prattorum,rhynchomeles prattorum,-999.00,-999.00,-999.00,-999.00,-999.00,-999.00,-999.00,-999.00,-999.00,-999.00,-999.00,-999.00,-999.00,-999.00,-999.00,-999.00,-999.00,-999.00,-999.00,-999.00,-999.00,-999.00,-999.00,-999.00,-999,-999.00,-999,-999.00,-999.00,-999.00,-999,-999.00,-999.00,-999.00,-999.00,2513.87,-2.96,-3.31,-3.13,129.86,129.06,129.46,23,23.00,23.00,0.04,280.50,233.50,-999.00,-999.00
Rodentia,Muridae,Rhynchomys,isarogensis,rhynchomys isarogensis,2.00,122.29,-999.00,187.00,-999.00,-999.00,-999.00,-999.00,1.00,-999.00,-999.00,-999.00,-999.00,-999.00,-999.00,-999.00,-999.00,-999.00,-999.00,-999.00,332.33,-999.00,-999.00,-999.00,-999,-999.00,3,-999.00,-999.00,-999.00,170;2152;2446;2655,-999.00,-999.00,-999.00,-999.00,5.28,13.66,13.63,13.65,123.39,123.37,123.38,323,323.00,323.00,0.09,331.00,252.00,-999.00,-999.00
Rodentia,Muridae,Rhynchomys,soricoides,rhynchomys soricoides,-999.00,-999.00,-999.00,201.49,-999.00,-999.00,-999.00,-999.00,-999.00,-999.00,-999.00,-999.00,-999.00,-999.00,-999.00,-999.00,-999.00,-999.00,-999.00,-999.00,-999.00,-999.00,-999.00,-999.00,-999,-999.00,-999,-999.00,-999.00,-999.00,2152,234.55,-999.00,-999.00,-999.00,263.82,16.94,16.77,16.85,120.95,120.78,120.86,93,93.00,93.00,0.09,316.00,180.00,1443.00,1557.00
Chiroptera,Emballonuridae,Rhynchonycteris,naso,rhynchonycteris naso,1.00,4.14,38.11,42.94,-999.00,547.50,-999.00,-999.00,1.00,-999.00,-999.00,1.00,-999.00,-999.00,-999.00,0.99,2.00,-999.00,0.98,30.03,-999.00,24.00,-999.00,45.00,-999,2.00,3,70.86,-999.00,-999.00,196;425;426;429;726;889;905;1297;1388;1645;1658;2143;2151;2295;2300;2537;2655;2719;3023,-999.00,-999.00,-999.00,-999.00,11358190.42,19.72,-22.78,-1.53,-34.79,-96.90,-65.84,0,21.94,0.00,0.12,157.52,244.17,1318.79,1563.25
Lagomorpha,Leporidae,Romerolagus,diazi,romerolagus diazi,2.00,465.58,-999.00,297.48,6.00,-999.00,-999.00,-999.00,2.00,-999.00,39.26,2.00,-999.00,-999.00,-999.00,2.10,-999.00,-999.00,25.86,81.96,30.67,4.50,180.18,3.50,6,1.00,1,28.71,90.09,-999.00,95;511;570;571;573;899;1165;1297;1840;2124;2314;2655;2929,-999.00,-999.00,-999.00,-999.00,820.70,19.13,19.00,19.06,-98.77,-99.46,-99.12,779,2060.50,779.00,0.08,67.50,137.50,884.00,1211.00
Chiroptera,Pteropodidae,Rousettus,aegyptiacus,rousettus aegyptiacus,1.00,134.00,93.20,167.37,-999.00,-999.00,122.64,126.00,3.00,-999.00,123.39,1.00,-999.00,-999.00,-999.00,1.07,2.00,274.80,19.13,40.04,-999.00,1000.00,315.68,-999.00,-999,2.00,1,105.00,75.10,-999.00,77;180;181;196;258;266;282;283;360;543;904;1271;1297;1309;1331;1386;1388;1469;1536;1631;1658;1663;1705;1716;1860;1948;2017;2091;2141;21432151;2176;2295;2655;2719;2904;2905;3014;3023;3071,-999.00,-999.00,-999.00,-999.00,6076089.81,37.36,-34.83,1.26,66.84,-17.53,24.65,0,75.36,1.00,0.13,85.78,226.26,828.48,1461.38
Chiroptera,Pteropodidae,Rousettus,amplexicaudatus,rousettus amplexicaudatus,-999.00,74.37,76.88,107.63,-999.00,304.16,102.50,91.50,1.00,-999.00,101.38,1.00,-999.00,-999.00,-999.00,0.99,2.00,-999.00,12.00,-999.00,-999.00,825.00,258.65,-999.00,-999,2.00,1,86.16,-999.00,-999.00,77;196;406;978;1297;1309;1386;1388;1439;1621;1658;1705;1950;1982;2017;2143;2151;2280;2622;2655;2763;3023,-999.00,-999.00,-999.00,-999.00,2568005.12,19.57,-10.94,4.31,162.39,95.18,128.79,0,122.06,4.00,0.12,228.98,242.36,1589.95,1732.99
Soricomorpha,Soricidae,Sorex,minutus,sorex minutus,2.00,4.32,-999.00,57.11,-999.00,288.95,32.84,4.20,5.00,-999.00,23.81,1.00,1.079653e-03,1.406949e-03,-999.00,6.04,1.50,24.00,0.22,-999.00,849.99,1.00,353.38,-999.00,-999,1.00,2,23.50,4.73,-999.00,34;35;440;516;540;543;620;623;626;627;629;703;730;893;1081;1082;1248;1297;1445;1577;1655;1822;1868;2148;2170;2255;2597;2619;2655;27302786;2819;2954,-999.00,-999.00,-999.00,-999.00,15353848.14,72.94,26.17,49.56,114.98,-10.47,52.25,0,54.43,0.00,9.26558116452403e-03,42.88,16.39,371.07,459.61
Soricomorpha,Soricidae,Sorex,mirabilis,sorex mirabilis,-999.00,15.00,-999.00,-999.00,-999.00,-999.00,-999.00,-999.00,2.00,-999.00,-999.00,-999.00,-999.00,-999.00,-999.00,-999.00,-999.00,-999.00,-999.00,-999.00,-999.00,-999.00,340.29,-999.00,-999,-999.00,3,-999.00,-999.00,-999.00,34;1297;1445,-999.00,-999.00,-999.00,-999.00,382085.68,47.79,39.97,43.88,137.89,126.53,132.21,1,63.92,1.00,0.02,54.83,5.28,553.74,602.76
Soricomorpha,Soricidae,Sorex,monticolus,sorex monticolus,-999.00,6.92,-999.00,-999.00,-999.00,-999.00,-999.00,-999.00,2.00,-999.00,-999.00,1.00,1.737053e-03,1.660881e-03,-999.00,5.74,3.00,16.00,-999.00,-999.00,1200.00,1.00,-999.00,-999.00,-999,1.00,2,20.88,-999.00,-999.00,626;1081;1289;1297;1445;1451;2170;2651;2655;2730;2786,-999.00,-999.00,-999.00,-999.00,4492367.53,69.39,23.47,46.43,-100.41,-168.12,-134.27,0,6.30,0.00,0.09,42.17,-8.11,321.61,521.18
Soricomorpha,Soricidae,Sorex,nanus,sorex nanus,-999.00,2.57,-999.00,52.00,-999.00,-999.00,-999.00,-999.00,-999.00,-999.00,-999.00,-999.00,-999.00,-999.00,-999.00,6.49,-999.00,-999.00,-999.00,-999.00,-999.00,-999.00,-999.00,-999.00,6,-999.00,-999,-999.00,-999.00,-999.00,1297;1356;1445;2080;2655,-999.00,-999.00,-999.00,-999.00,1000480.43,49.16,32.28,40.72,-102.38,-112.45,-107.42,0,6.92,0.00,0.10,26.60,66.00,412.72,879.92
Soricomorpha,Soricidae,Sorex,neomexicanus,sorex neomexicanus,-999.00,-999.00,-999.00,-999.00,-999.00,-999.00,-999.00,-999.00,-999.00,-999.00,-999.00,-999.00,-999.00,-999.00,-999.00,-999.00,-999.00,-999.00,-999.00,-999.00,-999.00,-999.00,-999.00,-999.00,-999,-999.00,-999,-999.00,-999.00,-999.00,-999,-999.00,-999.00,-999.00,-999.00,-999.00,-999.00,-999.00,-999.00,-999.00,-999.00,-999.00,-999,-999.00,-999.00,-999.00,-999.00,-999.00,-999.00,-999.00
Soricomorpha,Soricidae,Sorex,oreopolus,sorex oreopolus,-999.00,7.00,-999.00,-999.00,-999.00,-999.00,-999.00,-999.00,-999.00,-999.00,-999.00,-999.00,-999.00,-999.00,-999.00,-999.00,-999.00,-999.00,-999.00,-999.00,393.12,-999.00,-999.00,-999.00,-999,-999.00,-999,-999.00,-999.00,-999.00,730;925;2655,-999.00,-999.00,-999.00,-999.00,91703.13,20.66,17.30,18.98,-99.03,-104.63,-101.83,8,163.47,11.00,0.08,87.04,199.06,855.09,1475.29
Soricomorpha,Soricidae,Sorex,orizabae,sorex orizabae,-999.00,-999.00,-999.00,-999.00,-999.00,-999.00,-999.00,-999.00,-999.00,-999.00,-999.00,-999.00,-999.00,-999.00,-999.00,-999.00,-999.00,-999.00,-999.00,-999.00,-999.00,-999.00,-999.00,-999.00,-999,-999.00,-999,-999.00,-999.00,-999.00,-999,-999.00,-999.00,-999.00,-999.00,-999.00,-999.00,-999.00,-999.00,-999.00,-999.00,-999.00,-999,-999.00,-999.00,-999.00,-999.00,-999.00,-999.00,-999.00
Soricomorpha,Soricidae,Sorex,ornatus,sorex ornatus,3.00,5.31,-999.00,49.99,-999.00,-999.00,52.28,9.70,-999.00,-999.00,-999.00,-999.00,-999.00,-999.00,-999.00,4.99,1.00,17.00,0.50,-999.00,11100.00,2.00,-999.00,-999.00,-999,-999.00,-999,-999.00,-999.00,-999.00,626;1081;1297;1445;1822;2199;2505;2516;2655;2819;3070,-999.00,-999.00,-999.00,-999.00,194623.52,39.86,23.06,31.46,-109.71,-123.25,-116.48,0,154.55,2.00,0.10,35.99,127.60,337.10,1132.22
Soricomorpha,Soricidae,Sorex,pacificus,sorex pacificus,1.00,10.56,-999.00,70.20,-999.00,-999.00,-999.00,-999.00,3.00,-999.00,-999.00,-999.00,-999.00,-999.00,-999.00,4.19,-999.00,-999.00,-999.00,-999.00,-999.00,-999.00,-999.00,-999.00,-999,-999.00,2,-999.00,-999.00,-999.00,545;1297;1445;2655;3007,-999.00,-999.00,-999.00,-999.00,58327.78,45.63,40.98,43.30,-120.38,-124.56,-122.47,1,20.74,1.00,0.08,81.96,81.50,422.50,750.78
Rodentia,Cricetidae,Phyllotis,darwini,phyllotis darwini,2.00,50.82,-999.00,-999.00,-999.00,-999.00,71.39,59.00,3.00,-999.00,33.21,-999.00,-999.00,-999.00,-999.00,4.02,-999.00,-999.00,-999.00,-999.00,3622.81,-999.00,56.79,-999.00,-999,-999.00,2,-999.00,-999.00,-999.00,730;890;1297;1449;1492;1822;2655;2860,-999.00,-999.00,-999.00,-999.00,130933.12,-23.72,-37.75,-30.74,-70.07,-72.83,-71.45,1,57.48,1.00,0.07,29.86,89.92,243.23,1008.51
Rodentia,Cricetidae,Phyllotis,definitus,phyllotis definitus,-999.00,89.00,-999.00,-999.00,-999.00,-999.00,-999.00,-999.00,-999.00,-999.00,-999.00,-999.00,-999.00,-999.00,-999.00,-999.00,-999.00,-999.00,-999.00,-999.00,-999.00,-999.00,-999.00,-999.00,-999,-999.00,-999,-999.00,-999.00,-999.00,2655,-999.00,-999.00,-999.00,-999.00,3705.21,-11.66,-12.49,-12.07,-73.36,-73.97,-73.66,6,6.24,6.00,0.19,108.50,235.99,988.33,1439.00
Rodentia,Cricetidae,Phyllotis,haggardi,phyllotis haggardi,-999.00,42.50,-999.00,-999.00,-999.00,-999.00,-999.00,-999.00,-999.00,-999.00,-999.00,-999.00,-999.00,-999.00,-999.00,-999.00,-999.00,-999.00,-999.00,-999.00,-999.00,-999.00,-999.00,-999.00,-999,-999.00,-999,-999.00,-999.00,-999.00,2655,-999.00,-999.00,-999.00,-999.00,28320.27,0.06,-3.53,-1.73,-78.13,-79.62,-78.87,6,81.28,17.00,0.10,147.46,153.94,1177.68,1391.60
Rodentia,Cricetidae,Phyllotis,limatus,phyllotis limatus,-999.00,-999.00,-999.00,-999.00,-999.00,-999.00,-999.00,-999.00,-999.00,-999.00,-999.00,-999.00,-999.00,-999.00,-999.00,-999.00,-999.00,-999.00,-999.00,-999.00,-999.00,-999.00,-999.00,-999.00,-999,-999.00,-999,-999.00,-999.00,-999.00,-999,-999.00,-999.00,-999.00,-999.00,-999.00,-999.00,-999.00,-999.00,-999.00,-999.00,-999.00,-999,-999.00,-999.00,-999.00,-999.00,-999.00,-999.00,-999.00
Rodentia,Cricetidae,Phyllotis,magister,phyllotis magister,-999.00,68.49,-999.00,-999.00,-999.00,-999.00,-999.00,-999.00,3.00,-999.00,-999.00,1.00,-999.00,-999.00,-999.00,-999.00,-999.00,-999.00,-999.00,-999.00,-999.00,-999.00,-999.00,-999.00,-999,1.00,2,-999.00,-999.00,-999.00,890;2655,-999.00,-999.00,-999.00,-999.00,64146.09,-15.61,-19.70,-17.65,-69.37,-73.66,-71.52,0,15.21,0.00,0.07,13.50,73.46,280.27,1184.51
Rodentia,Cricetidae,Phyllotis,osgoodi,phyllotis osgoodi,-999.00,45.10,-999.00,-999.00,-999.00,-999.00,-999.00,-999.00,-999.00,-999.00,-999.00,-999.00,-999.00,-999.00,-999.00,-999.00,-999.00,-999.00,-999.00,-999.00,-999.00,-999.00,-999.00,-999.00,-999,-999.00,-999,-999.00,-999.00,-999.00,2655,-999.00,-999.00,-999.00,-999.00,5828.69,-17.95,-19.00,-18.48,-69.12,-69.95,-69.53,0,8.34,0.00,0.08,31.64,-32.56,201.12,1151.05
Rodentia,Cricetidae,Phyllotis,osilae,phyllotis osilae,1.00,43.64,-999.00,-999.00,-999.00,-999.00,-999.00,-999.00,3.00,-999.00,-999.00,-999.00,-999.00,-999.00,-999.00,4.25,-999.00,-999.00,-999.00,-999.00,384.42,-999.00,-999.00,-999.00,-999,-999.00,2,-999.00,-999.00,-999.00,730;890;1297;2655,-999.00,-999.00,-999.00,-999.00,198550.51,-11.86,-27.22,-19.54,-63.70,-72.32,-68.01,0,17.83,1.00,0.10,125.01,134.39,1009.33,1421.36
Rodentia,Cricetidae,Phyllotis,wolffsohni,phyllotis wolffsohni,-999.00,42.50,-999.00,-999.00,-999.00,-999.00,-999.00,-999.00,-999.00,-999.00,-999.00,-999.00,-999.00,-999.00,-999.00,-999.00,-999.00,-999.00,-999.00,-999.00,-999.00,-999.00,-999.00,-999.00,-999,-999.00,-999,-999.00,-999.00,-999.00,2655,-999.00,-999.00,-999.00,-999.00,71594.56,-16.38,-21.75,-19.07,-64.20,-67.13,-65.67,4,17.96,5.00,0.15,63.63,154.80,852.57,1390.86
Rodentia,Cricetidae,Phyllotis,xanthopygus,phyllotis xanthopygus,1.00,52.43,-999.00,121.20,-999.00,-999.00,55.51,42.50,3.00,-999.00,-999.00,-999.00,-999.00,-999.00,-999.00,-999.00,-999.00,-999.00,-999.00,-999.00,-999.00,-999.00,-999.00,-999.00,8,-999.00,2,-999.00,-999.00,-999.00,1669;1670;1822;2655,-999.00,-999.00,-999.00,-999.00,2178152.82,-10.68,-50.76,-30.72,-63.06,-77.34,-70.20,0,15.04,0.00,0.08,49.37,83.14,526.25,1077.29
Cetacea,Physeteridae,Physeter,catodon,physeter catodon,-999.00,14540959.82,-999.00,12175.38,-999.00,-999.00,-999.00,-999.00,3.00,-999.00,472.99,1.00,-999.00,-999.00,1277.50,0.99,0.25,924.00,903214.26,-999.00,-999.00,11.00,3935.04,25.00,-999,-999.00,2,395.41,-999.00,6500.00,29;121;172;218;511;543;679;1004;1015;1297;2151;2655,-999.00,-999.00,-999.00,1341813.80,-999.00,-999.00,-999.00,-999.00,-999.00,-999.00,-999.00,-999,-999.00,-999.00,-999.00,-999.00,-999.00,-999.00,-999.00
Primates,Cercopithecidae,Piliocolobus,badius,piliocolobus badius,2.00,8430.40,-999.00,574.45,-999.00,1489.20,-999.00,-999.00,3.00,-999.00,151.41,1.00,0.42,0.71,660.65,1.00,0.50,-999.00,-999.00,-999.00,130.65,33.60,1473.20,34.00,-999,2.00,2,783.93,-999.00,-999.00,208;730;741;1015;1297;1347;1544;1547;1848;2151;2344;2463;2493;2655;2660,-999.00,-999.00,-999.00,-999.00,590235.33,15.04,4.35,9.69,0.68,-16.82,-8.07,3,68.84,7.00,0.09,161.46,260.82,1122.36,1554.69
Primates,Cercopithecidae,Piliocolobus,foai,piliocolobus foai,-999.00,-999.00,-999.00,-999.00,-999.00,-999.00,-999.00,-999.00,-999.00,-999.00,-999.00,-999.00,-999.00,-999.00,-999.00,-999.00,-999.00,-999.00,-999.00,-999.00,-999.00,-999.00,-999.00,-999.00,-999,-999.00,-999,-999.00,-999.00,-999.00,-999,-999.00,-999.00,-999.00,-999.00,1382696.63,5.22,-8.42,-1.59,32.91,11.78,22.35,0,29.28,1.00,0.12,129.19,231.48,1344.85,1584.84
Primates,Cercopithecidae,Piliocolobus,gordonorum,piliocolobus gordonorum,-999.00,-999.00,-999.00,-999.00,-999.00,-999.00,-999.00,-999.00,-999.00,-999.00,-999.00,-999.00,-999.00,-999.00,-999.00,-999.00,-999.00,-999.00,-999.00,-999.00,-999.00,-999.00,-999.00,-999.00,-999,-999.00,-999,-999.00,-999.00,-999.00,-999,-999.00,-999.00,-999.00,-999.00,28144.75,-7.78,-9.20,-8.49,37.19,35.10,36.15,6,18.22,6.00,0.20,73.76,234.03,911.25,1403.10
Primates,Lorisidae,Pseudopotto,martini,pseudopotto martini,-999.00,-999.00,-999.00,-999.00,-999.00,-999.00,-999.00,-999.00,-999.00,-999.00,-999.00,-999.00,-999.00,-999.00,-999.00,-999.00,-999.00,-999.00,-999.00,-999.00,-999.00,-999.00,-999.00,-999.00,-999,-999.00,-999,-999.00,-999.00,-999.00,-999,-999.00,-999.00,-999.00,-999.00,-999.00,-999.00,-999.00,-999.00,-999.00,-999.00,-999.00,-999,-999.00,-999.00,-999.00,-999.00,-999.00,-999.00,-999.00
Cetacea,Delphinidae,Pseudorca,crassidens,pseudorca crassidens,-999.00,1360000.00,-999.00,-999.00,-999.00,-999.00,-999.00,-999.00,2.00,-999.00,462.00,1.00,-999.00,-999.00,-999.00,0.97,-999.00,264.00,-999.00,-999.00,-999.00,50.00,3721.66,-999.00,-999,-999.00,3,547.50,-999.00,-999.00,172;543;1297;2151;2655,-999.00,-999.00,-999.00,-999.00,-999.00,-999.00,-999.00,-999.00,-999.00,-999.00,-999.00,-999,-999.00,-999.00,-999.00,-999.00,-999.00,-999.00,-999.00
Artiodactyla,Bovidae,Pseudoryx,nghetinhensis,pseudoryx nghetinhensis,-999.00,97842.20,-999.00,1750.00,-999.00,-999.00,-999.00,-999.00,2.00,-999.00,-999.00,-999.00,-999.00,-999.00,-999.00,-999.00,-999.00,-999.00,-999.00,-999.00,-999.00,4.50,755.15,1.00,-999,-999.00,1,-999.00,-999.00,-999.00,899;1848,-999.00,-999.00,-999.00,-999.00,11820.15,19.53,15.74,17.64,107.71,104.07,105.89,5,77.59,6.00,0.10,167.14,206.16,1222.77,1415.47
Rodentia,Cricetidae,Pseudoryzomys,simplex,pseudoryzomys simplex,-999.00,45.20,-999.00,129.99,-999.00,-999.00,-999.00,-999.00,-999.00,-999.00,-999.00,1.00,-999.00,-999.00,-999.00,-999.00,-999.00,-999.00,-999.00,-999.00,1505.81,-999.00,-999.00,-999.00,-999,1.00,-999,-999.00,-999.00,-999.00,730;890;1843;2655,-999.00,-999.00,-999.00,-999.00,478695.74,-11.88,-24.90,-18.39,-41.03,-67.01,-54.02,0,4.35,0.00,0.15,108.57,236.17,1174.05,1408.17
Chiroptera,Pteropodidae,Pteropus,howensis,pteropus howensis,-999.00,232.92,119.00,184.64,-999.00,-999.00,-999.00,-999.00,-999.00,-999.00,-999.00,1.00,-999.00,-999.00,-999.00,0.98,-999.00,-999.00,34.56,-999.00,-999.00,-999.00,-999.00,-999.00,-999,2.00,-999,-999.00,-999.00,-999.00,1297;1658;2151;2280;2655,-999.00,-999.00,-999.00,-999.00,3.16,-5.47,-5.49,-5.48,159.71,159.69,159.70,13,13.00,13.00,0.18,-999.00,-999.00,-999.00,-999.00
Chiroptera,Pteropodidae,Pteropus,hypomelanus,pteropus hypomelanus,-999.00,435.61,132.00,204.90,-999.00,-999.00,216.20,470.10,1.00,-999.00,-999.00,1.00,-999.00,-999.00,-999.00,1.00,1.00,-999.00,-999.00,-999.00,-999.00,527.50,377.57,-999.00,-999,2.00,1,94.86,-999.00,-999.00,78;196;406;978;1439;1658;1704;1950;2017;2151;2655;2885;2910,-999.00,-999.00,-999.00,-999.00,492950.06,18.65,-11.65,3.49,159.71,73.08,116.39,0,143.41,7.00,0.10,214.40,236.08,1576.94,1778.45
Chiroptera,Pteropodidae,Pteropus,insularis,pteropus insularis,-999.00,-999.00,105.15,-999.00,-999.00,-999.00,-999.00,-999.00,1.00,-999.00,-999.00,1.00,-999.00,-999.00,-999.00,-999.00,-999.00,-999.00,-999.00,-999.00,-999.00,550.00,-999.00,-999.00,-999,2.00,1,-999.00,-999.00,-999.00,899;978;1658;2017;2151,155.24,-999.00,-999.00,-999.00,72.88,7.46,5.51,6.48,153.76,151.55,152.66,158,158.00,158.00,0.11,-999.00,-999.00,-999.00,-999.00
Primates,Cercopithecidae,Piliocolobus,kirkii,piliocolobus kirkii,3.00,7158.29,-999.00,574.45,-999.00,-999.00,-999.00,-999.00,4.00,-999.00,165.00,1.00,0.42,-999.00,-999.00,1.01,-999.00,-999.00,-999.00,-999.00,-999.00,35.00,-999.00,33.60,-999,2.00,1,-999.00,-999.00,-999.00,741;899;1544;1848;2151;2344,-999.00,-999.00,-999.00,-999.00,1573.03,-5.71,-6.47,-6.09,39.57,39.18,39.38,143,257.65,143.00,0.21,-999.00,-999.00,-999.00,-999.00
Primates,Cercopithecidae,Piliocolobus,pennantii,piliocolobus pennantii,3.00,10896.00,-999.00,-999.00,-999.00,-999.00,-999.00,-999.00,-999.00,-999.00,-999.00,-999.00,-999.00,-999.00,-999.00,1.02,-999.00,-999.00,-999.00,-999.00,-999.00,-999.00,-999.00,-999.00,-999,-999.00,-999,-999.00,-999.00,-999.00,1544;2151;2655,-999.00,-999.00,-999.00,-999.00,34938.83,5.72,-3.80,0.95,17.28,5.08,11.18,1,54.45,1.00,0.16,159.81,254.35,1324.17,1523.10
Primates,Cercopithecidae,Piliocolobus,preussi,piliocolobus preussi,3.00,8865.71,-999.00,579.65,-999.00,-999.00,-999.00,-999.00,4.00,-999.00,195.00,2.00,0.39,-999.00,-999.00,1.01,-999.00,-999.00,-999.00,-999.00,-999.00,55.00,-999.00,40.00,-999,2.00,1,-999.00,-999.00,-999.00,741;899;1544;1848;2151;2655,-999.00,-999.00,-999.00,-999.00,62033.70,6.79,3.54,5.17,10.50,7.92,9.21,9,116.08,13.00,0.10,227.62,242.07,1239.60,1556.76
Primates,Cercopithecidae,Piliocolobus,rufomitratus,piliocolobus rufomitratus,3.00,8030.75,-999.00,560.00,-999.00,-999.00,-999.00,-999.00,3.00,-999.00,195.00,1.00,0.05,-999.00,-999.00,1.01,-999.00,-999.00,-999.00,-999.00,186.44,16.00,-999.00,24.50,-999,2.00,1,-999.00,-999.00,-999.00,741;899;1544;2151;2655;2660,-999.00,-999.00,-999.00,-999.00,26952.75,-1.55,-3.60,-2.58,40.68,38.82,39.75,2,28.03,2.00,0.18,61.11,267.82,930.74,1761.73
Primates,Cercopithecidae,Piliocolobus,tephrosceles,piliocolobus tephrosceles,-999.00,-999.00,-999.00,-999.00,-999.00,-999.00,-999.00,-999.00,-999.00,-999.00,-999.00,-999.00,3.93,5.57,-999.00,-999.00,-999.00,-999.00,-999.00,-999.00,300.00,-999.00,-999.00,34.00,-999,-999.00,-999,-999.00,-999.00,-999.00,2748,-999.00,-999.00,-999.00,-999.00,125129.72,0.27,-6.02,-2.87,31.56,29.37,30.46,8,107.60,13.00,0.12,98.87,205.80,1130.21,1512.98
Primates,Cercopithecidae,Piliocolobus,tholloni,piliocolobus tholloni,-999.00,-999.00,-999.00,570.00,-999.00,-999.00,-999.00,-999.00,-999.00,-999.00,-999.00,-999.00,-999.00,-999.00,-999.00,-999.00,-999.00,-999.00,-999.00,-999.00,-999.00,-999.00,-999.00,-999.00,-999,-999.00,-999,-999.00,-999.00,-999.00,1848,4721.36,-999.00,-999.00,-999.00,465214.49,2.01,-4.19,-1.09,25.40,16.28,20.84,2,8.99,3.00,0.17,159.66,252.00,1531.83,1595.07
Rodentia,Octodontidae,Pipanacoctomys,aureus,pipanacoctomys aureus,-999.00,-999.00,-999.00,-999.00,-999.00,-999.00,-999.00,-999.00,-999.00,-999.00,-999.00,-999.00,-999.00,-999.00,-999.00,-999.00,-999.00,-999.00,-999.00,-999.00,-999.00,-999.00,-999.00,-999.00,-999,-999.00,-999,-999.00,-999.00,-999.00,-999,-999.00,-999.00,-999.00,-999.00,-999.00,-999.00,-999.00,-999.00,-999.00,-999.00,-999.00,-999,-999.00,-999.00,-999.00,-999.00,-999.00,-999.00,-999.00
Chiroptera,Vespertilionidae,Pipistrellus,abramus,pipistrellus abramus,-999.00,5.87,33.91,-999.00,-999.00,-999.00,-999.00,-999.00,-999.00,-999.00,-999.00,-999.00,-999.00,-999.00,-999.00,2.10,-999.00,-999.00,1.10,-999.00,-999.00,-999.00,-999.00,-999.00,-999,-999.00,-999,-999.00,-999.00,-999.00,1705;2059;2881,-999.00,-999.00,-999.00,-999.00,2948954.07,44.37,15.45,29.91,142.07,102.33,122.20,2,354.96,33.00,0.05,102.44,141.83,926.69,1022.92
Chiroptera,Vespertilionidae,Pipistrellus,adamsi,pipistrellus adamsi,-999.00,-999.00,-999.00,-999.00,-999.00,-999.00,-999.00,-999.00,-999.00,-999.00,-999.00,-999.00,-999.00,-999.00,-999.00,-999.00,-999.00,-999.00,-999.00,-999.00,-999.00,-999.00,-999.00,-999.00,-999,-999.00,-999,-999.00,-999.00,-999.00,-999,-999.00,-999.00,-999.00,-999.00,276149.47,-10.69,-16.90,-13.80,143.99,129.35,136.67,0,1.40,0.00,0.04,93.57,268.76,888.94,1788.53
Chiroptera,Vespertilionidae,Pipistrellus,aero,pipistrellus aero,-999.00,-999.00,32.00,-999.00,-999.00,-999.00,-999.00,-999.00,-999.00,-999.00,-999.00,1.00,-999.00,-999.00,-999.00,-999.00,-999.00,-999.00,-999.00,-999.00,-999.00,-999.00,-999.00,-999.00,-999,2.00,-999,-999.00,-999.00,-999.00,1658;2151,5.14,-999.00,-999.00,-999.00,35388.28,2.52,-1.57,0.47,37.80,36.39,37.10,1,104.33,1.00,0.13,65.76,200.14,937.49,1463.89
Chiroptera,Vespertilionidae,Pipistrellus,angulatus,pipistrellus angulatus,-999.00,3.35,-999.00,-999.00,-999.00,-999.00,-999.00,-999.00,-999.00,-999.00,-999.00,-999.00,-999.00,-999.00,-999.00,-999.00,-999.00,-999.00,-999.00,-999.00,-999.00,-999.00,-999.00,-999.00,-999,-999.00,-999,-999.00,-999.00,-999.00,2622,-999.00,-999.00,-999.00,-999.00,245803.03,-0.62,-11.65,-6.14,166.09,135.37,150.73,1,11.46,2.00,0.10,271.39,230.19,1657.51,1685.18
Chiroptera,Vespertilionidae,Pipistrellus,ceylonicus,pipistrellus ceylonicus,-999.00,8.05,41.49,-999.00,-999.00,-999.00,-999.00,-999.00,1.00,-999.00,52.32,1.00,-999.00,-999.00,-999.00,1.98,1.00,-999.00,1.26,-999.00,-999.00,-999.00,280.56,-999.00,-999,2.00,3,27.50,4.19,-999.00,196;1149;1297;1658;1705;1857;2143;2151;2655;2762,-999.00,-999.00,-999.00,-999.00,4109017.25,33.31,4.21,18.76,119.26,67.18,93.22,1,302.52,14.00,0.10,107.89,238.94,830.27,1414.94
Chiroptera,Vespertilionidae,Pipistrellus,collinus,pipistrellus collinus,-999.00,6.75,-999.00,-999.00,-999.00,-999.00,-999.00,-999.00,-999.00,-999.00,-999.00,-999.00,-999.00,-999.00,-999.00,-999.00,-999.00,-999.00,-999.00,-999.00,-999.00,-999.00,-999.00,-999.00,-999,-999.00,-999,-999.00,-999.00,-999.00,2622,-999.00,-999.00,-999.00,-999.00,176698.26,-3.57,-10.70,-7.14,150.87,137.56,144.21,2,11.33,2.50,0.13,268.58,191.39,1673.72,1692.00
Chiroptera,Vespertilionidae,Pipistrellus,coromandra,pipistrellus coromandra,-999.00,4.59,30.50,-999.00,-999.00,-999.00,-999.00,-999.00,-999.00,-999.00,-999.00,1.00,-999.00,-999.00,-999.00,1.40,-999.00,-999.00,-999.00,-999.00,-999.00,-999.00,-999.00,-999.00,-999,2.00,-999,-999.00,-999.00,-999.00,196;1297;1658;2151;2655,-999.00,-999.00,-999.00,-999.00,3731668.19,36.95,5.91,21.43,98.80,67.71,83.26,1,313.72,12.00,0.09,109.51,222.53,821.17,1391.61
Chiroptera,Vespertilionidae,Pipistrellus,deserti,pipistrellus deserti,-999.00,-999.00,30.99,-999.00,-999.00,-999.00,-999.00,-999.00,-999.00,-999.00,-999.00,1.00,-999.00,-999.00,-999.00,-999.00,-999.00,-999.00,-999.00,-999.00,-999.00,-999.00,-999.00,-999.00,-999,2.00,-999,-999.00,-999.00,-999.00,1658;2151,4.69,-999.00,-999.00,-999.00,4904406.90,22.28,2.95,12.62,38.09,-1.50,18.29,0,20.72,0.00,0.09,50.40,261.23,577.92,1576.88
Chiroptera,Vespertilionidae,Pipistrellus,endoi,pipistrellus endoi,-999.00,-999.00,32.00,-999.00,-999.00,-999.00,-999.00,-999.00,-999.00,-999.00,-999.00,1.00,-999.00,-999.00,-999.00,-999.00,-999.00,-999.00,-999.00,-999.00,-999.00,-999.00,-999.00,-999.00,-999,2.00,-999,-999.00,-999.00,-999.00,1658;2151,5.14,-999.00,-999.00,-999.00,227486.10,41.54,33.42,37.48,142.07,130.86,136.46,74,417.26,98.00,0.01,138.47,99.48,784.99,830.18
Chiroptera,Vespertilionidae,Pipistrellus,hesperidus,pipistrellus hesperidus,-999.00,-999.00,-999.00,-999.00,-999.00,-999.00,-999.00,-999.00,-999.00,-999.00,-999.00,-999.00,-999.00,-999.00,-999.00,-999.00,-999.00,-999.00,-999.00,-999.00,-999.00,-999.00,-999.00,-999.00,-999,-999.00,-999,-999.00,-999.00,-999.00,-999,-999.00,-999.00,-999.00,-999.00,7996671.91,37.34,-32.30,2.52,44.22,-15.83,14.19,0,46.68,0.00,0.14,49.30,218.27,587.74,1418.48
Chiroptera,Vespertilionidae,Pipistrellus,hesperus,pipistrellus hesperus,-999.00,3.56,30.50,-999.00,-999.00,-999.00,-999.00,-999.00,-999.00,-999.00,-999.00,1.00,-999.00,-999.00,-999.00,1.86,1.00,72.99,-999.00,-999.00,-999.00,-999.00,-999.00,-999.00,-999,2.00,-999,-999.00,-999.00,-999.00,657;1297;1388;1658;1684;2143;2151;2215;2622;2655;3047,-999.00,-999.00,-999.00,-999.00,2664124.97,46.02,16.79,31.41,-97.55,-123.02,-110.28,0,36.83,0.00,0.10,33.18,150.65,467.72,1148.68
Chiroptera,Vespertilionidae,Pipistrellus,inexspectatus,pipistrellus inexspectatus,-999.00,-999.00,31.50,-999.00,-999.00,-999.00,-999.00,-999.00,-999.00,-999.00,-999.00,1.00,-999.00,-999.00,-999.00,-999.00,-999.00,-999.00,-999.00,-999.00,-999.00,-999.00,-999.00,-999.00,-999,2.00,-999,-999.00,-999.00,-999.00,1658;2151,4.91,-999.00,-999.00,-999.00,1794989.59,9.99,-1.19,4.39,36.87,1.93,19.40,0,65.27,2.00,0.13,135.15,241.83,1299.54,1572.19
Chiroptera,Vespertilionidae,Pipistrellus,javanicus,pipistrellus javanicus,-999.00,4.92,32.72,-999.00,-999.00,-999.00,-999.00,-999.00,-999.00,-999.00,71.48,1.00,-999.00,-999.00,-999.00,2.29,-999.00,-999.00,0.98,23.60,-999.00,-999.00,-999.00,-999.00,-999,2.00,-999,-999.00,-999.00,-999.00,196;1297;1439;1658;2143;2151;2655,-999.00,-999.00,-999.00,-999.00,4504060.92,35.82,-10.37,12.72,127.30,68.31,97.81,1,222.66,6.00,0.10,147.90,214.91,1053.77,1451.96
Chiroptera,Vespertilionidae,Pipistrellus,kuhlii,pipistrellus kuhlii,1.00,6.07,34.69,45.99,-999.00,-999.00,-999.00,-999.00,-999.00,-999.00,-999.00,1.00,-999.00,-999.00,-999.00,1.21,-999.00,-999.00,-999.00,-999.00,-999.00,-999.00,-999.00,-999.00,-999,2.00,-999,60.41,-999.00,-999.00,196;1045;1257;1297;1388;1658;1860;2143;2151;2622;2655;2706;2900;3110,-999.00,-999.00,-999.00,-999.00,4765557.66,47.99,12.59,30.29,73.78,-9.49,32.14,0,92.46,3.00,0.08,37.09,146.68,354.80,1080.06
Chiroptera,Vespertilionidae,Pipistrellus,maderensis,pipistrellus maderensis,-999.00,-999.00,31.50,-999.00,-999.00,-999.00,-999.00,-999.00,-999.00,-999.00,-999.00,1.00,-999.00,-999.00,-999.00,-999.00,-999.00,-999.00,-999.00,-999.00,-999.00,-999.00,-999.00,-999.00,-999,2.00,-999,-999.00,-999.00,-999.00,1658;2151,4.91,-999.00,-999.00,-999.00,4172.92,32.87,27.63,30.25,-16.11,-18.16,-17.14,27,248.77,27.00,0.03,21.00,149.00,-999.00,-999.00
Chiroptera,Vespertilionidae,Pipistrellus,minahassae,pipistrellus minahassae,-999.00,-999.00,35.99,-999.00,-999.00,-999.00,-999.00,-999.00,-999.00,-999.00,-999.00,1.00,-999.00,-999.00,-999.00,-999.00,-999.00,-999.00,-999.00,-999.00,-999.00,-999.00,-999.00,-999.00,-999,2.00,-999,-999.00,-999.00,-999.00,1658;2151,7.20,-999.00,-999.00,-999.00,42.25,1.35,1.28,1.31,124.84,124.77,124.80,109,109.00,109.00,0.00,225.00,231.00,-999.00,-999.00
Chiroptera,Vespertilionidae,Pipistrellus,nanulus,pipistrellus nanulus,-999.00,2.51,28.00,-999.00,-999.00,-999.00,-999.00,-999.00,-999.00,-999.00,-999.00,1.00,-999.00,-999.00,-999.00,1.96,-999.00,-999.00,-999.00,-999.00,-999.00,-999.00,-999.00,-999.00,-999,2.00,-999,-999.00,-999.00,-999.00,1297;1658;2143;2151;2622;2655,-999.00,-999.00,-999.00,-999.00,2374608.18,7.34,-5.08,1.13,33.68,4.26,18.97,0,39.52,1.00,0.12,149.48,241.08,1403.00,1567.29
Chiroptera,Vespertilionidae,Pipistrellus,nathusii,pipistrellus nathusii,-999.00,7.44,34.03,-999.00,-999.00,-999.00,-999.00,-999.00,-999.00,-999.00,-999.00,1.00,-999.00,-999.00,-999.00,1.73,1.00,96.00,-999.00,-999.00,-999.00,-999.00,105.22,-999.00,-999,2.00,-999,-999.00,-999.00,-999.00,1096;1297;1548;1658;1668;2143;2151;2470;2622;2655;2713,-999.00,-999.00,-999.00,-999.00,5149391.84,59.21,36.38,47.80,50.37,-10.47,19.94,2,116.56,10.00,9.62654652939555e-03,55.32,75.68,472.93,577.74
Chiroptera,Vespertilionidae,Pipistrellus,papuanus,pipistrellus papuanus,-999.00,-999.00,-999.00,-999.00,-999.00,-999.00,-999.00,-999.00,-999.00,-999.00,-999.00,-999.00,-999.00,-999.00,-999.00,-999.00,-999.00,-999.00,-999.00,-999.00,-999.00,-999.00,-999.00,-999.00,-999,-999.00,-999,-999.00,-999.00,-999.00,-999,-999.00,-999.00,-999.00,-999.00,391922.25,-0.62,-10.61,-5.62,158.03,127.83,142.93,1,10.12,1.00,0.11,282.22,231.00,1633.63,1681.49
Chiroptera,Vespertilionidae,Pipistrellus,paterculus,pipistrellus paterculus,-999.00,-999.00,31.50,-999.00,-999.00,-999.00,-999.00,-999.00,-999.00,-999.00,-999.00,1.00,-999.00,-999.00,-999.00,-999.00,-999.00,-999.00,-999.00,-999.00,-999.00,-999.00,-999.00,-999.00,-999,2.00,-999,-999.00,-999.00,-999.00,1658;2151,4.91,-999.00,-999.00,-999.00,1154973.13,33.25,14.16,23.71,108.96,74.48,91.72,1,133.61,8.00,0.08,147.51,213.99,1060.28,1399.27
Chiroptera,Vespertilionidae,Pipistrellus,permixtus,pipistrellus permixtus,-999.00,-999.00,33.50,-999.00,-999.00,-999.00,-999.00,-999.00,-999.00,-999.00,-999.00,1.00,-999.00,-999.00,-999.00,-999.00,-999.00,-999.00,-999.00,-999.00,-999.00,-999.00,-999.00,-999.00,-999,2.00,-999,-999.00,-999.00,-999.00,1658;2151,5.86,-999.00,-999.00,-999.00,35.66,-6.84,-6.90,-6.87,39.23,39.17,39.20,1100,1100.00,1100.00,0.28,99.00,252.00,1106.00,2103.00
Chiroptera,Vespertilionidae,Pipistrellus,pipistrellus,pipistrellus pipistrellus,-999.00,5.30,31.46,39.98,4.80,-999.00,-999.00,-999.00,1.00,-999.00,44.00,1.00,-999.00,-999.00,-999.00,1.37,1.00,200.40,1.28,20.64,-999.00,3020.00,248.48,-999.00,-999,2.00,3,33.44,3.89,-999.00,107;422;543;767;892;1096;1161;1297;1384;1407;1409;1410;1522;1588;1624;1658;1705;2143;2151;2307;2350;2352;2353;2364;2470;2622;2655;2920;3001;30143023;3047,-999.00,-999.00,-999.00,-999.00,9195388.69,61.50,25.38,43.44,97.96,-10.47,43.74,0,101.08,5.00,0.03,48.00,81.94,424.73,709.60
Chiroptera,Vespertilionidae,Pipistrellus,pygmaeus,pipistrellus pygmaeus,-999.00,-999.00,-999.00,-999.00,-999.00,-999.00,-999.00,-999.00,-999.00,-999.00,-999.00,-999.00,-999.00,-999.00,-999.00,-999.00,-999.00,-999.00,-999.00,-999.00,-999.00,-999.00,-999.00,-999.00,-999,-999.00,-999,-999.00,-999.00,-999.00,-999,-999.00,-999.00,-999.00,-999.00,5966364.24,61.50,36.01,48.75,48.18,-10.47,18.85,1,115.65,8.00,7.13252048543594e-03,55.54,76.75,460.98,577.11
Chiroptera,Vespertilionidae,Pipistrellus,rueppellii,pipistrellus rueppellii,-999.00,7.07,32.58,45.00,-999.00,-999.00,-999.00,-999.00,1.00,-999.00,-999.00,1.00,-999.00,-999.00,-999.00,1.96,-999.00,-999.00,-999.00,-999.00,-999.00,-999.00,-999.00,-999.00,-999,2.00,3,-999.00,-999.00,-999.00,44;1257;1658;1860;1938;2143;2151;2655;3110,-999.00,-999.00,-999.00,-999.00,14956062.08,33.66,-20.54,6.55,51.41,-17.53,16.93,0,38.95,1.00,0.13,74.11,243.05,767.72,1549.46
Chiroptera,Vespertilionidae,Pipistrellus,rusticus,pipistrellus rusticus,-999.00,4.57,28.00,-999.00,-999.00,-999.00,-999.00,-999.00,1.00,-999.00,80.40,1.00,-999.00,-999.00,-999.00,1.96,1.00,-999.00,-999.00,-999.00,-999.00,-999.00,-999.00,-999.00,-999,2.00,3,-999.00,-999.00,-999.00,44;1257;1297;1388;1658;2143;2151;2622;2655;2900;2901;3023,-999.00,-999.00,-999.00,-999.00,4313990.70,13.45,-26.18,-6.36,40.63,-9.39,15.61,0,29.57,1.00,0.11,77.72,235.06,846.48,1535.47
Chiroptera,Vespertilionidae,Pipistrellus,stenopterus,pipistrellus stenopterus,-999.00,15.67,40.00,-999.00,-999.00,-999.00,-999.00,-999.00,1.00,-999.00,-999.00,1.00,-999.00,-999.00,-999.00,0.98,-999.00,-999.00,-999.00,-999.00,-999.00,-999.00,-999.00,-999.00,-999,2.00,3,-999.00,-999.00,-999.00,196;1297;1439;1658;2151;2655;2719,-999.00,-999.00,-999.00,-999.00,653273.55,8.90,-5.94,1.47,126.07,95.18,110.63,1,98.15,4.00,0.15,232.24,249.20,1684.93,1760.83
Chiroptera,Vespertilionidae,Pipistrellus,sturdeei,pipistrellus sturdeei,-999.00,-999.00,30.00,-999.00,-999.00,-999.00,-999.00,-999.00,-999.00,-999.00,-999.00,1.00,-999.00,-999.00,-999.00,-999.00,-999.00,-999.00,-999.00,-999.00,-999.00,-999.00,-999.00,-999.00,-999,2.00,-999,-999.00,-999.00,-999.00,1658;2151,4.27,-999.00,-999.00,-999.00,-999.00,-999.00,-999.00,-999.00,-999.00,-999.00,-999.00,-999,-999.00,-999.00,-999.00,-999.00,-999.00,-999.00,-999.00
Chiroptera,Vespertilionidae,Pipistrellus,subflavus,pipistrellus subflavus,-999.00,5.74,33.95,-999.00,-999.00,-999.00,-999.00,-999.00,1.00,-999.00,45.71,1.00,-999.00,-999.00,-999.00,1.96,1.00,180.00,1.26,-999.00,-999.00,5.00,245.53,1.00,-999,2.00,3,31.21,4.58,-999.00,154;185;196;543;745;1297;1384;1388;1658;1704;1705;1734;2143;2151;2215;2338;2358;2451;2620;2622;2655;3023,-999.00,-999.00,-999.00,-999.00,4297155.48,47.22,14.81,31.01,-60.96,-101.83,-81.40,0,62.24,3.00,0.05,86.64,147.98,858.22,1016.45
Chiroptera,Vespertilionidae,Pipistrellus,tenuis,pipistrellus tenuis,-999.00,3.48,29.93,-999.00,4.00,113.55,-999.00,-999.00,1.00,-999.00,61.27,1.00,-999.00,-999.00,-999.00,1.92,3.00,-999.00,0.53,-999.00,-999.00,20.00,53.57,-999.00,-999,2.00,3,44.80,1.50,-999.00,21;196;1141;1297;1384;1388;1439;1450;1453;1551;1621;1658;1679;1704;2143;2151;2594;2622;2655;2762;3023,-999.00,-999.00,-999.00,-999.00,7367449.16,36.25,-10.57,12.84,130.87,66.76,98.82,1,243.64,12.00,0.10,130.16,228.99,965.15,1461.98
Chiroptera,Vespertilionidae,Pipistrellus,wattsi,pipistrellus wattsi,-999.00,-999.00,-999.00,-999.00,-999.00,-999.00,-999.00,-999.00,-999.00,-999.00,-999.00,-999.00,-999.00,-999.00,-999.00,-999.00,-999.00,-999.00,-999.00,-999.00,-999.00,-999.00,-999.00,-999.00,-999,-999.00,-999,-999.00,-999.00,-999.00,-999,-999.00,-999.00,-999.00,-999.00,16587.76,-7.60,-10.61,-9.10,150.66,144.97,147.82,2,10.93,2.00,0.05,207.15,211.44,1701.75,1701.75
Chiroptera,Vespertilionidae,Pipistrellus,westralis,pipistrellus westralis,-999.00,-999.00,-999.00,-999.00,-999.00,-999.00,-999.00,-999.00,-999.00,-999.00,-999.00,-999.00,-999.00,-999.00,-999.00,-999.00,-999.00,-999.00,-999.00,-999.00,-999.00,-999.00,-999.00,-999.00,-999,-999.00,-999,-999.00,-999.00,-999.00,-999,-999.00,-999.00,-999.00,-999.00,188611.57,-11.11,-19.52,-15.31,140.77,121.27,131.02,0,1.22,0.00,5.02004362957588e-03,78.31,271.60,812.13,1805.75
Rodentia,Muridae,Pithecheir,melanurus,pithecheir melanurus,-999.00,-999.00,-999.00,-999.00,-999.00,-999.00,-999.00,-999.00,-999.00,-999.00,-999.00,-999.00,-999.00,-999.00,-999.00,-999.00,-999.00,-999.00,-999.00,-999.00,-999.00,-999.00,-999.00,-999.00,-999,-999.00,-999,-999.00,-999.00,-999.00,-999,-999.00,-999.00,-999.00,-999.00,316.12,-6.71,-6.89,-6.80,107.49,107.31,107.40,760,760.00,760.00,0.09,215.00,232.00,1619.00,1922.00
Rodentia,Muridae,Pithecheir,parvus,pithecheir parvus,-999.00,-999.00,-999.00,-999.00,-999.00,-999.00,-999.00,-999.00,-999.00,-999.00,-999.00,-999.00,-999.00,-999.00,-999.00,2.00,-999.00,-999.00,-999.00,-999.00,-999.00,-999.00,-999.00,-999.00,-999,-999.00,-999,-999.00,-999.00,-999.00,1297,-999.00,-999.00,-999.00,-999.00,3988.07,3.65,3.19,3.42,102.48,101.65,102.07,42,265.30,42.00,0.13,177.25,251.75,1632.50,1743.52
Rodentia,Muridae,Pithecheirops,otion,pithecheirops otion,-999.00,-999.00,-999.00,-999.00,-999.00,-999.00,-999.00,-999.00,-999.00,-999.00,-999.00,-999.00,-999.00,-999.00,-999.00,-999.00,-999.00,-999.00,-999.00,-999.00,-999.00,-999.00,-999.00,-999.00,-999,-999.00,-999,-999.00,-999.00,-999.00,-999,-999.00,-999.00,-999.00,-999.00,-999.00,-999.00,-999.00,-999.00,-999.00,-999.00,-999.00,-999,-999.00,-999.00,-999.00,-999.00,-999.00,-999.00,-999.00
Primates,Pitheciidae,Pithecia,aequatorialis,pithecia aequatorialis,3.00,2375.91,-999.00,-999.00,-999.00,-999.00,-999.00,-999.00,3.00,-999.00,-999.00,1.00,-999.00,-999.00,-999.00,-999.00,-999.00,178.80,-999.00,-999.00,-999.00,-999.00,-999.00,-999.00,-999,2.00,1,-999.00,-999.00,-999.00,497;543;905;1547;2151;2655,-999.00,-999.00,-999.00,-999.00,113679.06,-0.48,-4.44,-2.46,-73.29,-77.85,-75.57,1,2.82,1.00,0.16,263.10,271.05,1400.17,1401.72
Primates,Pitheciidae,Pithecia,albicans,pithecia albicans,3.00,2800.07,-999.00,394.27,-999.00,-999.00,-999.00,-999.00,-999.00,-999.00,-999.00,-999.00,-999.00,-999.00,-999.00,-999.00,-999.00,-999.00,-999.00,-999.00,9.39,-999.00,-999.00,4.60,-999,-999.00,-999,-999.00,-999.00,-999.00,497;1544;1848;2151;2251;2344;2655,-999.00,-999.00,-999.00,-999.00,80794.37,-2.73,-5.63,-4.18,-62.08,-66.52,-64.30,0,1.11,0.00,0.08,176.07,263.33,1556.02,1598.37
Primates,Pitheciidae,Pithecia,irrorata,pithecia irrorata,3.00,2308.17,-999.00,399.39,-999.00,-999.00,-999.00,-999.00,-999.00,-999.00,-999.00,-999.00,-999.00,-999.00,-999.00,-999.00,-999.00,-999.00,-999.00,-999.00,11.30,-999.00,-999.00,4.40,-999,-999.00,-999,-999.00,-999.00,-999.00,497;1544;1547;1848;2151;2251;2344;2655;2986,-999.00,-999.00,-999.00,-999.00,1135691.52,-2.25,-14.05,-8.15,-55.26,-71.45,-63.36,0,2.29,0.00,0.22,176.67,250.50,1388.46,1574.46
Primates,Pitheciidae,Pithecia,monachus,pithecia monachus,3.00,2109.55,-999.00,411.80,-999.00,-999.00,-999.00,-999.00,4.00,-999.00,-999.00,1.00,-999.00,-999.00,-999.00,1.02,-999.00,295.20,119.85,-999.00,8.00,-999.00,-999.00,2.50,-999,2.00,2,-999.00,-999.00,-999.00,208;497;543;730;905;1544;1547;1611;1848;2151;2251;2344;2464;2655;2986,-999.00,-999.00,-999.00,-999.00,2272018.67,1.47,-14.05,-6.29,-55.26,-77.85,-66.56,0,2.44,0.00,0.16,193.57,254.89,1427.32,1537.82
Primates,Pitheciidae,Pithecia,pithecia,pithecia pithecia,3.00,1667.19,-999.00,346.44,-999.00,759.20,-999.00,-999.00,2.00,-999.00,161.13,1.00,0.04,0.07,448.03,1.01,-999.00,248.40,-999.00,-999.00,4.19,-999.00,1089.37,2.70,-999,2.00,1,113.15,-999.00,-999.00,208;497;543;730;905;1201;1297;1544;1547;1768;1848;2151;2344;2431;2464;2489;2493;2655;2660;2986,-999.00,0.99,-999.00,-999.00,1037797.75,8.86,-3.02,2.92,-49.88,-61.71,-55.79,0,3.17,0.00,0.10,156.99,254.20,1467.74,1698.92
Rodentia,Capromyidae,Plagiodontia,aedium,plagiodontia aedium,1.00,1268.86,-999.00,300.00,-999.00,-999.00,-999.00,-999.00,3.00,-999.00,136.50,1.00,-999.00,-999.00,-999.00,1.14,-999.00,118.80,105.76,-999.00,-999.00,-999.00,-999.00,-999.00,-999,1.00,1,-999.00,-999.00,-999.00,543;899;1297;1627;2151;2655,-999.00,-999.00,-999.00,-999.00,75198.74,19.95,17.60,18.77,-68.31,-74.47,-71.39,10,214.83,38.00,0.08,104.89,239.05,1406.39,1578.86
Rodentia,Capromyidae,Plagiodontia,araeum,plagiodontia araeum,-999.00,-999.00,-999.00,-999.00,-999.00,-999.00,-999.00,-999.00,-999.00,-999.00,-999.00,-999.00,-999.00,-999.00,-999.00,-999.00,-999.00,-999.00,-999.00,-999.00,-999.00,-999.00,-999.00,-999.00,-999,-999.00,-999,-999.00,-999.00,-999.00,-999,-999.00,-999.00,-999.00,-999.00,-999.00,-999.00,-999.00,-999.00,-999.00,-999.00,-999.00,-999,-999.00,-999.00,-999.00,-999.00,-999.00,-999.00,-999.00
Rodentia,Capromyidae,Plagiodontia,ipnaeum,plagiodontia ipnaeum,-999.00,-999.00,-999.00,-999.00,-999.00,-999.00,-999.00,-999.00,-999.00,-999.00,-999.00,-999.00,-999.00,-999.00,-999.00,-999.00,-999.00,-999.00,-999.00,-999.00,-999.00,-999.00,-999.00,-999.00,-999,-999.00,-999,-999.00,-999.00,-999.00,-999,-999.00,-999.00,-999.00,-999.00,-999.00,-999.00,-999.00,-999.00,-999.00,-999.00,-999.00,-999,-999.00,-999.00,-999.00,-999.00,-999.00,-999.00,-999.00
Dasyuromorphia,Dasyuridae,Planigale,gilesi,planigale gilesi,2.00,9.34,-999.00,-999.00,-999.00,-999.00,13.10,9.45,-999.00,-999.00,15.74,1.00,-999.00,-999.00,341.00,5.23,2.00,60.00,9.7e-03,-999.00,739.99,-999.00,272.11,-999.00,-999,1.00,-999,83.52,4.93,-999.00,955;1297;1412;1760;1822;2655,-999.00,-999.00,-999.00,-999.00,975072.84,-24.32,-34.64,-29.48,147.55,136.09,141.82,0,0.14,0.00,-7.77983554121605e-03,22.20,198.91,273.38,1220.51
Dasyuromorphia,Dasyuridae,Planigale,ingrami,planigale ingrami,2.00,6.27,-999.00,-999.00,-999.00,-999.00,13.09,7.05,2.00,-999.00,-999.00,1.00,-999.00,-999.00,-999.00,7.48,2.00,15.60,-999.00,-999.00,-999.00,-999.00,-999.00,-999.00,-999,1.00,3,89.74,-999.00,-999.00,511;955;1297;1412;1760;1822;2655,-999.00,-999.00,-999.00,-999.00,1080525.04,-11.11,-26.04,-18.58,150.02,117.14,133.58,0,0.44,0.00,1.60153058879896e-03,57.46,246.15,678.51,1640.84
Dasyuromorphia,Dasyuridae,Planigale,maculata,planigale maculata,2.00,12.00,-999.00,-999.00,-999.00,-999.00,12.85,12.05,-999.00,-999.00,19.74,1.00,-999.00,-999.00,91.00,7.64,2.00,48.00,-999.00,-999.00,-999.00,-999.00,308.79,-999.00,-999,1.00,-999,70.72,2.20,-999.00,955;1297;1412;1760;1822;2655,-999.00,-999.00,-999.00,-999.00,1262767.92,-10.69,-33.11,-21.90,153.63,114.61,134.12,0,4.93,0.00,0.06,74.36,234.83,813.42,1623.76
Dasyuromorphia,Dasyuridae,Planigale,novaeguineae,planigale novaeguineae,2.00,14.90,-999.00,77.64,-999.00,-999.00,-999.00,-999.00,-999.00,-999.00,-999.00,1.00,-999.00,-999.00,-999.00,-999.00,-999.00,-999.00,-999.00,-999.00,-999.00,-999.00,-999.00,-999.00,6,1.00,-999,-999.00,-999.00,-999.00,977;1760;1991;2655,-999.00,-999.00,-999.00,-999.00,5648.74,-8.48,-9.84,-9.16,147.84,141.06,144.45,1,16.86,1.00,0.05,128.71,239.34,1447.32,1644.00
Dasyuromorphia,Dasyuridae,Planigale,tenuirostris,planigale tenuirostris,2.00,6.27,-999.00,-999.00,-999.00,-999.00,-999.00,-999.00,-999.00,-999.00,19.00,1.00,-999.00,-999.00,211.50,5.99,2.00,36.00,-999.00,-999.00,-999.00,-999.00,272.11,-999.00,-999,1.00,-999,94.46,2.33,-999.00,955;1297;1760;2400;2655,-999.00,-999.00,-999.00,-999.00,1261840.98,-23.11,-33.95,-28.53,148.91,134.65,141.78,0,0.04,0.00,-0.14,23.02,199.59,282.95,1254.65
Rodentia,Platacanthomyidae,Platacanthomys,lasiurus,platacanthomys lasiurus,-999.00,-999.00,-999.00,-999.00,-999.00,-999.00,-999.00,-999.00,-999.00,-999.00,-999.00,-999.00,-999.00,-999.00,-999.00,-999.00,-999.00,20.40,-999.00,-999.00,-999.00,-999.00,-999.00,-999.00,-999,-999.00,-999,-999.00,-999.00,-999.00,543,-999.00,-999.00,-999.00,-999.00,87720.27,14.37,8.06,11.22,77.69,74.49,76.09,126,646.78,164.00,0.05,159.54,256.92,1072.25,1646.37
Chiroptera,Phyllostomidae,Platalina,genovensium,platalina genovensium,-999.00,-999.00,47.96,-999.00,-999.00,-999.00,-999.00,-999.00,1.00,-999.00,-999.00,1.00,-999.00,-999.00,-999.00,0.98,-999.00,-999.00,-999.00,-999.00,-999.00,-999.00,-999.00,-999.00,-999,2.00,1,-999.00,-999.00,-999.00,108;890;1297;1658;2151,16.39,-999.00,-999.00,-999.00,672990.49,-3.86,-17.36,-10.61,-71.32,-81.35,-76.34,0,41.31,2.00,0.10,76.45,152.25,875.25,1386.70
Cetacea,Platanistidae,Platanista,gangetica,platanista gangetica,-999.00,93481.96,-999.00,-999.00,-999.00,-999.00,-999.00,-999.00,2.00,-999.00,304.16,1.00,-999.00,-999.00,-999.00,0.97,-999.00,336.00,-999.00,-999.00,-999.00,-999.00,-999.00,-999.00,-999,-999.00,3,339.47,-999.00,-999.00,543;899;1297;2151;2409;2655,-999.00,-999.00,-999.00,-999.00,-999.00,-999.00,-999.00,-999.00,-999.00,-999.00,-999.00,-999,-999.00,-999.00,-999.00,-999.00,-999.00,-999.00,-999.00
Cetacea,Platanistidae,Platanista,minor,platanista minor,-999.00,75990.24,-999.00,-999.00,-999.00,-999.00,-999.00,-999.00,2.00,-999.00,304.16,1.00,-999.00,-999.00,-999.00,1.00,-999.00,336.00,7000.00,-999.00,-999.00,-999.00,-999.00,-999.00,-999,-999.00,3,339.47,-999.00,-999.00,543;899;1297;2151,-999.00,-999.00,-999.00,-999.00,-999.00,-999.00,-999.00,-999.00,-999.00,-999.00,-999.00,-999,-999.00,-999.00,-999.00,-999.00,-999.00,-999.00,-999.00
Chiroptera,Molossidae,Platymops,setiger,platymops setiger,-999.00,-999.00,32.49,-999.00,-999.00,-999.00,-999.00,-999.00,-999.00,-999.00,-999.00,1.00,-999.00,-999.00,-999.00,1.00,-999.00,-999.00,-999.00,-999.00,-999.00,-999.00,-999.00,-999.00,-999,2.00,-999,-999.00,-999.00,-999.00,1297;1658;2151,5.37,-999.00,-999.00,-999.00,1790267.90,11.98,-6.90,2.53,51.41,34.14,42.78,1,26.68,2.00,0.10,42.45,238.48,627.41,1631.13
Chiroptera,Phyllostomidae,Platyrrhinus,aurarius,platyrrhinus aurarius,-999.00,35.12,51.50,-999.00,-999.00,-999.00,-999.00,-999.00,-999.00,-999.00,-999.00,1.00,-999.00,-999.00,-999.00,-999.00,-999.00,-999.00,-999.00,-999.00,-999.00,-999.00,-999.00,-999.00,-999,2.00,-999,-999.00,-999.00,-999.00,889;1658;2151;2622;2655,-999.00,-999.00,-999.00,-999.00,434351.66,6.11,-0.48,2.81,-61.10,-74.77,-67.93,0,0.72,0.00,0.13,212.23,241.64,1559.01,1607.97
Chiroptera,Phyllostomidae,Platyrrhinus,brachycephalus,platyrrhinus brachycephalus,-999.00,14.26,38.99,-999.00,-999.00,-999.00,-999.00,-999.00,-999.00,-999.00,-999.00,1.00,-999.00,-999.00,-999.00,0.98,-999.00,-999.00,-999.00,-999.00,-999.00,-999.00,-999.00,-999.00,-999,2.00,-999,-999.00,-999.00,-999.00,196;889;1297;1658;2151;2622;2655,-999.00,-999.00,-999.00,-999.00,6905773.42,10.74,-17.30,-3.27,-50.86,-79.70,-65.28,0,9.24,0.00,0.13,168.21,235.33,1378.06,1563.45
Chiroptera,Phyllostomidae,Platyrrhinus,chocoensis,platyrrhinus chocoensis,-999.00,-999.00,-999.00,-999.00,-999.00,-999.00,-999.00,-999.00,-999.00,-999.00,-999.00,1.00,-999.00,-999.00,-999.00,-999.00,-999.00,-999.00,-999.00,-999.00,-999.00,-999.00,-999.00,-999.00,-999,2.00,-999,-999.00,-999.00,-999.00,889;2151,-999.00,-999.00,-999.00,-999.00,40113.01,5.44,2.41,3.92,-76.05,-77.47,-76.76,5,77.93,6.00,0.11,361.44,207.91,1557.23,1721.52
Chiroptera,Phyllostomidae,Platyrrhinus,dorsalis,platyrrhinus dorsalis,-999.00,26.00,47.50,-999.00,-999.00,-999.00,-999.00,-999.00,-999.00,-999.00,-999.00,1.00,-999.00,-999.00,-999.00,0.99,-999.00,-999.00,-999.00,-999.00,-999.00,-999.00,-999.00,-999.00,-999,2.00,-999,-999.00,-999.00,-999.00,889;1297;1658;2151;2622;2655,-999.00,-999.00,-999.00,-999.00,2202496.45,11.28,-26.50,-7.60,-54.57,-80.25,-67.41,0,31.47,0.00,0.10,134.82,201.83,1203.91,1435.48
Chiroptera,Phyllostomidae,Platyrrhinus,helleri,platyrrhinus helleri,-999.00,13.44,38.09,-999.00,-999.00,-999.00,-999.00,-999.00,1.00,-999.00,-999.00,1.00,-999.00,-999.00,-999.00,0.99,2.00,-999.00,-999.00,-999.00,-999.00,-999.00,-999.00,-999.00,-999,2.00,1,-999.00,-999.00,-999.00,108;196;889;945;1297;1658;2143;2151;2295;2622;2655;2719,-999.00,-999.00,-999.00,-999.00,10885924.75,18.91,-23.56,-2.32,-44.34,-98.78,-71.56,0,17.67,0.00,0.12,158.94,236.48,1334.56,1558.22
Chiroptera,Phyllostomidae,Platyrrhinus,infuscus,platyrrhinus infuscus,-999.00,50.76,56.49,-999.00,-999.00,-999.00,-999.00,-999.00,-999.00,-999.00,-999.00,1.00,-999.00,-999.00,-999.00,0.98,-999.00,-999.00,-999.00,-999.00,-999.00,-999.00,-999.00,-999.00,-999,2.00,-999,-999.00,-999.00,-999.00,196;889;1297;1658;2151;2622;2655,-999.00,-999.00,-999.00,-999.00,2812367.88,6.59,-19.02,-6.21,-61.85,-80.65,-71.25,0,19.74,0.00,0.11,162.29,215.49,1301.09,1485.61
Chiroptera,Phyllostomidae,Platyrrhinus,lineatus,platyrrhinus lineatus,-999.00,24.34,46.59,-999.00,-999.00,-999.00,32.19,21.90,2.00,-999.00,107.97,1.00,-999.00,-999.00,-999.00,0.99,2.00,122.40,8.30,46.50,-999.00,-999.00,-999.00,-999.00,-999,2.00,2,-999.00,-999.00,-999.00,196;543;889;1297;1658;1822;1948;2151;2655;3035;3036;3037;3038,-999.00,-999.00,-999.00,-999.00,6717965.67,11.63,-33.06,-10.71,-34.79,-79.74,-57.27,0,38.44,1.00,0.09,118.26,211.12,1128.68,1399.18
Chiroptera,Phyllostomidae,Platyrrhinus,recifinus,platyrrhinus recifinus,-999.00,-999.00,41.49,-999.00,-999.00,-999.00,-999.00,-999.00,-999.00,-999.00,-999.00,1.00,-999.00,-999.00,-999.00,-999.00,-999.00,-999.00,-999.00,-999.00,-999.00,-999.00,-999.00,-999.00,-999,2.00,-999,-999.00,-999.00,-999.00,889;1658;2151,10.82,-999.00,-999.00,-999.00,2076551.04,-7.46,-29.67,-18.57,-34.81,-52.61,-43.71,1,70.73,3.00,0.07,112.17,214.97,1100.18,1396.81
Chiroptera,Phyllostomidae,Platyrrhinus,umbratus,platyrrhinus umbratus,-999.00,25.17,45.50,-999.00,-999.00,-999.00,-999.00,-999.00,-999.00,-999.00,-999.00,1.00,-999.00,-999.00,-999.00,-999.00,-999.00,-999.00,-999.00,-999.00,-999.00,-999.00,-999.00,-999.00,-999,2.00,-999,-999.00,-999.00,-999.00,889;1658;2151;2622;2655,-999.00,-999.00,-999.00,-999.00,1151725.92,12.46,-0.56,5.94,-60.56,-80.46,-70.51,0,62.93,1.00,0.12,134.77,237.90,1372.44,1653.51
Chiroptera,Phyllostomidae,Platyrrhinus,vittatus,platyrrhinus vittatus,-999.00,37.01,57.11,81.99,-999.00,-999.00,-999.00,-999.00,1.00,-999.00,-999.00,1.00,-999.00,-999.00,-999.00,0.98,-999.00,-999.00,-999.00,-999.00,-999.00,-999.00,-999.00,-999.00,-999,2.00,1,-999.00,-999.00,-999.00,108;196;889;892;1297;1658;2151;2622;2655;2719,-999.00,-999.00,-999.00,-999.00,2096484.10,12.46,-19.72,-3.62,-61.23,-85.85,-73.54,0,45.65,1.00,0.11,136.79,199.26,1216.52,1514.99
Chiroptera,Vespertilionidae,Plecotus,alpinus,plecotus alpinus,-999.00,-999.00,-999.00,-999.00,-999.00,-999.00,-999.00,-999.00,-999.00,-999.00,-999.00,-999.00,-999.00,-999.00,-999.00,-999.00,-999.00,-999.00,-999.00,-999.00,-999.00,-999.00,-999.00,-999.00,-999,-999.00,-999,-999.00,-999.00,-999.00,-999,-999.00,-999.00,-999.00,-999.00,-999.00,-999.00,-999.00,-999.00,-999.00,-999.00,-999.00,-999,-999.00,-999.00,-999.00,-999.00,-999.00,-999.00,-999.00
Chiroptera,Vespertilionidae,Plecotus,auritus,plecotus auritus,-999.00,8.19,37.72,-999.00,5.50,730.00,-999.00,-999.00,1.00,-999.00,65.12,1.00,-999.00,-999.00,-999.00,1.22,1.00,360.00,2.09,-999.00,-999.00,-999.00,338.33,-999.00,-999,2.00,3,42.09,5.70,-999.00,196;543;757;1297;1388;1658;1705;1771;2143;2151;2168;2350;2622;2655;2726;2977;3023,-999.00,-999.00,-999.00,-999.00,12452922.57,65.26,24.04,44.65,145.82,-10.47,67.67,0,110.06,1.00,0.02,50.42,46.77,449.95,625.22
Chiroptera,Vespertilionidae,Plecotus,austriacus,plecotus austriacus,-999.00,6.75,39.70,41.00,-999.00,-999.00,-999.00,-999.00,-999.00,-999.00,-999.00,1.00,-999.00,-999.00,-999.00,-999.00,-999.00,180.00,-999.00,-999.00,-999.00,-999.00,-999.00,-999.00,-999,2.00,-999,-999.00,-999.00,-999.00,107;543;677;1658;1860;2143;2151;2622;2655;3110,-999.00,-999.00,-999.00,-999.00,8090041.60,55.38,10.06,32.72,119.32,-17.53,50.89,0,102.06,1.00,0.05,41.55,103.59,396.55,888.68
Chiroptera,Vespertilionidae,Plecotus,balensis,plecotus balensis,-999.00,-999.00,-999.00,-999.00,-999.00,-999.00,-999.00,-999.00,-999.00,-999.00,-999.00,-999.00,-999.00,-999.00,-999.00,-999.00,-999.00,-999.00,-999.00,-999.00,-999.00,-999.00,-999.00,-999.00,-999,-999.00,-999,-999.00,-999.00,-999.00,-999,-999.00,-999.00,-999.00,-999.00,21653.49,8.10,6.38,7.24,40.31,38.84,39.58,8,79.34,8.00,0.15,70.61,47.85,991.13,1409.33
Chiroptera,Vespertilionidae,Plecotus,kolombatovici,plecotus kolombatovici,-999.00,-999.00,-999.00,-999.00,-999.00,-999.00,-999.00,-999.00,-999.00,-999.00,-999.00,-999.00,-999.00,-999.00,-999.00,-999.00,-999.00,-999.00,-999.00,-999.00,-999.00,-999.00,-999.00,-999.00,-999,-999.00,-999,-999.00,-999.00,-999.00,-999,-999.00,-999.00,-999.00,-999.00,-999.00,-999.00,-999.00,-999.00,-999.00,-999.00,-999.00,-999,-999.00,-999.00,-999.00,-999.00,-999.00,-999.00,-999.00
Chiroptera,Vespertilionidae,Plecotus,sardus,plecotus sardus,-999.00,-999.00,-999.00,-999.00,-999.00,-999.00,-999.00,-999.00,-999.00,-999.00,-999.00,-999.00,-999.00,-999.00,-999.00,-999.00,-999.00,-999.00,-999.00,-999.00,-999.00,-999.00,-999.00,-999.00,-999,-999.00,-999,-999.00,-999.00,-999.00,-999,-999.00,-999.00,-999.00,-999.00,-999.00,-999.00,-999.00,-999.00,-999.00,-999.00,-999.00,-999,-999.00,-999.00,-999.00,-999.00,-999.00,-999.00,-999.00
Chiroptera,Vespertilionidae,Plecotus,taivanus,plecotus taivanus,-999.00,-999.00,-999.00,-999.00,-999.00,-999.00,-999.00,-999.00,-999.00,-999.00,-999.00,1.00,-999.00,-999.00,-999.00,-999.00,-999.00,-999.00,-999.00,-999.00,-999.00,-999.00,-999.00,-999.00,-999,2.00,-999,-999.00,-999.00,-999.00,2151,-999.00,-999.00,-999.00,-999.00,36065.98,25.29,21.90,23.60,122.00,120.04,121.02,70,676.60,73.00,0.03,160.50,165.80,-999.00,-999.00
Chiroptera,Vespertilionidae,Plecotus,teneriffae,plecotus teneriffae,-999.00,-999.00,-999.00,-999.00,-999.00,-999.00,-999.00,-999.00,-999.00,-999.00,-999.00,1.00,-999.00,-999.00,-999.00,-999.00,-999.00,-999.00,-999.00,-999.00,-999.00,-999.00,-999.00,-999.00,-999,2.00,-999,-999.00,-999.00,-999.00,2151,-999.00,-999.00,-999.00,-999.00,3050.80,28.84,27.63,28.24,-16.11,-18.16,-17.14,27,256.62,27.00,0.04,21.00,149.00,-999.00,-999.00
Chiroptera,Pteropodidae,Plerotes,anchietae,plerotes anchietae,-999.00,-999.00,51.41,-999.00,-999.00,-999.00,-999.00,-999.00,-999.00,-999.00,-999.00,1.00,-999.00,-999.00,-999.00,-999.00,-999.00,-999.00,-999.00,-999.00,-999.00,-999.00,-999.00,-999.00,-999,2.00,-999,-999.00,-999.00,-999.00,270;1658;2151,19.99,-999.00,-999.00,-999.00,200249.81,-7.94,-13.18,-10.56,31.61,14.94,23.27,4,14.97,5.00,0.14,105.99,212.54,920.98,1425.94
Erinaceomorpha,Erinaceidae,Podogymnura,aureospinula,podogymnura aureospinula,1.00,-999.00,-999.00,200.00,-999.00,-999.00,-999.00,-999.00,-999.00,-999.00,-999.00,-999.00,-999.00,-999.00,-999.00,-999.00,-999.00,-999.00,-999.00,-999.00,-999.00,-999.00,-999.00,-999.00,-999,-999.00,-999,-999.00,-999.00,-999.00,678;1456,229.57,-999.00,-999.00,-999.00,832.19,10.47,9.81,10.14,125.70,125.48,125.59,92,144.02,92.00,0.02,-999.00,-999.00,-999.00,-999.00
Erinaceomorpha,Erinaceidae,Podogymnura,truei,podogymnura truei,1.00,-999.00,-999.00,395.12,-999.00,-999.00,-999.00,-999.00,2.00,-999.00,-999.00,2.00,-999.00,-999.00,-999.00,-999.00,-999.00,-999.00,-999.00,-999.00,-999.00,1.00,-999.00,-999.00,-999,1.00,2,-999.00,-999.00,-999.00,678;899;1456;2305,1639.12,-999.00,-999.00,-999.00,94772.99,9.82,5.55,7.69,126.60,121.89,124.24,33,161.12,47.00,0.12,170.68,236.39,1567.81,1734.24
Rodentia,Cricetidae,Podomys,floridanus,podomys floridanus,1.00,30.74,-999.00,103.18,16.50,-999.00,51.74,30.80,4.00,-999.00,-999.00,2.00,2.788764e-03,2.988422e-03,33.00,2.60,-999.00,88.00,2.39,-999.00,-999.00,-999.00,40.36,-999.00,-999,1.00,2,24.81,12.50,-999.00,835;1015;1297;1523;1822;1849;2477;2655,-999.00,3.71,-999.00,-999.00,69082.12,29.95,25.32,27.63,-80.03,-83.17,-81.60,1,188.02,5.00,0.10,112.22,221.98,1204.17,1434.85
Rodentia,Cricetidae,Podoxymys,roraimae,podoxymys roraimae,-999.00,33.79,-999.00,-999.00,-999.00,-999.00,-999.00,-999.00,-999.00,-999.00,-999.00,-999.00,-999.00,-999.00,-999.00,-999.00,-999.00,-999.00,-999.00,-999.00,-999.00,-999.00,-999.00,-999.00,-999,-999.00,-999,-999.00,-999.00,-999.00,2655,-999.00,-999.00,-999.00,-999.00,1239.18,5.33,4.98,5.16,-60.47,-60.88,-60.68,1,1.66,1.00,0.16,144.33,195.00,1567.64,1599.32
Carnivora,Mustelidae,Poecilogale,albinucha,poecilogale albinucha,1.00,308.16,-999.00,304.09,32.14,-999.00,-999.00,-999.00,1.00,-999.00,32.55,1.00,-999.00,-999.00,243.33,2.23,1.50,62.40,4.00,-999.00,-999.00,-999.00,914.79,-999.00,4,1.00,3,76.56,-999.00,-999.00,543;1113;1297;2655;2986,-999.00,-999.00,-999.00,-999.00,6524644.39,2.56,-34.83,-16.13,40.84,8.69,24.76,0,35.42,2.00,0.17,89.96,215.35,945.08,1454.94
Lagomorpha,Leporidae,Poelagus,marjorita,poelagus marjorita,1.00,2509.70,-999.00,470.00,-999.00,-999.00,-999.00,-999.00,-999.00,-999.00,34.99,-999.00,-999.00,-999.00,-999.00,1.19,-999.00,-999.00,-999.00,-999.00,-999.00,-999.00,-999.00,-999.00,-999,-999.00,-999,-999.00,-999.00,-999.00,95;1297;1600;1601;2655,-999.00,-999.00,-999.00,-999.00,1928031.05,11.12,-14.02,-1.44,35.89,13.90,24.89,0,26.88,1.00,0.08,108.17,240.37,1133.57,1593.41
Rodentia,Muridae,Pogonomelomys,bruijni,pogonomelomys bruijni,-999.00,-999.00,-999.00,176.19,-999.00,-999.00,-999.00,-999.00,-999.00,-999.00,-999.00,1.00,-999.00,-999.00,-999.00,-999.00,-999.00,-999.00,-999.00,-999.00,-999.00,-999.00,-999.00,-999.00,4,2.00,-999,-999.00,-999.00,-999.00,977;2152;2803,159.22,-999.00,-999.00,-999.00,10683.24,-0.89,-6.38,-3.63,142.82,130.63,136.72,1,5.43,1.00,0.11,296.04,253.19,1693.58,1724.60
Rodentia,Muridae,Pogonomelomys,mayeri,pogonomelomys mayeri,-999.00,111.97,-999.00,144.56,-999.00,-999.00,-999.00,-999.00,-999.00,-999.00,-999.00,1.00,-999.00,-999.00,-999.00,2.15,-999.00,-999.00,-999.00,-999.00,-999.00,-999.00,-999.00,-999.00,4,2.00,-999,-999.00,-999.00,-999.00,977;2655;2803,-999.00,-999.00,-999.00,-999.00,3091.92,-3.43,-6.57,-5.00,147.80,135.77,141.78,2,6.74,2.00,0.31,243.09,227.01,1719.97,1775.00
Rodentia,Muridae,Pogonomys,championi,pogonomys championi,1.00,50.45,-999.00,121.90,-999.00,-999.00,-999.00,-999.00,2.00,-999.00,-999.00,3.00,-999.00,-999.00,-999.00,2.15,-999.00,-999.00,-999.00,-999.00,-999.00,-999.00,-999.00,-999.00,6,2.00,1,-999.00,-999.00,-999.00,970;977;2152;2655,-999.00,-999.00,-999.00,-999.00,315.18,-4.66,-4.84,-4.75,141.46,141.28,141.37,5,5.00,5.00,0.25,258.00,194.00,1764.00,1764.00
Rodentia,Muridae,Pogonomys,fergussoniensis,pogonomys fergussoniensis,-999.00,-999.00,-999.00,-999.00,-999.00,-999.00,-999.00,-999.00,-999.00,-999.00,-999.00,-999.00,-999.00,-999.00,-999.00,-999.00,-999.00,-999.00,-999.00,-999.00,-999.00,-999.00,-999.00,-999.00,-999,-999.00,-999,-999.00,-999.00,-999.00,-999,-999.00,-999.00,-999.00,-999.00,2938.84,-9.19,-10.19,-9.69,151.29,150.09,150.69,12,12.00,12.00,0.09,267.00,254.00,-999.00,-999.00
Rodentia,Muridae,Pogonomys,loriae,pogonomys loriae,1.00,95.39,-999.00,136.12,-999.00,-999.00,-999.00,-999.00,3.00,-999.00,-999.00,3.00,-999.00,-999.00,-999.00,2.68,-999.00,-999.00,-999.00,-999.00,-999.00,-999.00,-999.00,-999.00,6,2.00,1,-999.00,-999.00,-999.00,456;661;977;2152;2655;2803,-999.00,-999.00,-999.00,-999.00,242498.11,-1.07,-10.41,-5.74,150.05,133.83,141.94,1,9.97,1.00,0.11,291.84,215.22,1673.14,1691.89
Rodentia,Muridae,Pogonomys,macrourus,pogonomys macrourus,1.00,46.98,-999.00,115.97,-999.00,-999.00,-999.00,-999.00,3.00,-999.00,-999.00,3.00,-999.00,-999.00,-999.00,2.81,-999.00,29.00,-999.00,-999.00,-999.00,-999.00,-999.00,-999.00,6,2.00,1,-999.00,-999.00,-999.00,456;543;865;977;1297;1954;2152;2655;2803,-999.00,-999.00,-999.00,-999.00,431652.31,-0.60,-10.40,-5.50,152.40,132.96,142.68,1,9.16,2.00,0.14,256.55,224.66,1688.51,1720.76
Rodentia,Muridae,Pogonomys,sylvestris,pogonomys sylvestris,1.00,41.67,-999.00,108.11,-999.00,-999.00,-999.00,-999.00,2.00,-999.00,-999.00,3.00,-999.00,-999.00,-999.00,2.64,-999.00,-999.00,-999.00,-999.00,-999.00,-999.00,-999.00,-999.00,6,2.00,1,-999.00,-999.00,-999.00,661;865;977;1297;2152;2655;2803,-999.00,-999.00,-999.00,-999.00,128123.99,-1.05,-10.21,-5.63,149.70,133.77,141.74,2,12.18,2.00,0.10,276.55,188.29,1670.65,1697.14
Carnivora,Viverridae,Poiana,leightoni,poiana leightoni,-999.00,-999.00,-999.00,-999.00,-999.00,-999.00,-999.00,-999.00,-999.00,-999.00,-999.00,-999.00,-999.00,-999.00,-999.00,-999.00,-999.00,-999.00,-999.00,-999.00,-999.00,-999.00,-999.00,-999.00,-999,-999.00,-999,-999.00,-999.00,-999.00,-999,-999.00,-999.00,-999.00,-999.00,188494.80,8.55,4.35,6.45,-4.71,-11.49,-8.10,3,40.05,5.00,0.05,200.92,249.65,1341.30,1540.50
Carnivora,Viverridae,Poiana,richardsonii,poiana richardsonii,1.00,570.08,-999.00,378.86,-999.00,-999.00,-999.00,-999.00,6.00,-999.00,-999.00,1.00,-999.00,-999.00,-999.00,2.23,-999.00,64.00,-999.00,-999.00,1.00,-999.00,-999.00,-999.00,-999,1.00,2,-999.00,-999.00,-999.00,543;1113;1297;2655,-999.00,-999.00,-999.00,-999.00,2191921.08,5.22,-5.99,-0.38,30.38,8.42,19.40,0,19.35,1.00,0.13,149.74,242.97,1402.47,1555.91
Primates,Hominidae,Pongo,abelii,pongo abelii,-999.00,39696.12,-999.00,-999.00,-999.00,-999.00,-999.00,-999.00,-999.00,-999.00,-999.00,-999.00,-999.00,-999.00,-999.00,-999.00,-999.00,-999.00,-999.00,-999.00,-999.00,-999.00,-999.00,-999.00,-999,-999.00,-999,-999.00,-999.00,-999.00,1547,-999.00,-999.00,-999.00,-999.00,16756.21,4.71,2.90,3.80,98.67,96.58,97.62,30,96.62,30.00,0.09,140.16,223.53,1498.07,1675.86
Primates,Hominidae,Pongo,pygmaeus,pongo pygmaeus,3.00,53408.29,-999.00,890.00,-999.00,3591.60,-999.00,-999.00,5.00,-999.00,259.42,2.00,3.88,5.49,2007.50,1.07,-999.00,720.00,1644.20,-999.00,2.00,1.00,3318.62,1.00,-999,2.00,2,1088.80,10537.59,-999.00,208;543;730;899;1038;1195;1297;1529;1544;1547;1577;1611;1763;1767;1848;2344;2489;2493;2655;2660;2986,-999.00,0.46,-999.00,-999.00,245264.03,5.34,-2.67,1.33,117.37,110.94,114.15,1,11.82,4.00,0.17,258.70,237.71,1676.64,1691.74
Cetacea,Iniidae,Pontoporia,blainvillei,pontoporia blainvillei,-999.00,40499.99,-999.00,-999.00,-999.00,-999.00,-999.00,-999.00,2.00,-999.00,326.89,1.00,-999.00,-999.00,730.00,1.00,-999.00,192.00,-999.00,-999.00,-999.00,-999.00,980.44,-999.00,-999,-999.00,3,316.09,-999.00,-999.00,543;890;1297;2151;2409;2655,-999.00,0.77,-999.00,-999.00,-999.00,-999.00,-999.00,-999.00,-999.00,-999.00,-999.00,-999,-999.00,-999.00,-999.00,-999.00,-999.00,-999.00,-999.00
Artiodactyla,Suidae,Potamochoerus,larvatus,potamochoerus larvatus,1.00,69063.79,-999.00,-999.00,-999.00,-999.00,-999.00,-999.00,7.00,-999.00,121.73,1.00,4.47,-999.00,-999.00,2.73,-999.00,-999.00,-999.00,-999.00,0.40,7.20,-999.00,8.00,-999,1.00,2,-999.00,-999.00,-999.00,645;1045;1848;2180;2655,-999.00,-999.00,-999.00,-999.00,5892226.64,13.69,-34.44,-10.37,46.08,13.07,29.57,0,40.24,2.00,0.15,86.44,220.05,946.90,1502.66
Artiodactyla,Suidae,Potamochoerus,porcus,potamochoerus porcus,2.00,70000.31,-999.00,1369.30,-999.00,-999.00,-999.00,-999.00,5.00,-999.00,120.00,1.00,-999.00,-999.00,365.00,3.00,-999.00,240.00,750.00,-999.00,0.23,28.50,1113.70,10.56,6,1.00,2,-999.00,-999.00,-999.00,543;645;730;760;904;1297;1848;2180;2629;2655,-999.00,1.10,-999.00,-999.00,5033216.84,13.53,-8.10,2.71,36.11,-16.82,9.64,0,36.82,1.00,0.11,139.70,248.51,1249.23,1567.17
Afrosoricida,Tenrecidae,Potamogale,velox,potamogale velox,1.00,670.99,-999.00,320.00,-999.00,-999.00,-999.00,-999.00,2.00,-999.00,-999.00,3.00,-999.00,-999.00,-999.00,2.50,2.00,-999.00,-999.00,-999.00,-999.00,1.00,-999.00,-999.00,-999,1.00,3,-999.00,-999.00,-999.00,511;1297;1455;2151;2655;2786,-999.00,-999.00,-999.00,-999.00,4646234.16,9.00,-13.06,-2.03,36.11,6.70,21.41,0,30.95,1.00,0.13,133.62,237.04,1247.00,1539.03
Diprotodontia,Potoroidae,Potorous,gilbertii,potorous gilbertii,1.00,1569.46,-999.00,349.99,-999.00,-999.00,-999.00,-999.00,2.00,-999.00,-999.00,-999.00,-999.00,-999.00,-999.00,1.00,-999.00,-999.00,-999.00,-999.00,-999.00,-999.00,-999.00,-999.00,-999,-999.00,1,208.67,-999.00,-999.00,1015,-999.00,-999.00,-999.00,-999.00,7753.72,-34.07,-35.12,-34.60,119.28,117.74,118.51,0,5.17,0.00,0.08,64.14,142.66,481.48,977.11
Diprotodontia,Potoroidae,Potorous,longipes,potorous longipes,1.00,1835.06,-999.00,359.99,-999.00,-999.00,-999.00,-999.00,3.00,-999.00,38.00,1.00,0.29,0.27,151.00,1.00,-999.00,120.00,-999.00,-999.00,40.00,-999.00,855.56,-999.00,-999,1.00,1,161.00,508.03,-999.00,899;955;1297;1573;1760;2655,-999.00,1.72,-999.00,-999.00,7279.90,-36.42,-37.76,-37.09,149.05,146.32,147.69,1,1.84,1.00,0.07,64.39,98.93,682.63,900.80
Diprotodontia,Potoroidae,Potorous,platyops,potorous platyops,1.00,499.99,-999.00,-999.00,-999.00,-999.00,-999.00,-999.00,-999.00,-999.00,-999.00,-999.00,-999.00,-999.00,-999.00,-999.00,-999.00,-999.00,-999.00,-999.00,-999.00,-999.00,-999.00,-999.00,-999,-999.00,-999,-999.00,-999.00,-999.00,1760;2655,-999.00,-999.00,-999.00,-999.00,-999.00,-999.00,-999.00,-999.00,-999.00,-999.00,-999.00,-999,-999.00,-999.00,-999.00,-999.00,-999.00,-999.00,-999.00
Diprotodontia,Potoroidae,Potorous,tridactylus,potorous tridactylus,1.00,1054.67,-999.00,-999.00,-999.00,399.21,487.46,1077.50,-999.00,-999.00,33.55,-999.00,-999.00,-999.00,133.00,1.00,2.00,144.00,0.31,-999.00,21.44,-999.00,413.84,-999.00,2,-999.00,-999,167.33,203.46,-999.00,543;730;955;1297;1412;1501;1760;1822;2483;2484;2655,-999.00,-999.00,-999.00,-999.00,125855.03,-26.81,-42.91,-34.86,153.63,140.67,147.15,0,44.79,1.00,0.02,76.57,136.69,671.95,1050.61
Carnivora,Procyonidae,Potos,flavus,potos flavus,1.00,2441.81,-999.00,509.54,16.95,-999.00,731.33,2157.50,4.00,160.00,116.80,2.00,0.22,0.21,365.00,1.11,1.00,348.00,171.84,183.03,34.21,-999.00,858.41,1.00,2,2.00,2,109.13,-999.00,-999.00,367;543;730;890;1113;1297;1534;1564;1573;1822;2151;2431;2655,-999.00,-999.00,-999.00,-999.00,12770952.51,23.72,-23.10,0.30,-34.79,-102.55,-68.67,0,25.77,0.00,0.12,153.67,241.49,1306.64,1552.99
Rodentia,Muridae,Praomys,daltoni,praomys daltoni,-999.00,34.99,-999.00,-999.00,-999.00,152.08,-999.00,-999.00,-999.00,-999.00,27.64,-999.00,-999.00,-999.00,-999.00,5.44,2.00,-999.00,1.50,-999.00,1500.00,-999.00,140.00,-999.00,-999,-999.00,-999,-999.00,8.00,-999.00,730;1256;1297;2655,-999.00,-999.00,-999.00,-999.00,1593643.84,14.44,8.21,11.32,26.99,-16.61,5.18,0,34.86,1.00,0.12,102.03,266.29,864.81,1611.26
Rodentia,Muridae,Praomys,degraaffi,praomys degraaffi,-999.00,-999.00,-999.00,-999.00,-999.00,-999.00,-999.00,-999.00,-999.00,-999.00,-999.00,-999.00,-999.00,-999.00,-999.00,-999.00,-999.00,-999.00,-999.00,-999.00,-999.00,-999.00,-999.00,-999.00,-999,-999.00,-999,-999.00,-999.00,-999.00,-999,-999.00,-999.00,-999.00,-999.00,-999.00,-999.00,-999.00,-999.00,-999.00,-999.00,-999.00,-999,-999.00,-999.00,-999.00,-999.00,-999.00,-999.00,-999.00
Rodentia,Muridae,Praomys,delectorum,praomys delectorum,-999.00,35.99,-999.00,-999.00,-999.00,-999.00,-999.00,-999.00,-999.00,-999.00,-999.00,-999.00,-999.00,-999.00,-999.00,3.88,-999.00,-999.00,-999.00,-999.00,-999.00,-999.00,-999.00,-999.00,-999,-999.00,-999,-999.00,-999.00,-999.00,1297;2655,-999.00,-999.00,-999.00,-999.00,267884.96,-2.18,-12.90,-7.54,39.55,32.76,36.15,2,42.57,5.00,0.15,73.64,219.98,922.36,1550.44
Rodentia,Muridae,Praomys,derooi,praomys derooi,-999.00,32.00,-999.00,-999.00,-999.00,-999.00,-999.00,-999.00,-999.00,-999.00,-999.00,-999.00,-999.00,-999.00,-999.00,3.75,-999.00,-999.00,-999.00,-999.00,-999.00,-999.00,-999.00,-999.00,-999,-999.00,-999,-999.00,-999.00,-999.00,1297;2655,-999.00,-999.00,-999.00,-999.00,301232.65,11.36,4.83,8.09,4.88,-2.13,1.37,6,129.83,10.00,0.14,103.40,268.25,1149.19,1644.34
Rodentia,Muridae,Praomys,hartwigi,praomys hartwigi,-999.00,38.86,-999.00,115.00,-999.00,-999.00,-999.00,-999.00,4.00,-999.00,-999.00,-999.00,-999.00,-999.00,-999.00,3.49,-999.00,-999.00,-999.00,-999.00,-999.00,-999.00,-999.00,-999.00,-999,-999.00,2,-999.00,-999.00,-999.00,899,-999.00,-999.00,-999.00,-999.00,38315.64,7.67,4.30,5.99,11.81,9.00,10.41,8,56.85,9.00,0.10,183.69,228.26,1172.50,1521.47
Rodentia,Muridae,Praomys,jacksoni,praomys jacksoni,-999.00,39.01,-999.00,-999.00,-999.00,-999.00,-999.00,-999.00,-999.00,-999.00,35.49,-999.00,-999.00,-999.00,-999.00,3.67,-999.00,-999.00,-999.00,-999.00,-999.00,-999.00,74.20,-999.00,-999,-999.00,-999,30.00,20.00,-999.00,456;1244;1297;2361;2655,-999.00,-999.00,-999.00,-999.00,3922075.04,8.73,-12.55,-1.90,37.17,8.69,22.93,0,30.03,1.00,0.13,131.74,235.23,1262.88,1548.96
Rodentia,Muridae,Praomys,lukolelae,praomys lukolelae,1.00,42.20,-999.00,-999.00,-999.00,-999.00,-999.00,-999.00,-999.00,-999.00,-999.00,1.00,-999.00,-999.00,-999.00,-999.00,-999.00,-999.00,-999.00,-999.00,-999.00,-999.00,-999.00,-999.00,-999,1.00,-999,-999.00,-999.00,-999.00,904,-999.00,-999.00,-999.00,-999.00,1546.35,-0.77,-1.12,-0.94,18.10,17.65,17.88,11,11.75,11.00,0.20,162.00,260.25,1528.75,1563.24
Rodentia,Muridae,Praomys,minor,praomys minor,-999.00,-999.00,-999.00,-999.00,-999.00,-999.00,-999.00,-999.00,-999.00,-999.00,-999.00,-999.00,-999.00,-999.00,-999.00,-999.00,-999.00,-999.00,-999.00,-999.00,-999.00,-999.00,-999.00,-999.00,-999,-999.00,-999,-999.00,-999.00,-999.00,-999,-999.00,-999.00,-999.00,-999.00,3908.10,-0.99,-1.66,-1.32,18.09,17.45,17.77,9,10.50,9.00,0.23,151.83,260.16,1494.33,1561.33
Rodentia,Muridae,Praomys,misonnei,praomys misonnei,-999.00,-999.00,-999.00,-999.00,-999.00,-999.00,-999.00,-999.00,-999.00,-999.00,-999.00,-999.00,-999.00,-999.00,-999.00,-999.00,-999.00,-999.00,-999.00,-999.00,-999.00,-999.00,-999.00,-999.00,-999,-999.00,-999,-999.00,-999.00,-999.00,-999,-999.00,-999.00,-999.00,-999.00,54954.33,0.95,-1.90,-0.47,28.84,25.35,27.10,1,18.56,1.00,0.17,148.00,238.30,1530.76,1566.97
Rodentia,Muridae,Praomys,morio,praomys morio,-999.00,41.73,-999.00,115.00,13.50,141.50,-999.00,-999.00,4.00,-999.00,35.99,-999.00,-999.00,-999.00,-999.00,3.28,-999.00,-999.00,2.68,-999.00,-999.00,-999.00,79.71,-999.00,-999,-999.00,2,30.77,-999.00,-999.00,773;899;1297;2655,-999.00,-999.00,-999.00,-999.00,4792.43,4.84,4.07,4.46,9.81,9.11,9.46,39,99.26,39.00,0.13,285.75,240.49,1274.00,1587.26
Rodentia,Muridae,Praomys,mutoni,praomys mutoni,-999.00,-999.00,-999.00,-999.00,-999.00,-999.00,-999.00,-999.00,-999.00,-999.00,-999.00,-999.00,-999.00,-999.00,-999.00,-999.00,-999.00,-999.00,-999.00,-999.00,-999.00,-999.00,-999.00,-999.00,-999,-999.00,-999,-999.00,-999.00,-999.00,-999,-999.00,-999.00,-999.00,-999.00,6883.22,1.08,0.08,0.58,26.07,25.25,25.66,2,22.28,2.00,0.09,151.71,249.28,1540.14,1612.28
Rodentia,Muridae,Praomys,obscurus,praomys obscurus,-999.00,-999.00,-999.00,-999.00,-999.00,-999.00,-999.00,-999.00,-999.00,-999.00,-999.00,-999.00,-999.00,-999.00,-999.00,-999.00,-999.00,-999.00,-999.00,-999.00,-999.00,-999.00,-999.00,-999.00,-999,-999.00,-999,-999.00,-999.00,-999.00,-999,-999.00,-999.00,-999.00,-999.00,-999.00,-999.00,-999.00,-999.00,-999.00,-999.00,-999.00,-999,-999.00,-999.00,-999.00,-999.00,-999.00,-999.00,-999.00
Rodentia,Muridae,Praomys,petteri,praomys petteri,-999.00,-999.00,-999.00,-999.00,-999.00,-999.00,-999.00,-999.00,-999.00,-999.00,-999.00,-999.00,-999.00,-999.00,-999.00,-999.00,-999.00,-999.00,-999.00,-999.00,-999.00,-999.00,-999.00,-999.00,-999,-999.00,-999,-999.00,-999.00,-999.00,-999,-999.00,-999.00,-999.00,-999.00,-999.00,-999.00,-999.00,-999.00,-999.00,-999.00,-999.00,-999,-999.00,-999.00,-999.00,-999.00,-999.00,-999.00,-999.00
Rodentia,Muridae,Praomys,rostratus,praomys rostratus,-999.00,-999.00,-999.00,-999.00,-999.00,-999.00,-999.00,-999.00,-999.00,-999.00,-999.00,-999.00,-999.00,-999.00,-999.00,-999.00,-999.00,-999.00,-999.00,-999.00,-999.00,-999.00,-999.00,-999.00,-999,-999.00,-999,-999.00,-999.00,-999.00,-999,-999.00,-999.00,-999.00,-999.00,75658.69,7.51,5.26,6.38,-4.50,-10.54,-7.52,4,38.52,8.00,0.07,211.26,245.68,1370.68,1534.72
Rodentia,Muridae,Praomys,tullbergi,praomys tullbergi,1.00,37.10,-999.00,101.58,-999.00,114.83,-999.00,-999.00,-999.00,-999.00,23.90,1.00,1.625591e-03,2.073237e-03,24.00,3.36,4.00,62.40,2.70,-999.00,1739.53,-999.00,57.07,-999.00,-999,1.00,-999,24.50,10.50,71.69,543;730;904;1254;1256;1297;2655,-999.00,-999.00,-999.00,-999.00,1062893.48,13.51,-9.54,1.98,16.58,-15.47,0.55,1,78.19,2.00,0.11,151.10,250.21,1172.24,1524.06
Rodentia,Muridae,Praomys,verschureni,praomys verschureni,-999.00,-999.00,-999.00,-999.00,-999.00,-999.00,-999.00,-999.00,-999.00,-999.00,-999.00,-999.00,-999.00,-999.00,-999.00,-999.00,-999.00,-999.00,-999.00,-999.00,-999.00,-999.00,-999.00,-999.00,-999,-999.00,-999,-999.00,-999.00,-999.00,-999,-999.00,-999.00,-999.00,-999.00,6171.24,0.91,4.332498e-03,0.45,29.91,29.05,29.48,51,98.00,51.00,0.22,121.50,193.74,1468.74,1585.99
Primates,Cercopithecidae,Presbytis,chrysomelas,presbytis chrysomelas,-999.00,-999.00,-999.00,-999.00,-999.00,-999.00,-999.00,-999.00,-999.00,-999.00,-999.00,-999.00,-999.00,-999.00,-999.00,-999.00,-999.00,-999.00,-999.00,-999.00,-999.00,-999.00,-999.00,-999.00,-999,-999.00,-999,-999.00,-999.00,-999.00,-999,-999.00,-999.00,-999.00,-999.00,74224.44,6.16,1.02,3.59,116.65,109.82,113.24,2,45.01,3.00,0.14,284.35,242.31,1702.77,1729.85
Primates,Cercopithecidae,Presbytis,comata,presbytis comata,3.00,6550.07,-999.00,510.00,-999.00,-999.00,-999.00,-999.00,3.00,-999.00,-999.00,1.00,0.13,0.23,-999.00,1.01,-999.00,-999.00,-999.00,-999.00,25.68,6.75,-999.00,7.05,-999,2.00,1,-999.00,-999.00,-999.00,208;730;741;899;1297;1347;1544;1547;1848;2344;2655;2660;2986,-999.00,-999.00,-999.00,-999.00,42000.55,-5.87,-7.66,-6.77,108.56,105.20,106.88,270,934.62,298.00,0.08,217.85,244.13,1588.52,1752.69
Primates,Cercopithecidae,Presbytis,femoralis,presbytis femoralis,3.00,7026.91,-999.00,515.00,-999.00,-999.00,-999.00,-999.00,-999.00,-999.00,-999.00,-999.00,0.07,0.13,-999.00,-999.00,-999.00,-999.00,-999.00,-999.00,-999.00,-999.00,-999.00,-999.00,-999,-999.00,-999,-999.00,-999.00,-999.00,1544;1848;2151;2655,-999.00,-999.00,-999.00,-999.00,154945.76,12.12,-1.37,5.37,104.27,98.65,101.46,7,133.49,11.00,0.11,202.31,257.69,1642.55,1806.04
Primates,Cercopithecidae,Presbytis,frontata,presbytis frontata,3.00,6096.60,-999.00,510.00,-999.00,-999.00,-999.00,-999.00,-999.00,-999.00,-999.00,-999.00,-999.00,-999.00,-999.00,-999.00,-999.00,-999.00,-999.00,-999.00,-999.00,-999.00,-999.00,-999.00,-999,-999.00,-999,-999.00,-999.00,-999.00,1544;1547;1848;2655,-999.00,-999.00,-999.00,-999.00,203400.02,3.71,-4.18,-0.23,118.99,113.05,116.02,1,24.51,2.00,0.22,249.94,240.76,1674.78,1709.51
Primates,Cercopithecidae,Presbytis,hosei,presbytis hosei,3.00,6277.78,-999.00,-999.00,-999.00,-999.00,-999.00,-999.00,-999.00,-999.00,-999.00,-999.00,0.20,0.35,-999.00,-999.00,-999.00,-999.00,-999.00,-999.00,4.42,-999.00,-999.00,7.00,-999,-999.00,-999,-999.00,-999.00,-999.00,730;1544;1547;2344;2655;3102,-999.00,-999.00,-999.00,-999.00,196668.50,7.03,0.31,3.67,119.26,113.74,116.50,2,26.64,3.00,0.24,283.13,236.96,1702.22,1747.21
Primates,Cercopithecidae,Presbytis,melalophos,presbytis melalophos,3.00,6439.12,-999.00,504.99,-999.00,-999.00,-999.00,-999.00,1.00,-999.00,-999.00,-999.00,0.12,-999.00,-999.00,1.01,-999.00,192.00,-999.00,-999.00,59.34,14.50,-999.00,14.00,-999,-999.00,1,-999.00,-999.00,-999.00,208;241;543;730;741;1297;1347;1544;1547;1848;2344;2655;2660;2748;2986,-999.00,-999.00,-999.00,-999.00,130402.58,-0.73,-5.94,-3.33,105.86,100.73,103.29,25,94.67,36.00,0.17,278.50,247.03,1828.29,1857.75
Primates,Cercopithecidae,Presbytis,natunae,presbytis natunae,-999.00,-999.00,-999.00,-999.00,-999.00,-999.00,-999.00,-999.00,-999.00,-999.00,-999.00,-999.00,-999.00,-999.00,-999.00,-999.00,-999.00,-999.00,-999.00,-999.00,-999.00,-999.00,-999.00,-999.00,-999,-999.00,-999,-999.00,-999.00,-999.00,-999,-999.00,-999.00,-999.00,-999.00,1445.56,4.23,3.65,3.94,108.40,107.96,108.18,53,53.00,53.00,0.10,261.00,268.00,-999.00,-999.00
Primates,Cercopithecidae,Presbytis,potenziani,presbytis potenziani,3.00,6449.53,-999.00,510.00,-999.00,-999.00,-999.00,-999.00,-999.00,-999.00,-999.00,-999.00,0.12,0.21,-999.00,1.02,-999.00,-999.00,-999.00,-999.00,14.80,-999.00,-999.00,3.70,-999,-999.00,-999,-999.00,-999.00,-999.00,741;1015;1544;1547;1848;2344;2655;2660;2986,-999.00,-999.00,-999.00,-999.00,6044.85,-0.91,-3.34,-2.13,100.47,98.58,99.52,43,55.33,43.00,0.11,340.00,259.00,-999.00,-999.00
Primates,Cercopithecidae,Presbytis,rubicunda,presbytis rubicunda,3.00,6348.53,-999.00,499.99,-999.00,-999.00,-999.00,-999.00,1.00,-999.00,-999.00,-999.00,0.50,0.85,-999.00,1.01,-999.00,-999.00,-999.00,-999.00,19.27,4.90,-999.00,6.50,-999,-999.00,1,-999.00,-999.00,-999.00,208;730;741;1297;1347;1544;1547;1577;1848;2344;2655;2660;2986,-999.00,-999.00,-999.00,-999.00,674127.71,7.03,-4.18,1.42,119.26,108.78,114.02,1,24.10,3.00,0.18,259.49,243.44,1685.00,1718.98
Primates,Cercopithecidae,Presbytis,siamensis,presbytis siamensis,3.00,5895.06,-999.00,510.00,-999.00,-999.00,-999.00,-999.00,-999.00,-999.00,-999.00,-999.00,-999.00,-999.00,-999.00,-999.00,-999.00,-999.00,-999.00,-999.00,-999.00,-999.00,-999.00,-999.00,-999,-999.00,-999,-999.00,-999.00,-999.00,1544;1848,-999.00,-999.00,-999.00,-999.00,87550.36,6.30,-2.70,1.80,104.66,99.35,102.01,3,95.33,8.00,0.12,214.58,254.07,1691.11,1777.86
Primates,Cercopithecidae,Presbytis,thomasi,presbytis thomasi,3.00,6689.99,-999.00,-999.00,-999.00,-999.00,-999.00,-999.00,-999.00,-999.00,-999.00,-999.00,0.09,0.15,-999.00,-999.00,-999.00,-999.00,-999.00,-999.00,27.00,7.50,-999.00,8.00,-999,-999.00,-999,-999.00,-999.00,-999.00,730;741;1347;1544;1547;2344;2655,-999.00,-999.00,-999.00,-999.00,49763.07,5.65,3.26,4.45,98.28,95.18,96.73,30,90.77,37.00,0.10,145.84,250.53,1496.74,1689.88
Cingulata,Dasypodidae,Priodontes,maximus,priodontes maximus,1.00,40641.89,-999.00,874.99,-999.00,-999.00,3027.73,45190.00,2.00,-999.00,124.24,2.00,3.19,4.52,-999.00,1.50,-999.00,180.00,113.00,-999.00,0.35,-999.00,327.59,1.00,-999,1.00,3,34.80,-999.00,-999.00,199;543;730;889;890;899;905;1297;1822;1946;1947;2151;2649;2655,-999.00,-999.00,-999.00,-999.00,10006526.45,11.35,-29.89,-9.26,-44.35,-78.12,-61.24,0,9.21,0.00,0.12,156.50,242.69,1332.92,1513.92
Carnivora,Felidae,Prionailurus,bengalensis,prionailurus bengalensis,1.00,2780.97,-999.00,683.23,9.97,-999.00,-999.00,-999.00,1.00,-999.00,70.18,1.00,1.87,1.76,165.56,2.50,-999.00,180.00,83.00,-999.00,-999.00,-999.00,855.31,-999.00,-999,1.00,3,24.85,-999.00,-999.00,543;1113;1573;2655,-999.00,1.64,-999.00,-999.00,10201747.80,50.35,-8.84,20.75,136.39,69.69,103.04,0,219.36,5.00,0.08,125.74,169.10,961.97,1234.77
Carnivora,Felidae,Prionailurus,iriomotensis,prionailurus iriomotensis,-999.00,-999.00,-999.00,-999.00,-999.00,-999.00,-999.00,-999.00,-999.00,-999.00,-999.00,-999.00,-999.00,-999.00,-999.00,-999.00,-999.00,-999.00,-999.00,-999.00,-999.00,-999.00,-999.00,-999.00,-999,-999.00,-999,-999.00,-999.00,-999.00,-999,-999.00,-999.00,-999.00,-999.00,280.70,24.42,24.24,24.33,123.93,123.66,123.80,365,365.00,365.00,0.04,-999.00,-999.00,-999.00,-999.00
Carnivora,Felidae,Prionailurus,planiceps,prionailurus planiceps,1.00,3533.76,-999.00,467.40,-999.00,-999.00,-999.00,-999.00,2.00,-999.00,56.00,1.00,-999.00,-999.00,-999.00,-999.00,-999.00,-999.00,-999.00,-999.00,-999.00,1.00,-999.00,-999.00,8,1.00,2,-999.00,-999.00,-999.00,1015;1113;2655,-999.00,-999.00,-999.00,-999.00,1100389.34,8.07,-5.94,1.06,118.99,95.18,107.09,1,74.47,4.00,0.15,240.65,250.30,1687.65,1744.28
Carnivora,Felidae,Prionailurus,rubiginosus,prionailurus rubiginosus,1.00,1418.75,-999.00,405.99,-999.00,-999.00,-999.00,-999.00,1.00,-999.00,-999.00,1.00,-999.00,-999.00,-999.00,2.23,-999.00,-999.00,-999.00,-999.00,-999.00,-999.00,-999.00,-999.00,-999,1.00,3,-999.00,-999.00,-999.00,1113;1297;2655,-999.00,-999.00,-999.00,-999.00,1372527.48,23.36,5.91,14.64,86.43,69.78,78.10,22,331.40,91.00,0.08,95.56,261.16,816.97,1548.99
Carnivora,Felidae,Prionailurus,viverrinus,prionailurus viverrinus,2.00,8826.46,-999.00,777.67,16.00,-999.00,-999.00,-999.00,1.00,-999.00,71.43,1.00,-999.00,-999.00,-999.00,2.00,-999.00,120.00,170.00,-999.00,-999.00,-999.00,-999.00,-999.00,-999,1.00,3,135.96,-999.00,-999.00,1113;1297;2655,-999.00,-999.00,-999.00,-999.00,3546617.17,29.23,-8.64,10.29,114.16,76.59,95.38,1,246.55,10.00,0.09,160.45,233.96,1128.81,1475.35
Carnivora,Viverridae,Prionodon,linsang,prionodon linsang,1.00,684.83,-999.00,399.17,-999.00,-999.00,-999.00,-999.00,6.00,-999.00,-999.00,1.00,-999.00,-999.00,182.50,2.30,-999.00,128.40,40.00,-999.00,-999.00,-999.00,-999.00,-999.00,4,1.00,2,-999.00,-999.00,-999.00,543;1113;1297;2655,-999.00,1.56,-999.00,-999.00,1202013.54,16.69,-8.78,3.95,119.26,95.18,107.22,1,172.11,4.00,0.12,236.46,249.83,1621.57,1750.87
Carnivora,Viverridae,Prionodon,pardicolor,prionodon pardicolor,1.00,1142.68,-999.00,353.19,-999.00,-999.00,-999.00,-999.00,6.00,-999.00,-999.00,1.00,-999.00,-999.00,182.50,2.00,-999.00,-999.00,-999.00,-999.00,-999.00,-999.00,-999.00,-999.00,-999,1.00,2,-999.00,-999.00,-999.00,1113;1297;2655,-999.00,1.56,-999.00,-999.00,1096040.96,28.05,14.76,21.41,109.03,86.78,97.91,1,112.92,7.00,0.09,142.71,182.62,1077.59,1339.43
Rodentia,Nesomyidae,Prionomys,batesi,prionomys batesi,-999.00,12.50,-999.00,-999.00,-999.00,-999.00,-999.00,-999.00,-999.00,-999.00,-999.00,-999.00,-999.00,-999.00,-999.00,-999.00,-999.00,-999.00,-999.00,-999.00,-999.00,-999.00,-999.00,-999.00,-999,-999.00,-999,-999.00,-999.00,-999.00,2655,-999.00,-999.00,-999.00,-999.00,13174.70,5.41,4.27,4.84,18.97,12.20,15.58,3,25.60,3.00,0.19,131.99,250.08,1239.68,1513.75
Artiodactyla,Bovidae,Procapra,gutturosa,procapra gutturosa,2.00,28274.27,-999.00,1243.28,-999.00,-999.00,-999.00,-999.00,1.00,-999.00,189.94,1.00,-999.00,-999.00,365.00,1.41,-999.00,84.00,2900.00,-999.00,-999.00,-999.00,893.06,-999.00,-999,1.00,1,38.97,-999.00,-999.00,511;543;1297;1525;1848;2042;2655;2670,-999.00,1.10,-999.00,-999.00,322170.90,49.45,42.09,45.77,117.77,91.47,104.62,0,1.55,1.00,0.03,23.87,6.27,281.70,520.80
Artiodactyla,Bovidae,Procapra,picticaudata,procapra picticaudata,-999.00,23197.67,-999.00,980.00,-999.00,-999.00,-999.00,-999.00,-999.00,-999.00,-999.00,-999.00,-999.00,-999.00,-999.00,1.00,-999.00,-999.00,-999.00,-999.00,-999.00,-999.00,-999.00,-999.00,-999,-999.00,-999,-999.00,-999.00,-999.00,1848;2655,-999.00,-999.00,-999.00,-999.00,1936510.55,39.03,28.25,33.64,102.50,77.75,90.12,0,4.54,0.00,0.05,46.84,-57.52,330.86,761.43
Artiodactyla,Bovidae,Procapra,przewalskii,procapra przewalskii,-999.00,27499.99,-999.00,-999.00,-999.00,-999.00,-999.00,-999.00,-999.00,-999.00,-999.00,-999.00,-999.00,-999.00,-999.00,-999.00,-999.00,-999.00,-999.00,-999.00,-999.00,-999.00,-999.00,-999.00,-999,-999.00,-999,-999.00,-999.00,-999.00,2655,-999.00,-999.00,-999.00,-999.00,40688.43,37.90,36.23,37.06,102.63,99.50,101.06,4,59.89,4.00,0.07,27.29,-24.13,398.79,826.16
Hyracoidea,Procaviidae,Procavia,capensis,procavia capensis,3.00,2952.48,-999.00,467.37,0.00,2190.00,780.00,2325.00,5.00,-999.00,231.24,2.00,2.638607e-03,-999.00,365.00,2.50,1.00,168.00,203.49,191.50,2734.51,47.00,487.07,17.00,6,2.00,1,90.99,499.99,-999.00,543;658;1297;1355;1822;1848;1984;2151;2179;2466;2629;2655,-999.00,-999.00,-999.00,-999.00,24125352.41,35.00,-34.83,0.08,57.70,-17.53,20.08,0,31.59,0.00,0.12,64.24,236.32,673.95,1484.00
Primates,Cercopithecidae,Procolobus,verus,procolobus verus,3.00,3977.86,-999.00,459.99,-999.00,-999.00,-999.00,-999.00,1.00,-999.00,167.84,-999.00,0.17,-999.00,-999.00,1.02,-999.00,-999.00,-999.00,-999.00,18.60,10.00,-999.00,6.30,-999,-999.00,1,-999.00,-999.00,-999.00,208;730;741;1347;1544;1547;1848;2344;2655;2660;2986,-999.00,-999.00,-999.00,-999.00,130901.22,9.53,4.47,7.00,7.41,-12.08,-2.33,3,66.61,8.00,0.07,186.89,252.88,1312.78,1560.68
Carnivora,Procyonidae,Procyon,cancrivorus,procyon cancrivorus,1.00,6931.72,-999.00,602.86,21.00,-999.00,2779.80,6950.00,6.00,365.00,69.35,2.00,-999.00,-999.00,-999.00,2.62,-999.00,168.00,70.00,-999.00,5.74,-999.00,631.37,-999.00,-999,2.00,2,111.36,-999.00,-999.00,367;543;730;890;1113;1297;1822;2151;2431;2655,-999.00,-999.00,-999.00,-999.00,12829315.40,12.46,-34.80,-11.16,-34.79,-83.56,-59.17,0,22.53,0.00,0.11,144.34,237.43,1261.87,1488.79
Carnivora,Procyonidae,Procyon,lotor,procyon lotor,2.00,6373.72,-999.00,484.68,20.91,-999.00,2096.43,5496.86,6.00,317.49,65.00,2.00,4.62,4.90,365.00,3.06,1.00,252.00,82.46,-999.00,3.29,-999.00,561.28,-999.00,6,2.00,2,104.16,1095.44,-999.00,367;543;730;1015;1113;1297;1573;1615;1728;1822;2151;2655,-999.00,-999.00,-999.00,-999.00,11703644.72,58.78,7.19,32.99,-60.96,-127.89,-94.43,0,38.77,0.00,0.06,63.25,111.84,631.09,920.90
Carnivora,Hyaenidae,Proteles,cristata,proteles cristata,1.00,8139.39,-999.00,697.91,-999.00,-999.00,2038.47,8025.00,1.00,365.00,90.62,1.00,1.51,1.81,-999.00,2.64,-999.00,300.00,275.00,-999.00,0.81,-999.00,631.37,-999.00,4,1.00,3,125.73,-999.00,-999.00,367;543;730;966;1113;1297;1573;1822;1947;2655,-999.00,-999.00,-999.00,-999.00,6435462.88,23.34,-34.83,-5.74,51.41,11.71,31.56,0,28.57,0.00,0.10,46.96,210.08,618.81,1447.38
Rodentia,Muridae,Protochromys,fellowsi,protochromys fellowsi,-999.00,78.99,-999.00,142.75,10.00,-999.00,-999.00,-999.00,3.00,-999.00,-999.00,-999.00,-999.00,-999.00,-999.00,2.68,-999.00,-999.00,-999.00,-999.00,-999.00,-999.00,-999.00,-999.00,4,-999.00,1,20.00,-999.00,-999.00,977;2152;2655;2803,-999.00,-999.00,-999.00,-999.00,1684.66,-5.48,-5.92,-5.70,144.98,143.69,144.34,14,25.33,14.00,0.10,365.65,137.35,1598.00,1604.00
Rodentia,Sciuridae,Protoxerus,aubinnii,protoxerus aubinnii,-999.00,427.94,-999.00,265.00,-999.00,-999.00,-999.00,-999.00,-999.00,-999.00,-999.00,-999.00,-999.00,-999.00,-999.00,-999.00,-999.00,-999.00,-999.00,-999.00,-999.00,-999.00,-999.00,-999.00,-999,-999.00,-999,-999.00,-999.00,-999.00,2495;2655,-999.00,-999.00,-999.00,-999.00,310389.66,7.70,4.35,6.02,-0.25,-11.95,-6.10,3,76.78,8.00,0.07,173.32,254.91,1351.82,1574.65
Rodentia,Sciuridae,Protoxerus,stangeri,protoxerus stangeri,3.00,630.43,-999.00,291.36,-999.00,-999.00,-999.00,-999.00,2.00,-999.00,-999.00,1.00,-999.00,-999.00,-999.00,1.47,-999.00,61.20,-999.00,-999.00,-999.00,-999.00,-999.00,-999.00,-999,2.00,1,-999.00,-999.00,-999.00,32;543;901;904;1297;1849;2399;2495;2655,-999.00,-999.00,-999.00,-999.00,3688592.61,8.39,-8.60,-0.10,37.41,-11.81,12.80,0,44.52,1.00,0.12,144.58,241.23,1335.21,1555.16
Artiodactyla,Cervidae,Przewalskium,albirostris,przewalskium albirostris,-999.00,161681.90,-999.00,-999.00,-999.00,-999.00,-999.00,-999.00,-999.00,-999.00,263.41,-999.00,-999.00,-999.00,-999.00,1.00,-999.00,216.00,-999.00,-999.00,-999.00,-999.00,-999.00,-999.00,-999,-999.00,-999,-999.00,-999.00,-999.00,543;1297;2655;3010,-999.00,-999.00,-999.00,-999.00,1061382.86,39.57,27.88,33.72,103.96,91.70,97.83,0,12.83,0.00,0.04,80.94,-33.28,445.65,803.84
Rodentia,Muridae,Psammomys,obesus,psammomys obesus,3.00,102.15,-999.00,-999.00,14.00,296.56,-999.00,-999.00,-999.00,-999.00,24.80,-999.00,-999.00,-999.00,38.30,3.49,-999.00,-999.00,6.20,-999.00,69.97,-999.00,63.38,-999.00,-999,-999.00,-999,24.18,40.00,-999.00,727;730;947;1297;1435;2655,-999.00,3.44,-999.00,-999.00,1735287.94,36.04,17.56,26.80,51.33,-8.35,21.48,0,38.86,1.00,0.18,9.16,203.68,152.96,1209.68
Rodentia,Muridae,Psammomys,vexillaris,psammomys vexillaris,-999.00,-999.00,-999.00,-999.00,-999.00,-999.00,-999.00,-999.00,-999.00,-999.00,-999.00,-999.00,-999.00,-999.00,-999.00,-999.00,-999.00,-999.00,-999.00,-999.00,-999.00,-999.00,-999.00,-999.00,-999,-999.00,-999,-999.00,-999.00,-999.00,-999,-999.00,-999.00,-999.00,-999.00,752435.94,34.90,29.14,32.02,21.43,-1.18,10.12,1,13.00,1.00,0.12,8.51,201.23,145.98,1115.45
Dasyuromorphia,Dasyuridae,Pseudantechinus,bilarni,pseudantechinus bilarni,2.00,23.05,-999.00,96.36,-999.00,-999.00,-999.00,-999.00,-999.00,-999.00,38.98,1.00,-999.00,-999.00,365.00,4.75,1.00,36.00,-999.00,-999.00,-999.00,-999.00,353.81,-999.00,6,1.00,-999,111.36,-999.00,-999.00,524;543;955;1297;1760;2655,-999.00,-999.00,-999.00,-999.00,69385.00,-12.04,-17.50,-14.77,137.85,129.77,133.81,0,4.58,0.00,8.00928760616445e-03,91.34,269.59,873.53,1843.03
Dasyuromorphia,Dasyuridae,Pseudantechinus,macdonnellensis,pseudantechinus macdonnellensis,2.00,36.88,-999.00,-999.00,-999.00,-999.00,27.09,43.00,-999.00,-999.00,44.72,1.00,-999.00,-999.00,365.00,5.88,1.00,36.00,0.01,-999.00,-999.00,-999.00,355.43,-999.00,-999,1.00,-999,97.72,-999.00,-999.00,543;955;1297;1412;1760;1822;2484;2655,-999.00,-999.00,-999.00,-999.00,881507.53,-17.53,-28.13,-22.83,135.48,113.65,124.56,0,0.07,0.00,0.01,25.14,238.79,349.42,1399.55
Dasyuromorphia,Dasyuridae,Pseudantechinus,mimulus,pseudantechinus mimulus,-999.00,-999.00,-999.00,-999.00,-999.00,-999.00,-999.00,-999.00,-999.00,-999.00,-999.00,-999.00,-999.00,-999.00,-999.00,-999.00,-999.00,-999.00,-999.00,-999.00,-999.00,-999.00,-999.00,-999.00,-999,-999.00,-999,-999.00,-999.00,-999.00,-999,-999.00,-999.00,-999.00,-999.00,230.43,-15.50,-15.77,-15.64,136.90,136.61,136.75,0,0.00,0.00,-999.00,70.00,268.00,726.00,1652.00
Dasyuromorphia,Dasyuridae,Pseudantechinus,ningbing,pseudantechinus ningbing,2.00,20.74,-999.00,-999.00,-999.00,-999.00,-999.00,-999.00,-999.00,-999.00,46.71,1.00,-999.00,-999.00,365.00,4.00,-999.00,24.00,-999.00,-999.00,-999.00,-999.00,348.62,-999.00,-999,1.00,-999,111.68,-999.00,-999.00,955;1297;1760;2655,-999.00,1.10,-999.00,-999.00,167787.21,-13.73,-17.64,-15.69,129.80,123.42,126.61,0,0.00,0.00,-999.00,65.50,273.14,753.25,1771.15
Dasyuromorphia,Dasyuridae,Pseudantechinus,roryi,pseudantechinus roryi,-999.00,-999.00,-999.00,-999.00,-999.00,-999.00,-999.00,-999.00,-999.00,-999.00,-999.00,-999.00,-999.00,-999.00,-999.00,-999.00,-999.00,-999.00,-999.00,-999.00,-999.00,-999.00,-999.00,-999.00,-999,-999.00,-999,-999.00,-999.00,-999.00,-999,-999.00,-999.00,-999.00,-999.00,52848.04,-30.83,-34.00,-32.42,118.54,116.35,117.45,0,2.95,0.00,0.02,41.68,156.98,416.24,1118.55
Dasyuromorphia,Dasyuridae,Pseudantechinus,woolleyae,pseudantechinus woolleyae,2.00,43.23,-999.00,-999.00,-999.00,-999.00,-999.00,-999.00,-999.00,-999.00,-999.00,1.00,-999.00,-999.00,-999.00,5.99,-999.00,48.00,-999.00,-999.00,-999.00,-999.00,340.14,-999.00,-999,1.00,-999,-999.00,-999.00,-999.00,955;1760;2655,-999.00,-999.00,-999.00,-999.00,356927.91,-20.28,-29.93,-25.10,122.51,115.45,118.98,0,0.08,0.00,0.00,22.00,225.83,296.58,1336.09
Diprotodontia,Pseudocheiridae,Pseudocheirus,peregrinus,pseudocheirus peregrinus,-999.00,895.22,-999.00,-999.00,91.00,365.00,434.65,916.00,2.00,-999.00,-999.00,1.00,9.31273e-03,-999.00,251.60,1.89,1.50,96.00,0.29,-999.00,654.82,-999.00,375.27,6.00,4,2.00,1,197.14,266.38,-999.00,543;730;955;1297;1412;1760;1789;1822;1848;2484;2644;2655;2880,-999.00,-999.00,-999.00,-999.00,1440312.81,-10.69,-43.64,-27.16,153.63,114.97,134.30,0,13.15,0.00,0.04,68.75,180.31,715.79,1274.24
Diprotodontia,Pseudocheiridae,Pseudochirops,albertisii,pseudochirops albertisii,2.00,784.85,-999.00,325.29,-999.00,-999.00,-999.00,-999.00,3.00,-999.00,-999.00,2.00,-999.00,-999.00,-999.00,1.02,-999.00,-999.00,-999.00,-999.00,-999.00,-999.00,-999.00,-999.00,-999,2.00,1,-999.00,-999.00,-999.00,975;977;1760;1848;1991;2152;2655,-999.00,-999.00,-999.00,-999.00,22493.05,-0.79,-3.83,-2.31,142.31,131.30,136.80,2,6.07,2.00,0.16,210.67,242.56,1721.46,1867.84
Diprotodontia,Pseudocheiridae,Pseudochirops,archeri,pseudochirops archeri,-999.00,1145.92,-999.00,-999.00,-999.00,-999.00,-999.00,-999.00,1.00,-999.00,-999.00,1.00,-999.00,-999.00,365.00,1.03,-999.00,-999.00,-999.00,-999.00,150.00,-999.00,-999.00,-999.00,-999,2.00,1,-999.00,-999.00,-999.00,955;1760;1848;2655,-999.00,1.10,-999.00,-999.00,13596.80,-16.21,-18.93,-17.57,146.05,144.87,145.46,0,9.30,0.00,0.04,136.25,209.79,1180.47,1693.21
Diprotodontia,Pseudocheiridae,Pseudochirops,corinnae,pseudochirops corinnae,2.00,1123.00,-999.00,333.96,-999.00,-999.00,-999.00,-999.00,2.00,-999.00,-999.00,1.00,-999.00,-999.00,-999.00,1.02,-999.00,-999.00,-999.00,-999.00,-999.00,-999.00,-999.00,-999.00,-999,2.00,1,-999.00,-999.00,-999.00,661;975;977;1760;1848;1991;2152;2655,-999.00,-999.00,-999.00,-999.00,209842.04,-3.29,-10.15,-6.72,149.73,136.30,143.02,1,10.57,2.00,0.12,272.67,199.11,1683.56,1705.42
Diprotodontia,Pseudocheiridae,Pseudochirops,coronatus,pseudochirops coronatus,2.00,1395.85,-999.00,339.07,-999.00,-999.00,-999.00,-999.00,2.00,-999.00,-999.00,1.00,-999.00,-999.00,-999.00,-999.00,-999.00,-999.00,-999.00,-999.00,-999.00,-999.00,-999.00,-999.00,-999,2.00,1,-999.00,-999.00,-999.00,975;977;2152;2655,-999.00,-999.00,-999.00,-999.00,97.00,-1.17,-1.27,-1.22,133.94,133.84,133.89,5,5.00,5.00,0.25,207.00,118.00,1712.00,1767.00
Diprotodontia,Pseudocheiridae,Pseudochirops,cupreus,pseudochirops cupreus,2.00,1764.08,-999.00,378.90,-999.00,-999.00,-999.00,-999.00,2.00,-999.00,-999.00,2.00,-999.00,-999.00,-999.00,1.01,-999.00,-999.00,-999.00,-999.00,-999.00,-999.00,-999.00,-999.00,-999,2.00,1,-999.00,-999.00,-999.00,955;975;977;1760;1991;2152;2655,-999.00,-999.00,-999.00,-999.00,205225.01,-3.45,-9.96,-6.71,149.48,135.45,142.46,1,10.02,2.00,0.13,265.72,202.27,1685.94,1710.54
Diprotodontia,Pseudocheiridae,Pseudochirulus,canescens,pseudochirulus canescens,-999.00,300.00,-999.00,223.15,-999.00,-999.00,-999.00,-999.00,2.00,-999.00,-999.00,1.00,-999.00,-999.00,-999.00,2.57,-999.00,-999.00,-999.00,-999.00,-999.00,-999.00,-999.00,-999.00,4,2.00,1,-999.00,-999.00,-999.00,975;977;1760;1991;2152;2655,-999.00,-999.00,-999.00,-999.00,101962.23,-0.88,-10.18,-5.53,149.70,130.63,140.17,2,11.27,2.00,0.10,282.76,203.84,1661.64,1666.94
Diprotodontia,Pseudocheiridae,Pseudochirulus,caroli,pseudochirulus caroli,-999.00,456.02,-999.00,310.00,-999.00,-999.00,-999.00,-999.00,2.00,-999.00,-999.00,1.00,-999.00,-999.00,-999.00,-999.00,-999.00,-999.00,-999.00,-999.00,-999.00,-999.00,-999.00,-999.00,4,2.00,1,-999.00,-999.00,-999.00,975;977;1760;1848;2152;2655,-999.00,-999.00,-999.00,-999.00,38148.52,-3.29,-4.90,-4.10,139.04,135.43,137.23,2,4.88,2.00,0.13,183.77,209.36,1734.52,1777.81
Diprotodontia,Pseudocheiridae,Pseudochirulus,cinereus,pseudochirulus cinereus,-999.00,977.48,-999.00,-999.00,-999.00,-999.00,-999.00,-999.00,1.00,-999.00,-999.00,1.00,-999.00,-999.00,-999.00,2.00,-999.00,-999.00,-999.00,-999.00,146.00,-999.00,-999.00,-999.00,-999,2.00,1,-999.00,280.00,-999.00,955;1848,-999.00,-999.00,-999.00,-999.00,9764.16,-15.56,-16.67,-16.12,145.32,144.15,144.74,0,0.74,0.00,0.00,108.26,225.51,1061.13,1712.37
Diprotodontia,Pseudocheiridae,Pseudochirulus,forbesi,pseudochirulus forbesi,-999.00,639.16,-999.00,265.18,-999.00,-999.00,-999.00,-999.00,2.00,-999.00,-999.00,1.00,-999.00,-999.00,-999.00,1.26,-999.00,-999.00,-999.00,-999.00,-999.00,-999.00,-999.00,-999.00,4,2.00,1,-999.00,-999.00,-999.00,661;955;975;977;1760;1991;2152;2655,-999.00,-999.00,-999.00,-999.00,41306.37,-7.24,-10.11,-8.67,149.75,146.11,147.93,3,10.55,3.00,0.09,197.82,210.95,1742.74,1802.02
Diprotodontia,Pseudocheiridae,Pseudochirulus,herbertensis,pseudochirulus herbertensis,-999.00,1098.34,-999.00,-999.00,-999.00,486.66,-999.00,-999.00,-999.00,-999.00,-999.00,1.00,-999.00,-999.00,332.00,1.89,1.05,-999.00,0.17,-999.00,899.99,-999.00,544.23,-999.00,-999,2.00,-999,159.09,117.50,-999.00,955;1297;1412;1760;2644;2655,-999.00,-999.00,-999.00,-999.00,10352.35,-16.45,-18.38,-17.41,145.86,144.90,145.38,0,10.26,0.00,0.06,126.29,209.01,1178.57,1652.93
Diprotodontia,Pseudocheiridae,Pseudochirulus,larvatus,pseudochirulus larvatus,-999.00,-999.00,-999.00,-999.00,-999.00,-999.00,-999.00,-999.00,-999.00,-999.00,-999.00,-999.00,-999.00,-999.00,-999.00,-999.00,-999.00,-999.00,-999.00,-999.00,-999.00,-999.00,-999.00,-999.00,-999,-999.00,-999,-999.00,-999.00,-999.00,-999,-999.00,-999.00,-999.00,-999.00,107678.19,-3.46,-6.85,-5.16,147.80,140.72,144.26,1,13.66,1.00,0.12,344.76,188.87,1658.11,1683.93
Diprotodontia,Pseudocheiridae,Pseudochirulus,mayeri,pseudochirulus mayeri,-999.00,151.75,-999.00,198.81,-999.00,-999.00,-999.00,-999.00,3.00,-999.00,-999.00,1.00,-999.00,-999.00,-999.00,1.26,-999.00,-999.00,-999.00,-999.00,-999.00,-999.00,-999.00,-999.00,4,2.00,1,-999.00,-999.00,-999.00,975;977;1760;1848;1991;2152;2655,-999.00,-999.00,-999.00,-999.00,71728.11,-3.41,-6.45,-4.93,144.31,135.67,139.99,1,8.38,2.00,0.18,257.96,181.47,1704.20,1726.38
Diprotodontia,Pseudocheiridae,Pseudochirulus,schlegeli,pseudochirulus schlegeli,-999.00,255.44,-999.00,216.22,-999.00,-999.00,-999.00,-999.00,2.00,-999.00,-999.00,1.00,-999.00,-999.00,-999.00,-999.00,-999.00,-999.00,-999.00,-999.00,-999.00,-999.00,-999.00,-999.00,4,2.00,1,-999.00,-999.00,-999.00,975;977;1760;2152;2655,-999.00,-999.00,-999.00,-999.00,74.93,-1.14,-1.23,-1.18,134.11,134.02,134.06,5,5.00,5.00,0.25,-999.00,-999.00,-999.00,-999.00
Rodentia,Muridae,Pseudohydromys,ellermani,pseudohydromys ellermani,-999.00,21.40,-999.00,90.66,-999.00,-999.00,-999.00,-999.00,3.00,-999.00,-999.00,2.00,-999.00,-999.00,-999.00,-999.00,-999.00,-999.00,-999.00,-999.00,-999.00,-999.00,-999.00,-999.00,4,1.00,2,-999.00,-999.00,-999.00,456;977;1461;2152;2655,-999.00,-999.00,-999.00,-999.00,49257.10,-4.28,-7.61,-5.95,146.93,138.17,142.55,3,16.66,3.00,0.14,347.67,152.95,1657.36,1664.68
Rodentia,Muridae,Pseudohydromys,fuscus,pseudohydromys fuscus,-999.00,18.74,-999.00,89.72,-999.00,-999.00,-999.00,-999.00,3.00,-999.00,-999.00,1.00,-999.00,-999.00,-999.00,-999.00,-999.00,-999.00,-999.00,-999.00,-999.00,-999.00,-999.00,-999.00,4,1.00,2,-999.00,-999.00,-999.00,977;1461;2152;2655,-999.00,-999.00,-999.00,-999.00,3155.41,-4.59,-7.53,-6.06,146.78,140.76,143.77,7,21.00,7.00,0.08,315.03,143.60,1660.79,1699.16
Rodentia,Muridae,Pseudohydromys,murinus,pseudohydromys murinus,-999.00,16.79,-999.00,89.43,-999.00,-999.00,-999.00,-999.00,3.00,-999.00,-999.00,1.00,-999.00,-999.00,-999.00,0.97,-999.00,-999.00,-999.00,-999.00,-999.00,-999.00,-999.00,-999.00,4,1.00,2,-999.00,-999.00,-999.00,977;1297;1461;2152;2655;2803,-999.00,-999.00,-999.00,-999.00,2880.34,-5.74,-7.53,-6.63,146.87,144.77,145.82,10,23.34,10.00,0.07,328.75,135.67,1649.22,1694.01
Rodentia,Muridae,Pseudohydromys,occidentalis,pseudohydromys occidentalis,-999.00,21.90,-999.00,101.00,-999.00,-999.00,-999.00,-999.00,2.00,-999.00,-999.00,1.00,-999.00,-999.00,-999.00,-999.00,-999.00,-999.00,-999.00,-999.00,-999.00,-999.00,-999.00,-999.00,4,1.00,2,-999.00,-999.00,-999.00,977;1461;2152;2655;2803,-999.00,-999.00,-999.00,-999.00,934.02,-4.07,-5.04,-4.56,141.18,138.40,139.79,2,5.00,2.00,0.40,216.72,163.23,1721.97,1721.97
Artiodactyla,Bovidae,Pseudois,nayaur,pseudois nayaur,3.00,52334.57,-999.00,1299.99,-999.00,730.00,-999.00,-999.00,2.00,-999.00,159.74,1.00,-999.00,-999.00,-999.00,1.22,-999.00,288.00,-999.00,-999.00,2.49,25.00,420.91,-999.00,2,1.00,1,-999.00,-999.00,-999.00,543;730;1297;1525;1848;2555;2655;2963;2986,-999.00,-999.00,-999.00,-999.00,3101839.68,41.55,27.33,34.44,111.28,75.32,93.30,0,19.15,0.00,0.06,55.16,-27.86,417.05,810.55
Artiodactyla,Bovidae,Pseudois,schaeferi,pseudois schaeferi,-999.00,29249.99,-999.00,-999.00,-999.00,-999.00,-999.00,-999.00,-999.00,-999.00,-999.00,1.00,-999.00,-999.00,-999.00,-999.00,-999.00,-999.00,-999.00,-999.00,-999.00,6.50,-999.00,-999.00,-999,1.00,-999,-999.00,-999.00,-999.00,2655;2963,-999.00,-999.00,-999.00,-999.00,61143.76,32.97,28.14,30.55,99.57,97.52,98.54,2,5.54,3.00,0.04,160.67,-11.81,618.76,889.23
Rodentia,Muridae,Pseudomys,albocinereus,pseudomys albocinereus,-999.00,30.50,-999.00,89.22,-999.00,-999.00,-999.00,-999.00,-999.00,-999.00,29.75,-999.00,-999.00,-999.00,38.50,3.89,-999.00,-999.00,-999.00,-999.00,-999.00,-999.00,77.34,-999.00,4,-999.00,-999,29.58,-999.00,76.47,1297;2655;2803,-999.00,3.43,-999.00,16.34,241382.45,-24.76,-35.12,-29.94,123.68,112.91,118.29,0,3.75,0.00,0.02,38.50,165.06,387.13,1166.24
Rodentia,Muridae,Pseudomys,apodemoides,pseudomys apodemoides,-999.00,23.78,-999.00,83.39,-999.00,-999.00,-999.00,-999.00,-999.00,-999.00,44.49,-999.00,-999.00,-999.00,-999.00,4.90,3.00,-999.00,-999.00,-999.00,-999.00,-999.00,-999.00,-999.00,4,-999.00,-999,34.99,10.81,57.35,456;1297;1577;2655;2803,-999.00,-999.00,-999.00,-999.00,42383.45,-34.40,-37.22,-35.81,141.76,139.58,140.67,0,0.86,0.00,0.00,36.70,147.35,383.93,989.34
Rodentia,Muridae,Pseudomys,australis,pseudomys australis,-999.00,52.97,-999.00,121.80,16.00,-999.00,-999.00,-999.00,-999.00,-999.00,31.35,-999.00,-999.00,-999.00,-999.00,3.00,-999.00,67.20,4.47,-999.00,-999.00,-999.00,183.07,-999.00,4,-999.00,-999,25.90,12.50,-999.00,456;543;1297;1577;2639;2655;2803;2978,-999.00,-999.00,-999.00,-999.00,191946.34,-25.74,-32.22,-28.98,141.00,127.17,134.09,0,0.00,0.00,-999.00,16.65,193.06,179.55,1370.09
Rodentia,Muridae,Pseudomys,bolami,pseudomys bolami,-999.00,15.50,-999.00,-999.00,-999.00,-999.00,-999.00,-999.00,-999.00,-999.00,-999.00,-999.00,-999.00,-999.00,-999.00,-999.00,-999.00,-999.00,-999.00,-999.00,-999.00,-999.00,-999.00,-999.00,-999,-999.00,-999,-999.00,-999.00,-999.00,2655,-999.00,-999.00,-999.00,-999.00,639367.12,-27.72,-34.08,-30.90,141.73,120.67,131.20,0,0.12,0.00,-0.03,16.97,182.80,242.51,1060.10
Rodentia,Muridae,Pseudomys,calabyi,pseudomys calabyi,-999.00,-999.00,-999.00,-999.00,-999.00,-999.00,-999.00,-999.00,-999.00,-999.00,-999.00,-999.00,-999.00,-999.00,-999.00,-999.00,-999.00,-999.00,-999.00,-999.00,-999.00,-999.00,-999.00,-999.00,-999,-999.00,-999,-999.00,-999.00,-999.00,-999,-999.00,-999.00,-999.00,-999.00,-999.00,-999.00,-999.00,-999.00,-999.00,-999.00,-999.00,-999,-999.00,-999.00,-999.00,-999.00,-999.00,-999.00,-999.00
Rodentia,Muridae,Pseudomys,chapmani,pseudomys chapmani,-999.00,10.95,-999.00,-999.00,-999.00,-999.00,-999.00,-999.00,-999.00,-999.00,-999.00,-999.00,0.05,0.05,-999.00,-999.00,-999.00,-999.00,-999.00,-999.00,-999.00,-999.00,-999.00,-999.00,-999,-999.00,-999,-999.00,-999.00,-999.00,1573;2655,-999.00,-999.00,-999.00,-999.00,244137.11,-20.69,-27.09,-23.89,122.20,114.70,118.45,0,0.04,0.00,0.00,21.50,234.58,298.20,1436.47
Rodentia,Muridae,Pseudomys,delicatulus,pseudomys delicatulus,-999.00,8.56,-999.00,67.88,-999.00,-999.00,-999.00,-999.00,2.00,-999.00,29.89,2.00,-999.00,-999.00,-999.00,3.19,-999.00,-999.00,-999.00,-999.00,-999.00,-999.00,-999.00,-999.00,4,1.00,1,27.00,-999.00,-999.00,456;699;977;1297;1577;2152;2655;2803;2811,-999.00,-999.00,-999.00,-999.00,1709436.95,-8.63,-26.91,-17.77,153.36,115.41,134.39,0,1.42,0.00,0.05,67.52,247.02,752.21,1664.54
Rodentia,Muridae,Pseudomys,desertor,pseudomys desertor,-999.00,37.09,-999.00,88.26,-999.00,-999.00,-999.00,-999.00,-999.00,-999.00,28.96,-999.00,-999.00,-999.00,29.75,3.00,-999.00,-999.00,-999.00,-999.00,-999.00,-999.00,79.32,-999.00,4,-999.00,-999,24.49,-999.00,-999.00,456;1297;1577;2655;2803;2978,-999.00,3.91,-999.00,-999.00,1317772.95,-18.32,-30.06,-24.19,136.51,113.11,124.81,0,0.02,0.00,0.08,19.89,215.84,297.22,1287.12
Rodentia,Muridae,Pseudomys,fieldi,pseudomys fieldi,-999.00,42.35,-999.00,105.74,-999.00,-999.00,-999.00,-999.00,2.00,-999.00,29.49,-999.00,-999.00,-999.00,-999.00,3.49,-999.00,-999.00,-999.00,-999.00,-999.00,-999.00,-999.00,-999.00,4,-999.00,1,28.90,-999.00,-999.00,899;1297;2655;2803,-999.00,-999.00,-999.00,-999.00,45.74,-22.44,-24.98,-23.71,114.17,113.11,113.64,0,0.50,0.00,0.00,-999.00,-999.00,-999.00,-999.00
Rodentia,Muridae,Pseudomys,fumeus,pseudomys fumeus,-999.00,68.75,-999.00,113.02,-999.00,-999.00,-999.00,-999.00,-999.00,-999.00,-999.00,-999.00,-999.00,-999.00,-999.00,-999.00,-999.00,-999.00,-999.00,-999.00,-999.00,-999.00,-999.00,-999.00,4,-999.00,-999,-999.00,-999.00,-999.00,456;2655;2803,-999.00,-999.00,-999.00,-999.00,36320.16,-35.54,-37.90,-36.72,149.97,146.01,147.99,1,3.83,1.00,0.04,63.74,105.79,676.23,926.28
Rodentia,Muridae,Pseudomys,glaucus,pseudomys glaucus,-999.00,-999.00,-999.00,88.45,-999.00,-999.00,-999.00,-999.00,-999.00,-999.00,-999.00,-999.00,-999.00,-999.00,-999.00,-999.00,-999.00,-999.00,-999.00,-999.00,-999.00,-999.00,-999.00,-999.00,4,-999.00,-999,-999.00,-999.00,-999.00,2803,21.77,-999.00,-999.00,-999.00,28931.98,-10.69,-14.31,-12.50,142.86,133.95,138.41,0,0.53,0.00,0.07,93.93,268.89,981.55,1828.39
Rodentia,Muridae,Pseudomys,gouldii,pseudomys gouldii,-999.00,49.99,-999.00,108.76,-999.00,-999.00,-999.00,-999.00,-999.00,-999.00,-999.00,-999.00,-999.00,-999.00,-999.00,-999.00,-999.00,-999.00,-999.00,-999.00,-999.00,-999.00,-999.00,-999.00,4,-999.00,-999,-999.00,-999.00,-999.00,2655;2803,-999.00,-999.00,-999.00,-999.00,-999.00,-999.00,-999.00,-999.00,-999.00,-999.00,-999.00,-999,-999.00,-999.00,-999.00,-999.00,-999.00,-999.00,-999.00
Rodentia,Muridae,Pseudomys,gracilicaudatus,pseudomys gracilicaudatus,-999.00,79.53,-999.00,109.83,-999.00,-999.00,83.79,79.80,-999.00,-999.00,27.00,-999.00,-999.00,-999.00,-999.00,2.91,-999.00,-999.00,4.26,-999.00,-999.00,-999.00,-999.00,-999.00,4,-999.00,-999,25.66,23.99,-999.00,456;1297;1577;1822;2655;2803,-999.00,-999.00,-999.00,-999.00,273612.83,-15.75,-33.15,-24.45,153.63,145.01,149.32,0,17.73,0.00,0.08,89.69,191.93,960.58,1495.69
Rodentia,Muridae,Pseudomys,hermannsburgensis,pseudomys hermannsburgensis,-999.00,13.38,-999.00,81.75,-999.00,-999.00,23.30,12.20,-999.00,-999.00,31.50,-999.00,-999.00,-999.00,-999.00,2.00,-999.00,-999.00,-999.00,-999.00,-999.00,-999.00,91.53,-999.00,-999,-999.00,-999,30.00,-999.00,-999.00,456;1297;1577;1822;2655;2811;2978,-999.00,-999.00,-999.00,-999.00,3421131.92,-18.44,-31.03,-24.73,146.28,112.91,129.59,0,0.04,0.00,0.01,20.96,217.17,287.72,1326.61
Rodentia,Muridae,Pseudomys,higginsi,pseudomys higginsi,1.00,63.16,-999.00,128.84,15.00,-999.00,-999.00,-999.00,3.00,-999.00,32.16,1.00,2.011653e-03,2.155674e-03,-999.00,2.62,2.00,-999.00,5.33,-999.00,520.00,-999.00,274.61,-999.00,4,1.00,2,27.00,-999.00,-999.00,838;1176;1297;2655;2803,-999.00,-999.00,-999.00,-999.00,42390.86,-40.74,-43.64,-42.19,148.35,144.60,146.48,0,5.59,0.00,-0.01,71.57,102.51,611.02,780.19
Rodentia,Muridae,Pseudomys,johnsoni,pseudomys johnsoni,-999.00,12.00,-999.00,-999.00,-999.00,-999.00,-999.00,-999.00,-999.00,-999.00,-999.00,-999.00,-999.00,-999.00,-999.00,-999.00,-999.00,-999.00,-999.00,-999.00,-999.00,-999.00,-999.00,-999.00,-999,-999.00,-999,-999.00,-999.00,-999.00,2655,-999.00,-999.00,-999.00,-999.00,14173.68,-18.08,-20.95,-19.52,136.80,135.20,136.00,0,0.00,0.00,-999.00,31.54,247.62,420.04,1597.92
Rodentia,Muridae,Pseudomys,laborifex,pseudomys laborifex,-999.00,12.00,-999.00,-999.00,-999.00,-999.00,-999.00,-999.00,-999.00,-999.00,-999.00,-999.00,-999.00,-999.00,-999.00,-999.00,-999.00,-999.00,-999.00,-999.00,-999.00,-999.00,-999.00,-999.00,-999,-999.00,-999,-999.00,-999.00,-999.00,2655,-999.00,-999.00,-999.00,-999.00,140283.24,-13.73,-18.96,-16.35,129.35,124.46,126.90,0,0.00,0.00,-999.00,58.30,270.34,730.76,1766.75
Rodentia,Muridae,Pseudomys,nanus,pseudomys nanus,-999.00,70.38,-999.00,101.00,-999.00,-999.00,-999.00,-999.00,-999.00,-999.00,23.99,-999.00,-999.00,-999.00,-999.00,3.00,-999.00,-999.00,-999.00,-999.00,-999.00,-999.00,101.70,-999.00,4,-999.00,-999,25.00,-999.00,90.81,456;1297;1577;2655;2803,-999.00,-999.00,-999.00,25.32,982168.22,-11.11,-31.28,-21.20,139.10,115.30,127.20,0,0.50,0.00,3.45155987268346e-03,58.99,260.29,686.66,1708.28
Rodentia,Muridae,Pseudomys,novaehollandiae,pseudomys novaehollandiae,-999.00,16.80,-999.00,82.55,15.00,-999.00,-999.00,-999.00,-999.00,-999.00,31.48,-999.00,-999.00,-999.00,33.50,4.43,4.00,-999.00,1.84,-999.00,-999.00,-999.00,122.04,-999.00,4,-999.00,-999,25.20,-999.00,-999.00,456;1297;1568;1575;1577;1849;2655;2803,-999.00,-999.00,-999.00,-999.00,137359.77,-28.35,-42.28,-35.32,153.63,143.72,148.68,0,54.46,1.00,0.03,75.67,141.25,692.66,1069.05
Rodentia,Muridae,Pseudomys,occidentalis,pseudomys occidentalis,1.00,34.00,-999.00,102.46,-999.00,-999.00,-999.00,-999.00,3.00,-999.00,-999.00,1.00,-999.00,-999.00,-999.00,3.00,-999.00,-999.00,-999.00,-999.00,-999.00,-999.00,-999.00,-999.00,4,1.00,1,-999.00,-999.00,-999.00,1015;2655;2803,-999.00,-999.00,-999.00,-999.00,62370.27,-31.93,-34.62,-33.27,121.87,117.74,119.80,0,0.20,0.00,0.00,46.35,151.38,407.92,1032.39
Rodentia,Muridae,Pseudomys,oralis,pseudomys oralis,-999.00,95.00,-999.00,160.00,-999.00,-999.00,-999.00,-999.00,-999.00,-999.00,-999.00,-999.00,-999.00,-999.00,-999.00,-999.00,-999.00,-999.00,-999.00,-999.00,-999.00,-999.00,-999.00,-999.00,4,-999.00,-999,-999.00,-999.00,-999.00,2655;2803,-999.00,-999.00,-999.00,-999.00,139910.82,-27.33,-35.38,-31.35,153.63,149.70,151.67,1,62.05,1.00,0.08,81.84,157.91,764.71,1211.70
Rodentia,Muridae,Pseudomys,patrius,pseudomys patrius,-999.00,-999.00,-999.00,-999.00,-999.00,-999.00,-999.00,-999.00,-999.00,-999.00,-999.00,-999.00,-999.00,-999.00,-999.00,-999.00,-999.00,-999.00,-999.00,-999.00,-999.00,-999.00,-999.00,-999.00,-999,-999.00,-999,-999.00,-999.00,-999.00,-999,-999.00,-999.00,-999.00,-999.00,70.99,-19.68,-19.77,-19.73,147.53,147.44,147.48,1,2.50,1.00,0.16,89.50,222.00,1040.00,1623.00
Rodentia,Muridae,Pseudomys,pilligaensis,pseudomys pilligaensis,-999.00,10.72,-999.00,-999.00,-999.00,-999.00,-999.00,-999.00,-999.00,-999.00,-999.00,-999.00,-999.00,-999.00,-999.00,-999.00,-999.00,-999.00,-999.00,-999.00,-999.00,-999.00,-999.00,-999.00,-999,-999.00,-999,-999.00,-999.00,-999.00,456;2655,-999.00,-999.00,-999.00,-999.00,4765.35,-30.00,-30.72,-30.36,151.03,150.25,150.64,1,1.39,1.00,0.00,59.40,154.17,727.66,1147.21
Rodentia,Muridae,Pseudomys,shortridgei,pseudomys shortridgei,-999.00,72.06,-999.00,137.59,-999.00,-999.00,-999.00,-999.00,-999.00,-999.00,-999.00,-999.00,-999.00,-999.00,-999.00,3.00,1.00,-999.00,-999.00,-999.00,-999.00,-999.00,324.83,-999.00,4,-999.00,-999,-999.00,-999.00,-999.00,456;1297;1577;2655;2803,-999.00,-999.00,-999.00,-999.00,45747.71,-32.42,-38.43,-35.42,142.58,118.36,130.47,0,1.57,0.00,-0.01,50.51,144.43,441.02,1016.76
Chiroptera,Pteropodidae,Pteropus,intermedius,pteropus intermedius,-999.00,-999.00,181.00,-999.00,-999.00,-999.00,-999.00,-999.00,-999.00,-999.00,-999.00,-999.00,-999.00,-999.00,-999.00,-999.00,-999.00,-999.00,-999.00,-999.00,-999.00,-999.00,-999.00,-999.00,-999,-999.00,-999,-999.00,-999.00,-999.00,78,735.45,-999.00,-999.00,-999.00,23524.64,16.11,14.84,15.48,100.94,98.07,99.51,5,79.47,5.00,0.04,184.84,253.73,1123.18,1702.45
Chiroptera,Pteropodidae,Pteropus,keyensis,pteropus keyensis,-999.00,-999.00,-999.00,-999.00,-999.00,-999.00,-999.00,-999.00,-999.00,-999.00,-999.00,-999.00,-999.00,-999.00,-999.00,-999.00,-999.00,-999.00,-999.00,-999.00,-999.00,-999.00,-999.00,-999.00,-999,-999.00,-999,-999.00,-999.00,-999.00,-999,-999.00,-999.00,-999.00,-999.00,3819.09,-7.09,-8.34,-7.72,131.98,130.75,131.37,19,19.00,19.00,0.11,164.00,267.00,-999.00,-999.00
Chiroptera,Pteropodidae,Pteropus,leucopterus,pteropus leucopterus,-999.00,343.81,139.50,-999.00,-999.00,-999.00,-999.00,-999.00,-999.00,-999.00,-999.00,1.00,-999.00,-999.00,-999.00,-999.00,-999.00,-999.00,-999.00,-999.00,-999.00,-999.00,-999.00,-999.00,-999,2.00,-999,-999.00,-999.00,-999.00,1439;1658;2151;2655,-999.00,-999.00,-999.00,-999.00,107982.23,18.65,9.81,14.23,125.70,119.74,122.72,19,296.61,30.00,0.08,238.29,240.72,1367.82,1715.75
Chiroptera,Pteropodidae,Pteropus,livingstonii,pteropus livingstonii,-999.00,734.27,172.95,340.00,-999.00,-999.00,-999.00,-999.00,-999.00,-999.00,152.08,1.00,-999.00,-999.00,-999.00,1.00,-999.00,-999.00,137.43,150.00,-999.00,-999.00,-999.00,-999.00,-999,2.00,-999,151.22,-999.00,-999.00,271;899;1658;2151;2402;2655;2868;3120,-999.00,-999.00,-999.00,-999.00,639.47,-12.06,-12.38,-12.22,44.53,43.61,44.07,134,370.66,134.00,0.15,-999.00,-999.00,-999.00,-999.00
Chiroptera,Pteropodidae,Pteropus,lombocensis,pteropus lombocensis,-999.00,256.15,113.20,-999.00,-999.00,-999.00,-999.00,-999.00,-999.00,-999.00,-999.00,1.00,-999.00,-999.00,-999.00,-999.00,-999.00,-999.00,-999.00,-999.00,-999.00,-999.00,-999.00,-999.00,-999,2.00,-999,-999.00,-999.00,-999.00,78;1621;1658;2151;2655,-999.00,-999.00,-999.00,-999.00,65052.84,-8.06,-10.37,-9.22,127.30,115.83,121.57,29,117.11,41.00,0.07,200.69,242.61,-999.00,-999.00
Chiroptera,Pteropodidae,Pteropus,loochoensis,pteropus loochoensis,-999.00,-999.00,-999.00,-999.00,-999.00,-999.00,-999.00,-999.00,-999.00,-999.00,-999.00,-999.00,-999.00,-999.00,-999.00,-999.00,-999.00,-999.00,-999.00,-999.00,-999.00,-999.00,-999.00,-999.00,-999,-999.00,-999,-999.00,-999.00,-999.00,-999,-999.00,-999.00,-999.00,-999.00,-999.00,-999.00,-999.00,-999.00,-999.00,-999.00,-999.00,-999,-999.00,-999.00,-999.00,-999.00,-999.00,-999.00,-999.00
Chiroptera,Pteropodidae,Pteropus,lylei,pteropus lylei,-999.00,319.75,151.74,237.49,-999.00,-999.00,-999.00,-999.00,1.00,-999.00,-999.00,1.00,-999.00,-999.00,-999.00,-999.00,-999.00,-999.00,-999.00,-999.00,-999.00,-999.00,-999.00,-999.00,-999,2.00,1,-999.00,-999.00,-999.00,78;196;360;1658;2151;2655;2719;2910,-999.00,-999.00,-999.00,-999.00,111952.43,15.05,6.58,10.82,108.48,98.87,103.67,3,148.94,8.00,0.08,167.45,259.48,1255.59,1749.45
Chiroptera,Pteropodidae,Pteropus,macrotis,pteropus macrotis,-999.00,365.99,135.24,211.17,-999.00,-999.00,-999.00,-999.00,-999.00,-999.00,-999.00,1.00,-999.00,-999.00,-999.00,1.00,-999.00,-999.00,-999.00,-999.00,-999.00,-999.00,-999.00,-999.00,-999,2.00,-999,350.78,-999.00,-999.00,196;406;1658;2151;2655,-999.00,-999.00,-999.00,-999.00,361950.13,-0.89,-10.70,-5.79,150.87,130.63,140.75,1,8.51,1.00,0.10,280.61,228.13,1645.06,1676.36
Chiroptera,Pteropodidae,Pteropus,mahaganus,pteropus mahaganus,-999.00,297.28,137.50,189.92,-999.00,-999.00,-999.00,-999.00,-999.00,-999.00,-999.00,1.00,-999.00,-999.00,-999.00,-999.00,-999.00,-999.00,-999.00,-999.00,-999.00,-999.00,-999.00,-999.00,-999,2.00,-999,-999.00,-999.00,-999.00,196;1658;2151;2280;2655,-999.00,-999.00,-999.00,-999.00,11364.47,-5.10,-8.58,-6.84,159.90,154.60,157.25,13,15.67,13.00,0.15,185.99,265.11,-999.00,-999.00
Chiroptera,Pteropodidae,Pteropus,mariannus,pteropus mariannus,-999.00,458.58,135.49,217.50,-999.00,-999.00,-999.00,-999.00,3.00,-999.00,-999.00,1.00,-999.00,-999.00,-999.00,-999.00,-999.00,-999.00,-999.00,-999.00,-999.00,285.00,-999.00,-999.00,-999,2.00,1,-999.00,-999.00,-999.00,899;1528;1658;2017;2143;2151;2622;2655;3016;3017,-999.00,-999.00,-999.00,-999.00,1030.33,19.71,9.87,14.79,145.85,139.65,142.75,124,152.01,124.00,0.28,-999.00,-999.00,-999.00,-999.00
Chiroptera,Pteropodidae,Pteropus,melanopogon,pteropus melanopogon,-999.00,874.94,191.50,285.02,-999.00,-999.00,-999.00,-999.00,-999.00,-999.00,-999.00,1.00,-999.00,-999.00,-999.00,-999.00,-999.00,-999.00,-999.00,-999.00,-999.00,-999.00,-999.00,-999.00,-999,2.00,-999,-999.00,-999.00,-999.00,978;1658;2151;2655,-999.00,-999.00,-999.00,-999.00,30972.95,-2.77,-8.03,-5.40,132.80,125.99,129.40,19,22.18,19.00,0.06,269.37,238.97,-999.00,-999.00
Chiroptera,Pteropodidae,Pteropus,melanotus,pteropus melanotus,-999.00,-999.00,148.60,-999.00,-999.00,-999.00,-999.00,-999.00,-999.00,-999.00,156.43,1.00,-999.00,-999.00,-999.00,1.00,1.00,-999.00,-999.00,-999.00,-999.00,1000.00,210.45,-999.00,-999,2.00,-999,-999.00,-999.00,-999.00,212;1658;2017;2151,418.05,-999.00,-999.00,-999.00,5919.16,13.33,-10.57,1.37,105.71,92.16,98.94,0,71.35,14.00,0.16,277.50,261.49,-999.00,-999.00
Chiroptera,Pteropodidae,Pteropus,molossinus,pteropus molossinus,-999.00,-999.00,96.49,-999.00,-999.00,-999.00,-999.00,-999.00,2.00,-999.00,-999.00,1.00,-999.00,-999.00,-999.00,-999.00,-999.00,-999.00,-999.00,-999.00,-999.00,250.00,-999.00,-999.00,-999,2.00,1,-999.00,-999.00,-999.00,899;1658;2017;2151,121.37,-999.00,-999.00,-999.00,349.59,7.06,6.72,6.89,158.33,157.79,158.06,158,158.00,158.00,0.11,-999.00,-999.00,-999.00,-999.00
Chiroptera,Pteropodidae,Pteropus,neohibernicus,pteropus neohibernicus,-999.00,1017.37,195.13,279.07,-999.00,-999.00,-999.00,-999.00,-999.00,-999.00,-999.00,1.00,-999.00,-999.00,-999.00,1.00,-999.00,-999.00,-999.00,-999.00,-999.00,775.00,-999.00,-999.00,-999,2.00,-999,-999.00,-999.00,-999.00,196;406;978;1658;2017;2151;2622;2655,-999.00,-999.00,-999.00,-999.00,455283.09,0.04,-10.70,-5.33,152.66,129.27,140.97,1,8.23,1.00,0.12,264.97,239.86,1652.44,1682.57
Chiroptera,Pteropodidae,Pteropus,niger,pteropus niger,-999.00,474.43,160.44,-999.00,-999.00,-999.00,-999.00,-999.00,-999.00,-999.00,-999.00,1.00,-999.00,-999.00,-999.00,1.00,-999.00,-999.00,-999.00,-999.00,-999.00,55.00,-999.00,-999.00,-999,2.00,-999,-999.00,-999.00,-999.00,271;599;1658;2017;2151;2655,-999.00,-999.00,-999.00,-999.00,1882.16,-19.98,-20.52,-20.25,57.80,57.30,57.55,0,476.34,0.00,0.05,174.00,230.00,-999.00,-999.00
Chiroptera,Pteropodidae,Pteropus,nitendiensis,pteropus nitendiensis,-999.00,275.56,119.32,175.48,-999.00,-999.00,-999.00,-999.00,-999.00,-999.00,-999.00,1.00,-999.00,-999.00,-999.00,-999.00,-999.00,-999.00,-999.00,-999.00,-999.00,-999.00,-999.00,-999.00,-999,2.00,-999,-999.00,-999.00,-999.00,978;1658;2151;2536;2655,-999.00,-999.00,-999.00,-999.00,515.20,-10.66,-10.88,-10.77,166.09,165.69,165.89,13,13.00,13.00,0.18,-999.00,-999.00,-999.00,-999.00
Chiroptera,Pteropodidae,Pteropus,ocularis,pteropus ocularis,-999.00,228.76,138.68,202.87,-999.00,-999.00,-999.00,-999.00,-999.00,-999.00,-999.00,1.00,-999.00,-999.00,-999.00,-999.00,-999.00,-999.00,-999.00,-999.00,-999.00,-999.00,-999.00,-999.00,-999,2.00,-999,-999.00,-999.00,-999.00,978;1658;2151;2655,-999.00,-999.00,-999.00,-999.00,26128.32,-2.77,-3.87,-3.32,130.87,125.99,128.43,23,23.00,23.00,0.04,281.00,235.88,-999.00,-999.00
Chiroptera,Pteropodidae,Pteropus,ornatus,pteropus ornatus,-999.00,336.25,153.99,183.18,-999.00,-999.00,-999.00,-999.00,-999.00,-999.00,187.72,1.00,-999.00,-999.00,-999.00,0.98,1.00,-999.00,-999.00,-999.00,-999.00,650.00,755.15,-999.00,-999,2.00,-999,-999.00,-999.00,-999.00,978;1297;1658;2017;2151;2655,-999.00,-999.00,-999.00,-999.00,18308.58,-20.08,-22.39,-21.24,168.12,163.98,166.05,10,10.00,10.00,0.11,87.85,205.31,-999.00,-999.00
Chiroptera,Pteropodidae,Pteropus,pelewensis,pteropus pelewensis,-999.00,-999.00,113.62,-999.00,-999.00,-999.00,-999.00,-999.00,-999.00,-999.00,-999.00,-999.00,-999.00,-999.00,-999.00,-999.00,-999.00,-999.00,-999.00,-999.00,-999.00,-999.00,-999.00,-999.00,-999,-999.00,-999,-999.00,-999.00,-999.00,78;978,193.81,-999.00,-999.00,-999.00,0.06,5.35,5.33,5.34,132.22,132.21,132.22,0,0.00,0.00,-999.00,-999.00,-999.00,-999.00,-999.00
Chiroptera,Pteropodidae,Pteropus,personatus,pteropus personatus,-999.00,130.84,91.90,136.38,-999.00,-999.00,-999.00,-999.00,-999.00,-999.00,-999.00,1.00,-999.00,-999.00,-999.00,-999.00,-999.00,-999.00,-999.00,-999.00,-999.00,-999.00,-999.00,-999.00,-999,2.00,-999,-999.00,-999.00,-999.00,978;1658;2151;2655,-999.00,-999.00,-999.00,-999.00,25383.48,2.64,-1.74,0.45,128.90,127.28,128.09,5,35.19,5.00,0.04,201.40,250.00,-999.00,-999.00
Chiroptera,Pteropodidae,Pteropus,pilosus,pteropus pilosus,-999.00,-999.00,151.41,-999.00,-999.00,-999.00,-999.00,-999.00,-999.00,-999.00,-999.00,1.00,-999.00,-999.00,-999.00,-999.00,-999.00,-999.00,-999.00,-999.00,-999.00,-999.00,-999.00,-999.00,-999,2.00,-999,-999.00,-999.00,-999.00,78;1658;2151,441.09,-999.00,-999.00,-999.00,-999.00,-999.00,-999.00,-999.00,-999.00,-999.00,-999.00,-999,-999.00,-999.00,-999.00,-999.00,-999.00,-999.00,-999.00
Chiroptera,Pteropodidae,Pteropus,pohlei,pteropus pohlei,-999.00,352.75,131.00,197.33,-999.00,-999.00,-999.00,-999.00,-999.00,-999.00,-999.00,1.00,-999.00,-999.00,-999.00,-999.00,-999.00,-999.00,-999.00,-999.00,-999.00,-999.00,-999.00,1.00,-999,2.00,-999,-999.00,-999.00,-999.00,978;1658;2151;2655,-999.00,-999.00,-999.00,-999.00,5156.49,-0.62,-1.90,-1.26,136.90,134.79,135.85,2,23.00,2.00,0.05,225.99,252.00,-999.00,-999.00
Chiroptera,Pteropodidae,Pteropus,poliocephalus,pteropus poliocephalus,-999.00,702.78,162.00,272.59,0.00,760.41,316.94,598.00,2.00,-999.00,187.72,1.00,-999.00,-999.00,-999.00,1.00,1.00,-999.00,70.00,-999.00,-999.00,75000.00,536.12,-999.00,-999,2.00,1,120.00,-999.00,-999.00,196;206;360;874;1297;1386;1388;1536;1658;1704;1784;1822;2017;2125;2126;2143;2151;2220;2221;2222;2388;2655;2719;2744;2821;2862;3023,-999.00,-999.00,-999.00,-999.00,547129.94,-19.18,-39.13,-29.16,153.63,141.32,147.48,0,27.01,1.00,0.05,70.95,158.14,751.39,1194.12
Chiroptera,Pteropodidae,Pteropus,pselaphon,pteropus pselaphon,-999.00,-999.00,135.58,-999.00,-999.00,-999.00,-999.00,-999.00,-999.00,-999.00,-999.00,1.00,-999.00,-999.00,-999.00,0.98,-999.00,-999.00,-999.00,-999.00,-999.00,-999.00,-999.00,-999.00,-999,2.00,-999,-999.00,-999.00,-999.00,1658;2017;2151;3113,321.49,-999.00,-999.00,-999.00,72.37,27.10,24.23,25.66,142.23,141.27,141.75,455,455.00,455.00,0.01,-999.00,-999.00,-999.00,-999.00
Chiroptera,Pteropodidae,Pteropus,pumilus,pteropus pumilus,-999.00,184.05,108.00,-999.00,-999.00,-999.00,126.20,194.20,1.00,-999.00,-999.00,1.00,-999.00,-999.00,-999.00,-999.00,2.00,-999.00,-999.00,-999.00,-999.00,-999.00,-999.00,1.00,-999,2.00,1,-999.00,-999.00,-999.00,1439;1658;1950;2017;2151;2655;2885,-999.00,-999.00,-999.00,-999.00,232023.94,18.65,5.01,11.83,126.60,119.73,123.16,0,230.46,32.00,0.10,200.49,240.98,1470.69,1729.38
Chiroptera,Pteropodidae,Pteropus,rayneri,pteropus rayneri,-999.00,661.28,158.61,255.53,-999.00,-999.00,-999.00,-999.00,-999.00,-999.00,-999.00,1.00,-999.00,-999.00,-999.00,0.99,-999.00,-999.00,68.45,122.64,-999.00,-999.00,-999.00,-999.00,-999,2.00,-999,181.36,-999.00,-999.00,78;406;978;1297;1658;2151;2280;2655,-999.00,-999.00,-999.00,-999.00,26002.69,-5.06,-9.94,-7.50,161.39,154.58,157.99,13,14.37,13.00,0.16,190.69,262.36,-999.00,-999.00
Chiroptera,Pteropodidae,Pteropus,rennelli,pteropus rennelli,-999.00,-999.00,-999.00,-999.00,-999.00,-999.00,-999.00,-999.00,-999.00,-999.00,-999.00,-999.00,-999.00,-999.00,-999.00,-999.00,-999.00,-999.00,-999.00,-999.00,-999.00,-999.00,-999.00,-999.00,-999,-999.00,-999,-999.00,-999.00,-999.00,-999,-999.00,-999.00,-999.00,-999.00,679.88,-11.46,-11.85,-11.65,160.58,159.94,160.26,13,13.00,13.00,0.18,-999.00,-999.00,-999.00,-999.00
Chiroptera,Pteropodidae,Pteropus,rodricensis,pteropus rodricensis,-999.00,256.17,125.34,-999.00,0.00,-999.00,134.90,254.50,1.00,-999.00,154.24,1.00,-999.00,-999.00,-999.00,1.00,1.00,360.00,45.00,-999.00,-999.00,100.00,755.15,-999.00,-999,2.00,1,149.74,-999.00,-999.00,266;271;554;556;599;899;1297;1658;1701;1950;2017;2151;2309;2655;2995,-999.00,-999.00,-999.00,-999.00,111.50,-19.66,-19.76,-19.71,63.50,63.32,63.41,0,0.00,0.00,-999.00,-999.00,-999.00,-999.00,-999.00
Chiroptera,Pteropodidae,Pteropus,rufus,pteropus rufus,-999.00,-999.00,162.00,-999.00,-999.00,-999.00,-999.00,-999.00,-999.00,-999.00,-999.00,-999.00,-999.00,-999.00,-999.00,-999.00,-999.00,-999.00,-999.00,-999.00,-999.00,-999.00,-999.00,-999.00,-999,-999.00,-999,-999.00,-999.00,-999.00,78,535.32,-999.00,-999.00,-999.00,359698.78,-11.94,-25.60,-18.77,50.48,43.22,46.85,2,26.46,3.00,0.18,126.27,224.45,1094.70,1616.72
Chiroptera,Pteropodidae,Pteropus,samoensis,pteropus samoensis,3.00,309.99,138.42,-999.00,-999.00,-999.00,-999.00,-999.00,2.00,-999.00,-999.00,1.00,-999.00,-999.00,-999.00,-999.00,-999.00,-999.00,-999.00,-999.00,-999.00,-999.00,-999.00,1.00,-999,2.00,1,143.20,-999.00,-999.00,196;899;1658;2017;2151;2655,-999.00,-999.00,-999.00,-999.00,19596.00,-13.43,-18.70,-16.06,179.99,-179.99,0.00,0,64.72,42.00,0.08,206.67,236.67,-999.00,-999.00
Chiroptera,Pteropodidae,Pteropus,scapulatus,pteropus scapulatus,-999.00,380.35,131.50,-999.00,-999.00,-999.00,242.54,362.00,2.00,-999.00,-999.00,1.00,-999.00,-999.00,-999.00,1.00,-999.00,-999.00,-999.00,-999.00,-999.00,500500.00,566.36,-999.00,-999,2.00,1,133.76,-999.00,-999.00,196;206;360;1297;1386;1388;1658;1704;1822;2017;2126;2143;2151;2388;2655;2719;2744;3023,-999.00,-999.00,-999.00,-999.00,3331529.09,-9.06,-37.22,-23.14,153.63,113.14,133.39,0,4.38,0.00,0.04,54.75,224.38,626.19,1489.15
Chiroptera,Pteropodidae,Pteropus,seychellensis,pteropus seychellensis,-999.00,492.20,153.17,-999.00,-999.00,-999.00,-999.00,-999.00,-999.00,-999.00,156.43,1.00,-999.00,-999.00,-999.00,1.00,1.00,-999.00,-999.00,-999.00,-999.00,325.00,-999.00,-999.00,-999,2.00,-999,-999.00,-999.00,-999.00,271;599;1658;2017;2151;2402;2655;3120,-999.00,-999.00,-999.00,-999.00,706.03,-4.56,-9.46,-7.01,55.53,39.58,47.56,0,187.02,0.00,0.09,-999.00,-999.00,-999.00,-999.00
Chiroptera,Pteropodidae,Pteropus,speciosus,pteropus speciosus,-999.00,-999.00,121.50,-999.00,-999.00,-999.00,-999.00,-999.00,-999.00,-999.00,-999.00,1.00,-999.00,-999.00,-999.00,-999.00,-999.00,-999.00,-999.00,-999.00,-999.00,-999.00,-999.00,-999.00,-999,2.00,-999,-999.00,-999.00,-999.00,78;978;1658;2151,234.85,-999.00,-999.00,-999.00,96863.56,9.82,-5.58,2.11,126.60,114.39,120.50,0,161.50,35.00,0.12,170.68,236.39,1567.81,1734.24
Chiroptera,Pteropodidae,Pteropus,subniger,pteropus subniger,-999.00,-999.00,98.07,-999.00,-999.00,-999.00,-999.00,-999.00,-999.00,-999.00,-999.00,1.00,-999.00,-999.00,-999.00,-999.00,-999.00,-999.00,-999.00,-999.00,-999.00,-999.00,-999.00,-999.00,-999,2.00,-999,-999.00,-999.00,-999.00,271;1658;2151,127.15,-999.00,-999.00,-999.00,-999.00,-999.00,-999.00,-999.00,-999.00,-999.00,-999.00,-999,-999.00,-999.00,-999.00,-999.00,-999.00,-999.00,-999.00
Chiroptera,Pteropodidae,Pteropus,temminckii,pteropus temminckii,-999.00,-999.00,-999.00,-999.00,-999.00,-999.00,-999.00,-999.00,-999.00,-999.00,-999.00,-999.00,-999.00,-999.00,-999.00,-999.00,-999.00,-999.00,-999.00,-999.00,-999.00,-999.00,-999.00,-999.00,-999,-999.00,-999,-999.00,-999.00,-999.00,-999,-999.00,-999.00,-999.00,-999.00,26928.33,-2.77,-3.87,-3.32,130.87,125.99,128.43,23,23.00,23.00,0.04,281.00,235.88,-999.00,-999.00
Chiroptera,Pteropodidae,Pteropus,tokudae,pteropus tokudae,-999.00,153.70,93.49,145.50,-999.00,-999.00,-999.00,-999.00,-999.00,-999.00,-999.00,1.00,-999.00,-999.00,-999.00,1.00,-999.00,-999.00,-999.00,-999.00,-999.00,-999.00,-999.00,-999.00,-999,2.00,-999,-999.00,-999.00,-999.00,1297;1658;2017;2143;2151;2655;3018,-999.00,-999.00,-999.00,-999.00,-999.00,-999.00,-999.00,-999.00,-999.00,-999.00,-999.00,-999,-999.00,-999.00,-999.00,-999.00,-999.00,-999.00,-999.00
Chiroptera,Pteropodidae,Pteropus,tonganus,pteropus tonganus,2.00,561.51,136.16,177.32,-999.00,-999.00,-999.00,-999.00,1.00,-999.00,167.29,1.00,-999.00,-999.00,-999.00,1.00,-999.00,-999.00,94.16,-999.00,-999.00,1000.00,-999.00,-999.00,-999,2.00,1,143.20,-999.00,-999.00,152;196;360;406;899;978;1297;1386;1388;1577;1658;2017;2143;2151;2655;3023;3061,-999.00,-999.00,-999.00,-999.00,56956.39,-3.34,-22.39,-12.87,179.99,-179.99,0.00,0,33.81,10.00,0.12,172.39,228.90,1653.00,1653.00
Chiroptera,Pteropodidae,Pteropus,tuberculatus,pteropus tuberculatus,-999.00,-999.00,120.00,-999.00,-999.00,-999.00,-999.00,-999.00,-999.00,-999.00,-999.00,1.00,-999.00,-999.00,-999.00,-999.00,-999.00,-999.00,-999.00,-999.00,-999.00,-999.00,-999.00,-999.00,-999,2.00,-999,-999.00,-999.00,-999.00,978;1658;2151,226.64,-999.00,-999.00,-999.00,182.24,-11.58,-11.72,-11.65,166.98,166.77,166.87,13,13.00,13.00,0.18,-999.00,-999.00,-999.00,-999.00
Chiroptera,Pteropodidae,Pteropus,ualanus,pteropus ualanus,-999.00,-999.00,-999.00,-999.00,-999.00,-999.00,-999.00,-999.00,-999.00,-999.00,-999.00,-999.00,-999.00,-999.00,-999.00,-999.00,-999.00,-999.00,-999.00,-999.00,-999.00,250.00,-999.00,-999.00,-999,-999.00,-999,-999.00,-999.00,-999.00,2017,-999.00,-999.00,-999.00,-999.00,103.24,5.37,5.26,5.31,163.03,162.90,162.97,158,158.00,158.00,0.11,-999.00,-999.00,-999.00,-999.00
Chiroptera,Pteropodidae,Pteropus,vampyrus,pteropus vampyrus,-999.00,1027.54,200.00,-999.00,-999.00,-999.00,-999.00,-999.00,2.00,-999.00,-999.00,1.00,-999.00,-999.00,-999.00,0.99,1.00,-999.00,-999.00,-999.00,-999.00,1500.00,-999.00,-999.00,-999,2.00,1,104.69,-999.00,-999.00,78;196;212;360;1297;1439;1621;1658;2017;2151;2295;2655;2719;2885;2910,-999.00,-999.00,-999.00,-999.00,2034681.18,18.65,-10.62,4.01,127.30,95.18,111.24,0,165.58,4.00,0.13,217.99,249.98,1525.79,1714.19
Chiroptera,Pteropodidae,Pteropus,vetulus,pteropus vetulus,-999.00,151.54,101.83,135.99,-999.00,-999.00,-999.00,-999.00,-999.00,-999.00,-999.00,1.00,-999.00,-999.00,-999.00,-999.00,-999.00,-999.00,-999.00,-999.00,-999.00,-999.00,-999.00,-999.00,-999,2.00,-999,-999.00,-999.00,-999.00,978;1658;2151;2655,-999.00,-999.00,-999.00,-999.00,16470.95,-20.08,-22.39,-21.24,167.02,163.98,165.50,10,10.00,10.00,0.11,87.85,205.31,-999.00,-999.00
Chiroptera,Pteropodidae,Pteropus,voeltzkowi,pteropus voeltzkowi,-999.00,542.40,156.00,-999.00,-999.00,-999.00,-999.00,-999.00,-999.00,-999.00,152.08,1.00,-999.00,-999.00,-999.00,1.00,1.00,-999.00,-999.00,-999.00,-999.00,100.00,-999.00,-999.00,-999,2.00,-999,143.20,-999.00,-999.00,212;271;899;1658;2151;2622;2655,-999.00,-999.00,-999.00,-999.00,914.27,-4.86,-5.44,-5.15,39.87,39.63,39.75,310,329.99,310.00,0.15,-999.00,-999.00,-999.00,-999.00
Chiroptera,Pteropodidae,Pteropus,woodfordi,pteropus woodfordi,-999.00,122.67,88.28,141.52,-999.00,-999.00,-999.00,-999.00,-999.00,-999.00,-999.00,1.00,-999.00,-999.00,-999.00,-999.00,-999.00,-999.00,-999.00,-999.00,-999.00,-999.00,-999.00,-999.00,-999,2.00,-999,-999.00,-999.00,-999.00,1658;2151;2280;2655,-999.00,-999.00,-999.00,-999.00,13791.81,-6.80,-9.94,-8.37,161.39,156.02,158.70,13,13.00,13.00,0.18,196.99,258.68,-999.00,-999.00
Chiroptera,Pteropodidae,Pteropus,yapensis,pteropus yapensis,-999.00,-999.00,130.72,-999.00,-999.00,-999.00,-999.00,-999.00,-999.00,-999.00,-999.00,-999.00,-999.00,-999.00,-999.00,-999.00,-999.00,-999.00,-999.00,-999.00,-999.00,-999.00,-999.00,-999.00,-999,-999.00,-999,-999.00,-999.00,-999.00,78,289.58,-999.00,-999.00,-999.00,98.55,9.63,9.43,9.53,138.19,138.05,138.12,158,158.00,158.00,0.11,-999.00,-999.00,-999.00,-999.00
Scandentia,Ptilocercidae,Ptilocercus,lowii,ptilocercus lowii,1.00,42.50,-999.00,120.00,-999.00,-999.00,43.50,58.00,3.00,-999.00,-999.00,1.00,-999.00,-999.00,-999.00,-999.00,-999.00,32.40,-999.00,-999.00,-999.00,-999.00,-999.00,-999.00,-999,2.00,2,-999.00,-999.00,-999.00,543;679;1822;2152;2655,-999.00,-999.00,-999.00,-999.00,593574.87,6.94,-5.94,0.50,117.88,95.68,106.78,1,98.64,4.00,0.14,232.38,251.14,1686.68,1759.48
Artiodactyla,Cervidae,Pudu,mephistophiles,pudu mephistophiles,-999.00,9599.96,-999.00,-999.00,-999.00,-999.00,-999.00,-999.00,-999.00,-999.00,-999.00,-999.00,-999.00,-999.00,-999.00,1.00,-999.00,120.00,400.00,-999.00,-999.00,-999.00,-999.00,-999.00,-999,-999.00,-999,-999.00,-999.00,-999.00,543;1297;2655,-999.00,-999.00,-999.00,-999.00,244304.21,5.09,-12.56,-3.73,-73.55,-79.28,-76.41,2,30.31,2.00,0.13,151.56,201.98,1326.56,1463.47
Artiodactyla,Cervidae,Pudu,puda,pudu puda,2.00,9642.62,-999.00,-999.00,-999.00,-999.00,-999.00,-999.00,4.00,-999.00,210.00,1.00,0.17,0.15,-999.00,1.22,-999.00,150.00,780.00,-999.00,-999.00,1.00,229.14,-999.00,-999,1.00,1,54.75,2863.20,-999.00,200;543;653;890;1015;1297;1573;1763;1852;2204;2655;3009,-999.00,-999.00,-999.00,-999.00,223036.92,-34.84,-52.55,-43.69,-70.94,-74.30,-72.62,0,11.99,0.00,0.05,109.54,60.55,567.07,719.68
Carnivora,Felidae,Puma,concolor,puma concolor,2.00,53954.05,-999.00,1396.33,8.00,623.54,13300.80,51800.00,1.00,419.99,92.30,1.00,129.89,138.87,577.91,2.76,0.75,240.00,409.87,-999.00,0.02,-999.00,1034.61,1.00,-999,1.00,3,48.46,3499.99,-999.00,367;542;543;730;890;1113;1297;1573;2655,-999.00,-999.00,-999.00,-999.00,22350859.07,59.66,-53.10,3.28,-34.79,-135.36,-85.07,0,23.42,0.00,0.10,109.20,181.93,968.16,1296.83
Carnivora,Felidae,Puma,yagouaroundi,puma yagouaroundi,2.00,6875.00,-999.00,701.35,-999.00,-999.00,-999.00,-999.00,3.00,-999.00,75.01,1.00,52.35,49.11,182.50,2.50,2.00,127.83,-999.00,-999.00,0.58,-999.00,1052.28,-999.00,-999,1.00,2,-999.00,-999.00,-999.00,730;890;1113;1297;1573;2151;2431;2655,-999.00,-999.00,-999.00,-999.00,15093388.56,32.89,-39.29,-3.20,-34.79,-112.71,-73.75,0,25.87,0.00,0.11,138.93,233.53,1220.52,1476.47
Rodentia,Cricetidae,Punomys,kofordi,punomys kofordi,-999.00,-999.00,-999.00,-999.00,-999.00,-999.00,-999.00,-999.00,-999.00,-999.00,-999.00,-999.00,-999.00,-999.00,-999.00,-999.00,-999.00,-999.00,-999.00,-999.00,-999.00,-999.00,-999.00,-999.00,-999,-999.00,-999,-999.00,-999.00,-999.00,-999,-999.00,-999.00,-999.00,-999.00,-999.00,-999.00,-999.00,-999.00,-999.00,-999.00,-999.00,-999,-999.00,-999.00,-999.00,-999.00,-999.00,-999.00,-999.00
Rodentia,Cricetidae,Punomys,lemminus,punomys lemminus,3.00,84.80,-999.00,-999.00,-999.00,-999.00,-999.00,-999.00,-999.00,-999.00,-999.00,1.00,-999.00,-999.00,-999.00,1.94,-999.00,-999.00,-999.00,-999.00,-999.00,-999.00,-999.00,-999.00,-999,1.00,-999,-999.00,-999.00,-999.00,890;1297;2655,-999.00,-999.00,-999.00,-999.00,14988.79,-14.14,-15.50,-14.82,-69.26,-71.16,-70.21,8,21.90,8.00,0.07,170.51,27.10,1003.29,1253.73
Carnivora,Phocidae,Pusa,caspica,pusa caspica,-999.00,62326.20,-999.00,1405.50,0.00,2190.00,-999.00,-999.00,2.00,31.50,334.58,2.00,-999.00,-999.00,365.00,1.00,-999.00,600.00,4182.60,-999.00,1.47,-999.00,2199.16,-999.00,-999,1.00,3,31.32,13948.95,-999.00,367;543;1015;1297;1763;2151;2655;2986,-999.00,1.10,-999.00,-999.00,-999.00,-999.00,-999.00,-999.00,-999.00,-999.00,-999.00,-999,-999.00,-999.00,-999.00,-999.00,-999.00,-999.00,-999.00
Carnivora,Phocidae,Pusa,hispida,pusa hispida,2.00,70963.60,-999.00,1287.15,0.00,-999.00,12813.00,69083.33,6.00,48.99,270.00,2.00,-999.00,-999.00,365.00,1.00,-999.00,552.00,4500.00,-999.00,0.95,-999.00,2251.64,-999.00,-999,1.00,2,45.23,14000.00,-999.00,367;543;1297;1763;2151;2338;2620;2655;2986,-999.00,1.10,-999.00,-999.00,-999.00,-999.00,-999.00,-999.00,-999.00,-999.00,-999.00,-999,-999.00,-999.00,-999.00,-999.00,-999.00,-999.00,-999.00
Artiodactyla,Cervidae,Rusa,unicolor,rusa unicolor,2.00,177522.90,-999.00,2040.00,-999.00,788.40,-999.00,-999.00,3.00,-999.00,246.00,-999.00,-999.00,-999.00,-999.00,1.00,-999.00,317.04,10270.00,-999.00,4.89,-999.00,620.76,-999.00,-999,-999.00,1,-999.00,-999.00,-999.00,653;730;789;1297;2133;2152;2525;2655;2986;3010,-999.00,-999.00,-999.00,-999.00,7050571.04,29.99,-5.94,12.02,122.00,72.50,97.25,1,218.90,7.00,0.10,152.82,224.61,1103.12,1467.16
Rodentia,Spalacidae,Rhizomys,sumatrensis,rhizomys sumatrensis,-999.00,2500.00,-999.00,-999.00,-999.00,-999.00,-999.00,-999.00,-999.00,-999.00,21.99,-999.00,-999.00,-999.00,-999.00,4.00,-999.00,-999.00,-999.00,-999.00,-999.00,-999.00,-999.00,-999.00,-999,-999.00,-999,69.25,-999.00,-999.00,1297;2655,-999.00,-999.00,-999.00,-999.00,1503754.20,23.33,1.26,12.29,109.46,96.78,103.12,2,120.90,8.00,0.09,161.82,239.06,1193.40,1570.15
Rodentia,Capromyidae,Rhizoplagiodontia,lemkei,rhizoplagiodontia lemkei,-999.00,-999.00,-999.00,-999.00,-999.00,-999.00,-999.00,-999.00,-999.00,-999.00,-999.00,-999.00,-999.00,-999.00,-999.00,-999.00,-999.00,-999.00,-999.00,-999.00,-999.00,-999.00,-999.00,-999.00,-999,-999.00,-999,-999.00,-999.00,-999.00,-999,-999.00,-999.00,-999.00,-999.00,-999.00,-999.00,-999.00,-999.00,-999.00,-999.00,-999.00,-999,-999.00,-999.00,-999.00,-999.00,-999.00,-999.00,-999.00
Rodentia,Cricetidae,Rhipidomys,macconnelli,rhipidomys macconnelli,1.00,41.59,-999.00,-999.00,-999.00,-999.00,-999.00,-999.00,-999.00,-999.00,-999.00,1.00,-999.00,-999.00,-999.00,-999.00,-999.00,-999.00,-999.00,-999.00,-999.00,-999.00,-999.00,-999.00,-999,2.00,-999,-999.00,-999.00,-999.00,2151;2655,-999.00,-999.00,-999.00,-999.00,191016.91,8.27,0.76,4.51,-59.73,-66.81,-63.27,0,0.78,0.00,0.28,174.87,230.21,1641.03,1684.55
Rodentia,Cricetidae,Rhipidomys,macrurus,rhipidomys macrurus,-999.00,-999.00,-999.00,-999.00,-999.00,-999.00,-999.00,-999.00,-999.00,-999.00,-999.00,-999.00,-999.00,-999.00,-999.00,-999.00,-999.00,-999.00,-999.00,-999.00,-999.00,-999.00,-999.00,-999.00,-999,-999.00,-999,-999.00,-999.00,-999.00,-999,-999.00,-999.00,-999.00,-999.00,-999.00,-999.00,-999.00,-999.00,-999.00,-999.00,-999.00,-999,-999.00,-999.00,-999.00,-999.00,-999.00,-999.00,-999.00
Rodentia,Cricetidae,Rhipidomys,mastacalis,rhipidomys mastacalis,1.00,100.00,-999.00,-999.00,-999.00,-999.00,-999.00,-999.00,4.00,-999.00,-999.00,1.00,-999.00,-999.00,-999.00,3.80,3.50,-999.00,-999.00,-999.00,101.19,-999.00,92.80,1.00,-999,2.00,2,-999.00,-999.00,-999.00,730;890;905;1297;2151;2159;2655,-999.00,-999.00,-999.00,-999.00,-999.00,-999.00,-999.00,-999.00,-999.00,-999.00,-999.00,-999,-999.00,-999.00,-999.00,-999.00,-999.00,-999.00,-999.00
Rodentia,Cricetidae,Rhipidomys,modicus,rhipidomys modicus,-999.00,-999.00,-999.00,-999.00,-999.00,-999.00,-999.00,-999.00,-999.00,-999.00,-999.00,-999.00,-999.00,-999.00,-999.00,-999.00,-999.00,-999.00,-999.00,-999.00,-999.00,-999.00,-999.00,-999.00,-999,-999.00,-999,-999.00,-999.00,-999.00,-999,-999.00,-999.00,-999.00,-999.00,-999.00,-999.00,-999.00,-999.00,-999.00,-999.00,-999.00,-999,-999.00,-999.00,-999.00,-999.00,-999.00,-999.00,-999.00
Rodentia,Cricetidae,Rhipidomys,nitela,rhipidomys nitela,1.00,89.00,-999.00,-999.00,-999.00,-999.00,-999.00,-999.00,-999.00,-999.00,-999.00,1.00,-999.00,-999.00,-999.00,-999.00,-999.00,-999.00,-999.00,-999.00,-999.00,-999.00,-999.00,-999.00,-999,2.00,-999,-999.00,-999.00,-999.00,2151;2655,-999.00,-999.00,-999.00,-999.00,1487334.96,8.52,-17.41,-4.44,-50.68,-68.47,-59.57,0,3.59,0.00,0.13,158.75,246.05,1491.06,1688.59
Carnivora,Phocidae,Pusa,sibirica,pusa sibirica,2.00,89499.99,-999.00,1272.95,0.00,-999.00,-999.00,-999.00,1.00,72.50,277.63,2.00,-999.00,-999.00,365.00,1.00,-999.00,672.00,3050.00,-999.00,1.58,-999.00,2276.14,-999.00,-999,1.00,3,66.11,-999.00,-999.00,367;543;1297;1763;2151;2655;2986,-999.00,1.10,-999.00,-999.00,-999.00,-999.00,-999.00,-999.00,-999.00,-999.00,-999.00,-999,-999.00,-999.00,-999.00,-999.00,-999.00,-999.00,-999.00
Primates,Cercopithecidae,Pygathrix,cinerea,pygathrix cinerea,-999.00,-999.00,-999.00,-999.00,-999.00,-999.00,-999.00,-999.00,-999.00,-999.00,-999.00,-999.00,-999.00,-999.00,-999.00,-999.00,-999.00,-999.00,-999.00,-999.00,-999.00,-999.00,-999.00,-999.00,-999,-999.00,-999,-999.00,-999.00,-999.00,-999,-999.00,-999.00,-999.00,-999.00,14272.32,15.92,13.77,14.85,108.66,107.96,108.31,24,157.09,24.00,0.13,180.64,221.90,1305.36,1527.35
Primates,Cercopithecidae,Pygathrix,nemaeus,pygathrix nemaeus,3.00,9411.10,-999.00,623.37,-999.00,-999.00,-999.00,-999.00,2.00,-999.00,182.88,-999.00,-999.00,-999.00,430.70,1.01,-999.00,300.00,191.94,-999.00,-999.00,9.30,-999.00,9.30,-999,-999.00,1,-999.00,-999.00,-999.00,208;543;741;899;1297;1347;1544;1547;1848;2344;2493;2655;2660,-999.00,1.01,-999.00,-999.00,150210.65,19.55,13.71,16.63,109.20,102.98,106.09,5,123.68,9.00,0.13,189.53,225.37,1211.19,1472.05
Primates,Cercopithecidae,Pygathrix,nigripes,pygathrix nigripes,-999.00,10333.32,-999.00,609.99,-999.00,-999.00,-999.00,-999.00,2.00,-999.00,-999.00,-999.00,-999.00,-999.00,-999.00,1.00,-999.00,-999.00,-999.00,-999.00,-999.00,-999.00,-999.00,-999.00,-999,-999.00,1,-999.00,-999.00,-999.00,899;1848,-999.00,-999.00,-999.00,-999.00,129519.56,14.60,10.59,12.59,109.46,105.62,107.54,2,130.73,3.00,0.14,158.37,246.34,1174.42,1474.14
Rodentia,Dipodidae,Pygeretmus,platyurus,pygeretmus platyurus,1.00,-999.00,-999.00,-999.00,-999.00,-999.00,-999.00,-999.00,4.00,-999.00,-999.00,2.00,-999.00,-999.00,-999.00,5.17,-999.00,-999.00,-999.00,-999.00,-999.00,-999.00,-999.00,-999.00,-999,1.00,2,-999.00,-999.00,-999.00,1297;2151,-999.00,-999.00,-999.00,-999.00,955522.79,51.35,40.80,46.08,88.71,51.91,70.31,0,3.04,0.00,3.48431035836856e-03,15.66,60.64,240.04,609.55
Rodentia,Dipodidae,Pygeretmus,pumilio,pygeretmus pumilio,1.00,52.24,-999.00,-999.00,-999.00,-999.00,-999.00,-999.00,2.00,-999.00,27.50,2.00,2.441076e-03,2.290162e-03,-999.00,3.35,1.50,-999.00,-999.00,-999.00,-999.00,-999.00,-999.00,-999.00,-999,1.00,1,-999.00,-999.00,-999.00,1297;1573;2151;2655,-999.00,-999.00,-999.00,-999.00,3381878.34,51.92,34.93,43.43,112.18,39.94,76.06,0,11.35,0.00,0.02,18.95,61.22,248.84,634.98
Rodentia,Dipodidae,Pygeretmus,shitkovi,pygeretmus shitkovi,1.00,-999.00,-999.00,-999.00,-999.00,-999.00,-999.00,-999.00,4.00,-999.00,-999.00,2.00,-999.00,-999.00,-999.00,5.49,-999.00,-999.00,-999.00,-999.00,-999.00,-999.00,-999.00,-999.00,-999,1.00,2,-999.00,-999.00,-999.00,2151,-999.00,-999.00,-999.00,-999.00,194200.47,47.52,43.53,45.52,80.06,69.82,74.94,0,3.73,1.00,-6.20862123744242e-03,31.63,89.23,240.89,565.47
Chiroptera,Phyllostomidae,Pygoderma,bilabiatum,pygoderma bilabiatum,-999.00,18.50,40.00,-999.00,-999.00,-999.00,-999.00,-999.00,2.00,-999.00,-999.00,1.00,-999.00,-999.00,-999.00,0.98,1.00,-999.00,-999.00,-999.00,-999.00,-999.00,-999.00,-999.00,-999,2.00,1,-999.00,-999.00,-999.00,758;889;1297;1658;2151;2622;2655;2807,-999.00,-999.00,-999.00,-999.00,3070130.45,-14.49,-29.91,-22.20,-39.63,-67.41,-53.52,0,41.47,0.00,0.09,109.76,207.50,1126.21,1349.48
Rodentia,Heptaxodontidae,Quemisia,gravis,quemisia gravis,-999.00,-999.00,-999.00,-999.00,-999.00,-999.00,-999.00,-999.00,-999.00,-999.00,-999.00,-999.00,-999.00,-999.00,-999.00,-999.00,-999.00,-999.00,-999.00,-999.00,-999.00,-999.00,-999.00,-999.00,-999,-999.00,-999,-999.00,-999.00,-999.00,-999,-999.00,-999.00,-999.00,-999.00,-999.00,-999.00,-999.00,-999.00,-999.00,-999.00,-999.00,-999,-999.00,-999.00,-999.00,-999.00,-999.00,-999.00,-999.00
Rodentia,Cricetidae,Rhipidomys,wetzeli,rhipidomys wetzeli,1.00,89.00,-999.00,-999.00,-999.00,-999.00,-999.00,-999.00,-999.00,-999.00,-999.00,1.00,-999.00,-999.00,-999.00,-999.00,-999.00,-999.00,-999.00,-999.00,-999.00,-999.00,-999.00,-999.00,-999,2.00,-999,-999.00,-999.00,-999.00,2151;2655,-999.00,-999.00,-999.00,-999.00,205046.83,7.16,0.76,3.96,-60.60,-67.54,-64.07,0,0.83,0.00,0.16,179.27,227.11,1621.42,1702.25
Rodentia,Spalacidae,Rhizomys,pruinosus,rhizomys pruinosus,-999.00,2450.00,-999.00,-999.00,-999.00,-999.00,-999.00,-999.00,-999.00,-999.00,-999.00,-999.00,-999.00,-999.00,-999.00,3.00,-999.00,-999.00,-999.00,-999.00,-999.00,-999.00,-999.00,-999.00,-999,-999.00,-999,120.75,-999.00,-999.00,1297;2655,-999.00,-999.00,-999.00,-999.00,1160203.00,26.02,3.68,14.85,116.68,90.37,103.53,2,175.60,9.00,0.08,158.86,216.42,1140.90,1430.66
Rodentia,Spalacidae,Rhizomys,sinensis,rhizomys sinensis,-999.00,-999.00,-999.00,-999.00,-999.00,-999.00,-999.00,-999.00,-999.00,-999.00,-999.00,-999.00,-999.00,-999.00,-999.00,3.00,-999.00,-999.00,-999.00,-999.00,-999.00,-999.00,-999.00,-999.00,-999,-999.00,-999,-999.00,-999.00,-999.00,1297,-999.00,-999.00,-999.00,-999.00,584284.14,34.04,20.22,27.13,120.15,97.56,108.85,1,296.61,7.00,0.06,109.44,122.64,959.09,1092.81
Chiroptera,Pteropodidae,Rousettus,bidens,rousettus bidens,-999.00,-999.00,97.00,-999.00,-999.00,-999.00,-999.00,-999.00,-999.00,-999.00,-999.00,1.00,-999.00,-999.00,-999.00,0.98,-999.00,-999.00,-999.00,-999.00,-999.00,1.00,-999.00,-999.00,-999,2.00,-999,-999.00,-999.00,-999.00,1297;1658;2017;2151,123.22,-999.00,-999.00,-999.00,9406.49,1.56,0.41,0.99,125.29,122.95,124.12,48,153.12,48.00,0.04,230.16,227.50,-999.00,-999.00
Chiroptera,Pteropodidae,Rousettus,celebensis,rousettus celebensis,-999.00,63.07,71.76,104.50,-999.00,-999.00,-999.00,-999.00,-999.00,-999.00,-999.00,1.00,-999.00,-999.00,-999.00,1.00,-999.00,-999.00,-999.00,-999.00,-999.00,20.00,-999.00,-999.00,-999,2.00,-999,-999.00,-999.00,-999.00,77;978;1297;1658;2017;2143;2151;2655,-999.00,-999.00,-999.00,-999.00,173659.28,3.74,-5.70,-0.98,126.34,118.75,122.55,5,92.44,17.00,0.07,229.41,215.47,1812.60,1909.15
Chiroptera,Pteropodidae,Rousettus,lanosus,rousettus lanosus,-999.00,104.78,88.20,-999.00,-999.00,-999.00,-999.00,-999.00,-999.00,-999.00,-999.00,1.00,-999.00,-999.00,-999.00,-999.00,-999.00,-999.00,-999.00,-999.00,-999.00,100.00,-999.00,-999.00,-999,2.00,-999,-999.00,-999.00,-999.00,77;268;1658;2017;2151;2655,-999.00,-999.00,-999.00,-999.00,846954.61,8.15,-11.86,-1.85,38.65,28.53,33.59,1,67.23,2.00,0.12,79.31,222.43,1056.75,1497.39
Chiroptera,Pteropodidae,Rousettus,leschenaultii,rousettus leschenaultii,-999.00,84.88,82.25,-999.00,-999.00,278.81,-999.00,-999.00,3.00,-999.00,121.66,1.00,-999.00,-999.00,-999.00,1.01,2.00,-999.00,12.00,-999.00,-999.00,753.00,322.24,-999.00,-999,2.00,2,52.34,37.00,-999.00,77;211;212;582;1140;1143;1149;1297;1552;1621;1658;1705;2017;2143;2151;2622;2655;2910;3014,-999.00,-999.00,-999.00,-999.00,5152928.23,35.35,-8.96,13.19,117.84,67.64,92.74,1,287.15,10.00,0.09,127.94,230.14,946.42,1436.72
Chiroptera,Pteropodidae,Rousettus,linduensis,rousettus linduensis,-999.00,-999.00,-999.00,-999.00,-999.00,-999.00,-999.00,-999.00,-999.00,-999.00,-999.00,-999.00,-999.00,-999.00,-999.00,-999.00,-999.00,-999.00,-999.00,-999.00,-999.00,-999.00,-999.00,-999.00,-999,-999.00,-999,-999.00,-999.00,-999.00,-999,-999.00,-999.00,-999.00,-999.00,-999.00,-999.00,-999.00,-999.00,-999.00,-999.00,-999.00,-999,-999.00,-999.00,-999.00,-999.00,-999.00,-999.00,-999.00
Chiroptera,Pteropodidae,Rousettus,madagascariensis,rousettus madagascariensis,2.00,65.72,70.91,129.99,-999.00,-999.00,-999.00,-999.00,2.00,-999.00,126.88,1.00,-999.00,-999.00,-999.00,1.22,-999.00,-999.00,-999.00,-999.00,-999.00,400.00,-999.00,-999.00,-999,2.00,1,-999.00,-999.00,-999.00,272;1048;1658;2151;2655,-999.00,-999.00,-999.00,-999.00,243394.84,-12.25,-25.20,-18.72,50.48,43.92,47.20,2,29.53,3.00,0.18,151.39,220.67,1206.90,1608.15
Chiroptera,Pteropodidae,Rousettus,obliviosus,rousettus obliviosus,-999.00,45.32,72.50,-999.00,-999.00,-999.00,-999.00,-999.00,-999.00,-999.00,-999.00,1.00,-999.00,-999.00,-999.00,0.98,-999.00,-999.00,-999.00,-999.00,-999.00,-999.00,-999.00,-999.00,-999,2.00,-999,-999.00,-999.00,-999.00,1658;2017;2151;2402;2655;3120,-999.00,-999.00,-999.00,-999.00,1677.40,-11.36,-12.38,-11.87,44.53,43.21,43.87,134,325.27,134.00,0.15,-999.00,-999.00,-999.00,-999.00
Chiroptera,Pteropodidae,Rousettus,spinalatus,rousettus spinalatus,-999.00,92.32,85.06,-999.00,-999.00,-999.00,-999.00,-999.00,-999.00,-999.00,-999.00,1.00,-999.00,-999.00,-999.00,1.00,-999.00,-999.00,-999.00,37.54,-999.00,1650.00,-999.00,-999.00,-999,2.00,-999,-999.00,-999.00,-999.00,267;1010;1658;2017;2151;2655,-999.00,-999.00,3.61,-999.00,38709.46,6.07,2.86,4.46,117.29,98.08,107.69,1,24.72,2.00,0.22,272.70,226.68,1740.92,1800.69
Rodentia,Sciuridae,Rubrisciurus,rubriventer,rubrisciurus rubriventer,-999.00,-999.00,-999.00,-999.00,-999.00,-999.00,-999.00,-999.00,-999.00,-999.00,-999.00,-999.00,-999.00,-999.00,-999.00,-999.00,-999.00,-999.00,-999.00,-999.00,-999.00,-999.00,-999.00,-999.00,-999,-999.00,-999,-999.00,-999.00,-999.00,-999,-999.00,-999.00,-999.00,-999.00,134381.82,1.75,-4.89,-1.56,125.24,119.03,122.14,17,58.50,17.00,0.09,229.38,212.97,1813.54,1879.60
Artiodactyla,Cervidae,Rucervus,duvaucelii,rucervus duvaucelii,2.00,171223.86,-999.00,1500.00,-999.00,1095.00,-999.00,-999.00,2.00,-999.00,245.00,2.00,14.11,20.00,-999.00,1.00,-999.00,-999.00,-999.00,-999.00,11.24,401.00,827.69,64.25,-999,1.00,1,-999.00,-999.00,-999.00,511;653;730;899;1297;2525;2553;2655;3010,-999.00,-999.00,-999.00,-999.00,255737.11,29.44,22.08,25.76,93.68,77.22,85.45,13,428.69,103.00,0.11,101.07,245.48,790.72,1335.79
Artiodactyla,Cervidae,Rucervus,eldii,rucervus eldii,-999.00,95471.61,-999.00,1650.00,-999.00,958.12,-999.00,-999.00,3.00,-999.00,240.19,1.00,-999.00,-999.00,382.70,1.01,-999.00,232.80,4674.98,-999.00,-999.00,-999.00,531.64,-999.00,-999,1.00,1,220.26,-999.00,-999.00,543;899;1297;2525;2655;2986;3010,-999.00,1.07,-999.00,-999.00,119941.73,25.34,12.38,18.86,109.95,93.14,101.55,4,64.11,5.00,0.10,157.98,243.09,1139.95,1618.09
Artiodactyla,Cervidae,Rucervus,schomburgki,rucervus schomburgki,-999.00,107626.42,-999.00,-999.00,-999.00,-999.00,-999.00,-999.00,-999.00,-999.00,-999.00,-999.00,-999.00,-999.00,-999.00,-999.00,-999.00,-999.00,-999.00,-999.00,-999.00,-999.00,-999.00,-999.00,-999,-999.00,-999,-999.00,-999.00,-999.00,3010,-999.00,-999.00,-999.00,-999.00,-999.00,-999.00,-999.00,-999.00,-999.00,-999.00,-999.00,-999,-999.00,-999.00,-999.00,-999.00,-999.00,-999.00,-999.00
Artiodactyla,Bovidae,Rupicapra,pyrenaica,rupicapra pyrenaica,-999.00,29999.99,-999.00,-999.00,-999.00,-999.00,-999.00,-999.00,-999.00,-999.00,-999.00,-999.00,-999.00,-999.00,-999.00,-999.00,-999.00,-999.00,-999.00,-999.00,-999.00,-999.00,-999.00,-999.00,-999,-999.00,-999,-999.00,-999.00,-999.00,1525;2655,-999.00,-999.00,-999.00,-999.00,13561.93,43.21,41.60,42.41,14.22,-6.73,3.74,7,37.31,7.00,5.88205697443069e-03,69.46,85.04,600.94,810.58
Artiodactyla,Bovidae,Rupicapra,rupicapra,rupicapra rupicapra,-999.00,33266.35,-999.00,-999.00,-999.00,1368.75,-999.00,-999.00,2.00,-999.00,178.32,1.00,2.65,2.49,365.00,1.00,-999.00,264.00,2250.00,-999.00,-999.00,-999.00,642.64,1.00,4,1.00,1,76.04,-999.00,-999.00,511;543;899;1015;1297;1454;1525;1573;1848;2243;2338;2555;2620;2655;2986,-999.00,1.10,-999.00,-999.00,742756.93,51.33,35.66,43.50,47.08,5.29,26.19,11,105.31,28.00,0.02,60.73,70.03,530.64,695.91
Artiodactyla,Cervidae,Rusa,alfredi,rusa alfredi,-999.00,46475.04,-999.00,-999.00,-999.00,-999.00,-999.00,-999.00,-999.00,-999.00,243.33,-999.00,-999.00,-999.00,-999.00,-999.00,-999.00,-999.00,-999.00,-999.00,-999.00,-999.00,-999.00,-999.00,-999,-999.00,-999,-999.00,-999.00,-999.00,899;3010,-999.00,-999.00,-999.00,-999.00,24504.78,11.94,9.03,10.48,123.56,121.84,122.70,118,291.84,130.00,0.07,160.44,253.32,1479.27,1759.33
Artiodactyla,Cervidae,Rusa,marianna,rusa marianna,-999.00,49457.61,-999.00,1255.00,-999.00,-999.00,-999.00,-999.00,-999.00,-999.00,-999.00,-999.00,-999.00,-999.00,-999.00,-999.00,-999.00,-999.00,-999.00,-999.00,-999.00,-999.00,-999.00,-999.00,-999,-999.00,-999,-999.00,-999.00,-999.00,2152;2655,-999.00,-999.00,-999.00,-999.00,220497.90,18.65,5.55,12.10,126.60,116.93,121.76,19,222.54,32.00,0.10,206.29,239.59,1469.48,1725.15
Artiodactyla,Cervidae,Rusa,timorensis,rusa timorensis,1.00,66375.50,-999.00,1634.99,-999.00,-999.00,-999.00,-999.00,2.00,-999.00,250.29,-999.00,-999.00,-999.00,366.00,1.00,-999.00,-999.00,-999.00,-999.00,-999.00,-999.00,666.44,-999.00,-999,-999.00,1,227.47,-999.00,-999.00,1297;2152;2525;2655;2986;3010,-999.00,1.09,-999.00,-999.00,132249.02,-5.87,-8.84,-7.36,115.71,105.20,110.46,270,804.20,305.00,0.04,196.77,244.60,1370.42,1640.76
Rodentia,Cricetidae,Rhipidomys,ochrogaster,rhipidomys ochrogaster,1.00,89.00,-999.00,-999.00,-999.00,-999.00,-999.00,-999.00,-999.00,-999.00,-999.00,1.00,-999.00,-999.00,-999.00,-999.00,-999.00,-999.00,-999.00,-999.00,-999.00,-999.00,-999.00,-999.00,-999,2.00,-999,-999.00,-999.00,-999.00,2151;2655,-999.00,-999.00,-999.00,-999.00,1231828.60,-15.81,-28.67,-22.24,-39.64,-55.87,-47.75,1,81.77,5.00,0.06,124.71,201.53,1190.58,1352.93
Rodentia,Cricetidae,Rhipidomys,venezuelae,rhipidomys venezuelae,1.00,89.99,-999.00,-999.00,-999.00,-999.00,-999.00,-999.00,-999.00,-999.00,-999.00,1.00,-999.00,-999.00,-999.00,-999.00,-999.00,-999.00,-999.00,-999.00,-999.00,-999.00,-999.00,-999.00,-999,2.00,-999,-999.00,-999.00,-999.00,2151;2655,-999.00,-999.00,-999.00,-999.00,218910.02,12.46,5.94,9.20,-65.10,-73.53,-69.31,4,91.85,7.00,0.12,89.60,236.99,1320.63,1738.34
Rodentia,Cricetidae,Rhipidomys,venustus,rhipidomys venustus,1.00,89.00,-999.00,-999.00,-999.00,-999.00,-999.00,-999.00,-999.00,-999.00,-999.00,1.00,-999.00,-999.00,-999.00,-999.00,-999.00,-999.00,-999.00,-999.00,-999.00,-999.00,-999.00,-999.00,-999,2.00,-999,-999.00,-999.00,-999.00,2151;2655,-999.00,-999.00,-999.00,-999.00,26254.03,10.60,7.33,8.97,-66.18,-72.32,-69.25,8,222.19,17.00,0.11,112.55,224.24,1330.45,1658.59
Chiroptera,Vespertilionidae,Rhogeessa,aeneus,rhogeessa aeneus,-999.00,-999.00,-999.00,-999.00,-999.00,-999.00,-999.00,-999.00,-999.00,-999.00,-999.00,-999.00,-999.00,-999.00,-999.00,-999.00,-999.00,-999.00,-999.00,-999.00,-999.00,-999.00,-999.00,-999.00,-999,-999.00,-999,-999.00,-999.00,-999.00,-999,-999.00,-999.00,-999.00,-999.00,124919.96,21.62,17.71,19.66,-86.73,-91.51,-89.12,0,24.49,4.00,0.24,92.00,254.51,1226.77,1562.42
Chiroptera,Vespertilionidae,Rhogeessa,alleni,rhogeessa alleni,-999.00,-999.00,32.49,-999.00,-999.00,-999.00,-999.00,-999.00,-999.00,-999.00,-999.00,1.00,-999.00,-999.00,-999.00,-999.00,-999.00,-999.00,-999.00,-999.00,-999.00,-999.00,-999.00,-999.00,-999,2.00,-999,-999.00,-999.00,-999.00,1658;2151,5.37,-999.00,-999.00,-999.00,263308.67,22.03,16.09,19.06,-95.68,-104.99,-100.33,6,140.26,12.00,0.08,85.02,182.26,874.10,1433.27
Chiroptera,Vespertilionidae,Rhogeessa,genowaysi,rhogeessa genowaysi,-999.00,-999.00,29.00,-999.00,-999.00,-999.00,-999.00,-999.00,-999.00,-999.00,-999.00,1.00,-999.00,-999.00,-999.00,-999.00,-999.00,-999.00,-999.00,-999.00,-999.00,-999.00,-999.00,-999.00,-999,2.00,-999,-999.00,-999.00,-999.00,1658;2151,3.88,-999.00,-999.00,-999.00,9923.22,16.07,14.68,15.38,-92.28,-93.50,-92.89,22,62.77,22.00,0.06,189.46,238.28,1342.78,1868.32
Chiroptera,Vespertilionidae,Rhogeessa,gracilis,rhogeessa gracilis,-999.00,-999.00,32.00,-999.00,-999.00,-999.00,-999.00,-999.00,-999.00,-999.00,-999.00,1.00,-999.00,-999.00,-999.00,-999.00,-999.00,-999.00,-999.00,-999.00,-999.00,-999.00,-999.00,-999.00,-999,2.00,-999,-999.00,-999.00,-999.00,1658;2151,5.14,-999.00,-999.00,-999.00,270246.59,22.98,15.64,19.31,-93.32,-105.67,-99.50,4,44.03,7.00,0.06,97.53,203.41,897.23,1572.89
Chiroptera,Vespertilionidae,Rhogeessa,hussoni,rhogeessa hussoni,-999.00,-999.00,-999.00,-999.00,-999.00,-999.00,-999.00,-999.00,-999.00,-999.00,-999.00,-999.00,-999.00,-999.00,-999.00,-999.00,-999.00,-999.00,-999.00,-999.00,-999.00,-999.00,-999.00,-999.00,-999,-999.00,-999,-999.00,-999.00,-999.00,-999,-999.00,-999.00,-999.00,-999.00,189232.40,3.54,-1.26,1.13,-50.93,-55.08,-53.01,0,1.67,0.00,0.08,201.61,245.95,1417.89,1699.04
Soricomorpha,Soricidae,Ruwenzorisorex,suncoides,ruwenzorisorex suncoides,-999.00,18.20,-999.00,-999.00,-999.00,-999.00,-999.00,-999.00,-999.00,-999.00,-999.00,-999.00,-999.00,-999.00,-999.00,-999.00,-999.00,-999.00,-999.00,-999.00,-999.00,-999.00,-999.00,-999.00,-999,-999.00,-999,-999.00,-999.00,-999.00,2655,-999.00,-999.00,-999.00,-999.00,8823.50,0.56,-2.73,-1.08,30.05,28.92,29.48,56,146.35,56.00,0.10,117.31,186.92,1358.18,1567.85
Chiroptera,Emballonuridae,Saccolaimus,flaviventris,saccolaimus flaviventris,1.00,45.25,75.00,-999.00,-999.00,-999.00,-999.00,-999.00,-999.00,-999.00,-999.00,1.00,-999.00,-999.00,-999.00,-999.00,2.00,-999.00,-999.00,-999.00,-999.00,-999.00,-999.00,-999.00,-999,2.00,-999,-999.00,-999.00,-999.00,607;889;1658;2143;2151;2622;2655,-999.00,-999.00,-999.00,-999.00,5655577.55,-9.30,-39.13,-24.22,153.63,113.38,133.50,0,3.97,0.00,0.04,42.90,218.98,504.52,1409.80
Chiroptera,Emballonuridae,Saccolaimus,mixtus,saccolaimus mixtus,1.00,-999.00,64.50,-999.00,-999.00,-999.00,-999.00,-999.00,-999.00,-999.00,-999.00,1.00,-999.00,-999.00,-999.00,-999.00,-999.00,-999.00,-999.00,-999.00,-999.00,-999.00,-999.00,-999.00,-999,2.00,-999,-999.00,-999.00,-999.00,889;1658;2151,38.29,-999.00,-999.00,-999.00,43137.49,-8.53,-14.34,-11.44,147.55,141.31,144.43,0,4.33,0.00,0.16,137.09,252.81,1123.78,1709.61
Chiroptera,Emballonuridae,Saccolaimus,peli,saccolaimus peli,1.00,53.35,89.49,-999.00,-999.00,-999.00,-999.00,-999.00,-999.00,-999.00,-999.00,1.00,-999.00,-999.00,-999.00,1.00,-999.00,-999.00,-999.00,-999.00,-999.00,-999.00,-999.00,-999.00,-999,2.00,-999,-999.00,-999.00,-999.00,889;1297;1658;2151;2622;2655;3023,-999.00,-999.00,-999.00,-999.00,3800009.52,10.11,-10.13,-8.92856e-03,36.33,-14.06,11.13,0,45.00,1.00,0.12,146.96,240.77,1326.71,1553.74
Chiroptera,Emballonuridae,Saccolaimus,saccolaimus,saccolaimus saccolaimus,1.00,43.00,71.24,-999.00,-999.00,-999.00,-999.00,-999.00,1.00,-999.00,-999.00,1.00,-999.00,-999.00,-999.00,1.00,-999.00,-999.00,-999.00,-999.00,-999.00,-999.00,-999.00,-999.00,-999,2.00,3,-999.00,-999.00,-999.00,196;889;1297;1439;1658;2143;2151;2622;2655;2719,-999.00,-999.00,-999.00,-999.00,4032279.02,27.54,-20.96,3.28,160.83,72.50,116.66,0,274.41,0.00,0.09,145.81,250.79,1054.73,1561.93
Chiroptera,Emballonuridae,Saccopteryx,antioquensis,saccopteryx antioquensis,-999.00,-999.00,-999.00,-999.00,-999.00,-999.00,-999.00,-999.00,-999.00,-999.00,-999.00,-999.00,-999.00,-999.00,-999.00,-999.00,-999.00,-999.00,-999.00,-999.00,-999.00,-999.00,-999.00,-999.00,-999,-999.00,-999,-999.00,-999.00,-999.00,-999,-999.00,-999.00,-999.00,-999.00,12746.59,6.95,4.14,5.54,-74.76,-75.40,-75.08,19,68.66,19.00,0.07,152.83,201.53,1474.20,1491.95
Chiroptera,Emballonuridae,Saccopteryx,bilineata,saccopteryx bilineata,1.00,8.08,45.99,-999.00,-999.00,365.00,14.97,8.05,1.00,-999.00,-999.00,1.00,-999.00,-999.00,-999.00,0.99,1.00,-999.00,3.49,-999.00,-999.00,-999.00,-999.00,-999.00,-999,2.00,3,59.99,5.66,-999.00,196;425;426;429;889;890;1079;1297;1388;1645;1658;1676;1822;1948;2143;2151;2295;2622;2655;2719;2751;2752;3023;3043,-999.00,-999.00,-999.00,-999.00,12018838.16,23.55,-22.53,0.50,-34.79,-105.70,-70.24,0,26.37,0.00,0.11,153.44,241.80,1296.30,1557.92
Chiroptera,Emballonuridae,Saccopteryx,canescens,saccopteryx canescens,1.00,3.41,38.00,-999.00,-999.00,-999.00,-999.00,-999.00,1.00,-999.00,-999.00,1.00,-999.00,-999.00,-999.00,1.00,-999.00,-999.00,-999.00,-999.00,-999.00,12.00,-999.00,-999.00,-999,2.00,3,-999.00,-999.00,-999.00,196;889;890;1297;1645;1658;2151;2622;2655;2719,-999.00,-999.00,-999.00,-999.00,5307719.51,12.46,-12.31,0.07,-44.46,-76.56,-60.51,0,11.45,0.00,0.11,175.88,252.22,1465.58,1622.76
Chiroptera,Emballonuridae,Saccopteryx,gymnura,saccopteryx gymnura,1.00,-999.00,34.00,-999.00,-999.00,-999.00,-999.00,-999.00,1.00,-999.00,-999.00,1.00,-999.00,-999.00,-999.00,-999.00,-999.00,-999.00,-999.00,-999.00,-999.00,-999.00,-999.00,-999.00,-999,2.00,3,-999.00,-999.00,-999.00,889;890;1658;2151,6.11,-999.00,-999.00,-999.00,170607.00,-0.31,-3.69,-2.00,-50.98,-56.87,-53.93,1,2.95,1.00,0.14,162.68,255.02,1372.34,1629.81
Chiroptera,Emballonuridae,Saccopteryx,leptura,saccopteryx leptura,-999.00,-999.00,-999.00,-999.00,-999.00,-999.00,-999.00,-999.00,-999.00,-999.00,-999.00,-999.00,-999.00,-999.00,-999.00,-999.00,-999.00,-999.00,-999.00,-999.00,-999.00,-999.00,-999.00,-999.00,-999,-999.00,-999,-999.00,-999.00,-999.00,-999,-999.00,-999.00,-999.00,-999.00,10599499.36,16.50,-20.10,-1.79,-34.79,-93.84,-64.31,0,20.97,0.00,0.12,160.77,245.27,1328.50,1572.30
Rodentia,Nesomyidae,Saccostomus,campestris,saccostomus campestris,-999.00,50.33,-999.00,117.31,21.00,96.00,51.49,61.30,3.00,-999.00,20.84,-999.00,-999.00,-999.00,51.80,6.75,-999.00,33.60,2.59,-999.00,22.06,-999.00,50.56,-999.00,-999,-999.00,2,28.97,-999.00,-999.00,543;730;897;1244;1297;1584;1798;1822;2390;2655,-999.00,2.95,-999.00,-999.00,4378642.71,-4.52,-34.83,-19.68,35.92,12.74,24.33,0,17.11,0.00,0.14,61.49,206.56,689.09,1396.84
Rodentia,Nesomyidae,Saccostomus,mearnsi,saccostomus mearnsi,-999.00,64.91,-999.00,-999.00,-999.00,-999.00,-999.00,-999.00,3.00,-999.00,-999.00,-999.00,1.303656e-03,1.199428e-03,-999.00,5.75,-999.00,-999.00,-999.00,-999.00,3611.61,-999.00,-999.00,-999.00,-999,-999.00,2,-999.00,-999.00,-999.00,1297;1586;2655,-999.00,-999.00,-999.00,-999.00,497929.52,7.01,-4.51,1.24,42.79,34.16,38.48,1,46.97,1.00,0.10,55.95,238.94,851.30,1552.88
Primates,Cebidae,Saguinus,bicolor,saguinus bicolor,3.00,465.00,-999.00,239.99,-999.00,-999.00,-999.00,-999.00,4.00,-999.00,158.16,1.00,-999.00,-999.00,-999.00,2.00,-999.00,-999.00,-999.00,-999.00,-999.00,-999.00,-999.00,6.70,-999,2.00,2,-999.00,-999.00,-999.00,890;899;905;1297;1544;1547;2151;2344;2655;2663;2986,-999.00,-999.00,-999.00,-999.00,65246.44,-0.29,-3.18,-1.74,-55.97,-60.83,-58.40,0,10.73,0.00,0.11,129.99,262.18,1446.91,1659.31
Primates,Cebidae,Saguinus,fuscicollis,saguinus fuscicollis,3.00,393.99,-999.00,-999.00,-999.00,850.45,-999.00,-999.00,5.00,-999.00,148.00,1.00,0.20,0.33,293.50,1.83,-999.00,294.00,39.18,-999.00,19.49,-999.00,406.61,6.00,-999,2.00,2,90.10,-999.00,-999.00,203;208;543;730;890;905;1125;1297;1544;1547;2151;2251;2344;2493;2520;2654;2655;2660;2663;2986,-999.00,1.22,-999.00,-999.00,1978748.26,3.18,-13.75,-5.28,-60.79,-78.01,-69.40,0,2.65,0.00,0.16,196.80,254.49,1450.05,1535.38
Artiodactyla,Cervidae,Rangifer,tarandus,rangifer tarandus,-999.00,109088.50,-999.00,2224.35,-999.00,-999.00,-999.00,-999.00,3.00,-999.00,222.50,-999.00,2771.22,2599.89,365.00,2.00,-999.00,242.40,5490.62,-999.00,2.55,100000.00,758.71,-999.00,-999,-999.00,1,136.87,24907.05,-999.00,511;543;653;730;764;1015;1297;1404;1573;1763;2512;2525;2655;2718;2986;3009;3010,-999.00,1.10,-999.00,-999.00,18376464.07,83.62,45.55,64.59,177.44,-168.12,4.65,0,1.07,0.00,-0.04,29.21,-90.47,236.86,260.98
Artiodactyla,Bovidae,Raphicerus,campestris,raphicerus campestris,3.00,11661.53,-999.00,824.99,-999.00,-999.00,3696.00,9600.00,5.00,-999.00,210.00,1.00,0.43,0.45,219.00,0.98,-999.00,168.00,916.51,-999.00,1.27,-999.00,233.81,2.00,4,1.00,1,49.89,-999.00,-999.00,730;869;1297;1525;1573;1822;1848;2629;2655;2693;2986;3057,-999.00,1.42,-999.00,-999.00,4930075.62,1.61,-34.83,-16.61,41.77,11.71,26.74,0,24.64,0.00,0.14,52.18,198.60,656.54,1367.87
Artiodactyla,Bovidae,Raphicerus,melanotis,raphicerus melanotis,1.00,10503.14,-999.00,-999.00,-999.00,-999.00,-999.00,-999.00,2.00,-999.00,-999.00,1.00,-999.00,-999.00,-999.00,-999.00,-999.00,168.00,-999.00,-999.00,10.50,-999.00,-999.00,1.50,4,1.00,1,-999.00,-999.00,-999.00,511;869;1848;2629;2655;2693,-999.00,-999.00,-999.00,-999.00,243785.08,-29.78,-34.83,-32.31,29.42,17.10,23.26,0,47.94,1.00,0.09,33.18,157.20,501.32,1107.93
Artiodactyla,Bovidae,Raphicerus,sharpei,raphicerus sharpei,1.00,9396.90,-999.00,679.99,-999.00,-999.00,-999.00,-999.00,3.00,-999.00,212.91,1.00,-999.00,-999.00,-999.00,1.00,-999.00,168.00,-999.00,-999.00,0.51,-999.00,-999.00,1.50,4,1.00,1,-999.00,-999.00,-999.00,730;869;1297;1848;2629;2655;2693,-999.00,-999.00,-999.00,-999.00,2548307.11,-3.42,-27.16,-15.29,40.84,22.67,31.75,1,25.40,2.00,0.16,78.96,221.75,845.74,1477.87
Rodentia,Muridae,Rattus,adustus,rattus adustus,-999.00,-999.00,-999.00,-999.00,-999.00,-999.00,-999.00,-999.00,-999.00,-999.00,-999.00,-999.00,-999.00,-999.00,-999.00,-999.00,-999.00,-999.00,-999.00,-999.00,-999.00,-999.00,-999.00,-999.00,-999,-999.00,-999,-999.00,-999.00,-999.00,-999,-999.00,-999.00,-999.00,-999.00,402.70,-5.28,-5.51,-5.40,102.39,102.09,102.24,119,119.00,119.00,0.33,-999.00,-999.00,-999.00,-999.00
Rodentia,Muridae,Rattus,andamanensis,rattus andamanensis,1.00,-999.00,-999.00,190.00,-999.00,-999.00,-999.00,-999.00,4.00,-999.00,-999.00,2.00,-999.00,-999.00,-999.00,10.00,-999.00,-999.00,-999.00,-999.00,-999.00,-999.00,-999.00,-999.00,-999,1.00,2,-999.00,-999.00,-999.00,1015,197.97,-999.00,-999.00,-999.00,354404.70,28.75,9.40,19.07,118.92,84.15,101.54,1,196.69,4.00,0.08,167.27,170.71,1091.22,1321.33
Rodentia,Muridae,Rattus,annandalei,rattus annandalei,-999.00,197.49,-999.00,-999.00,-999.00,-999.00,-999.00,-999.00,-999.00,-999.00,-999.00,-999.00,-999.00,-999.00,-999.00,-999.00,-999.00,-999.00,-999.00,-999.00,-999.00,-999.00,-999.00,-999.00,-999,-999.00,-999,-999.00,-999.00,-999.00,2655,-999.00,-999.00,-999.00,-999.00,61557.60,5.05,0.89,2.97,104.30,100.55,102.42,8,161.45,14.00,0.13,195.77,259.14,1667.15,1782.39
Rodentia,Muridae,Rattus,arfakiensis,rattus arfakiensis,-999.00,-999.00,-999.00,134.91,-999.00,-999.00,-999.00,-999.00,-999.00,-999.00,-999.00,-999.00,-999.00,-999.00,-999.00,-999.00,-999.00,-999.00,-999.00,-999.00,-999.00,-999.00,-999.00,-999.00,-999,-999.00,-999,-999.00,-999.00,-999.00,2803,73.67,-999.00,-999.00,-999.00,-999.00,-999.00,-999.00,-999.00,-999.00,-999.00,-999.00,-999,-999.00,-999.00,-999.00,-999.00,-999.00,-999.00,-999.00
Rodentia,Muridae,Rattus,argentiventer,rattus argentiventer,-999.00,165.37,-999.00,193.81,-999.00,-999.00,-999.00,-999.00,5.00,-999.00,21.40,-999.00,-999.00,-999.00,22.50,9.85,-999.00,-999.00,-999.00,-999.00,-999.00,-999.00,54.42,-999.00,-999,-999.00,2,-999.00,-999.00,-999.00,456;679;1297;2088;2152;2655,-999.00,4.51,-999.00,-999.00,195050.18,15.22,1.26,8.24,107.55,99.09,103.32,3,227.90,13.00,0.10,157.85,262.39,1263.86,1683.90
Rodentia,Muridae,Rattus,arrogans,rattus arrogans,-999.00,-999.00,-999.00,131.02,-999.00,-999.00,-999.00,-999.00,-999.00,-999.00,-999.00,-999.00,-999.00,-999.00,-999.00,-999.00,-999.00,-999.00,-999.00,-999.00,-999.00,-999.00,-999.00,-999.00,-999,-999.00,-999,-999.00,-999.00,-999.00,2803,67.70,-999.00,-999.00,-999.00,-999.00,-999.00,-999.00,-999.00,-999.00,-999.00,-999.00,-999,-999.00,-999.00,-999.00,-999.00,-999.00,-999.00,-999.00
Rodentia,Muridae,Rattus,baluensis,rattus baluensis,-999.00,107.50,-999.00,190.00,-999.00,-999.00,-999.00,-999.00,4.00,-999.00,-999.00,-999.00,-999.00,-999.00,-999.00,-999.00,-999.00,-999.00,-999.00,-999.00,-999.00,-999.00,-999.00,-999.00,-999,-999.00,2,-999.00,-999.00,-999.00,2152;2655,-999.00,-999.00,-999.00,-999.00,158.06,6.13,6.01,6.07,116.61,116.48,116.55,29,89.50,29.00,0.30,227.50,236.50,1840.00,1842.00
Rodentia,Muridae,Rattus,blangorum,rattus blangorum,-999.00,-999.00,-999.00,-999.00,-999.00,-999.00,-999.00,-999.00,-999.00,-999.00,-999.00,-999.00,-999.00,-999.00,-999.00,-999.00,-999.00,-999.00,-999.00,-999.00,-999.00,-999.00,-999.00,-999.00,-999,-999.00,-999,-999.00,-999.00,-999.00,-999,-999.00,-999.00,-999.00,-999.00,-999.00,-999.00,-999.00,-999.00,-999.00,-999.00,-999.00,-999,-999.00,-999.00,-999.00,-999.00,-999.00,-999.00,-999.00
Rodentia,Muridae,Rattus,bontanus,rattus bontanus,-999.00,-999.00,-999.00,-999.00,-999.00,-999.00,-999.00,-999.00,-999.00,-999.00,-999.00,-999.00,-999.00,-999.00,-999.00,-999.00,-999.00,-999.00,-999.00,-999.00,-999.00,-999.00,-999.00,-999.00,-999,-999.00,-999,-999.00,-999.00,-999.00,-999,-999.00,-999.00,-999.00,-999.00,96.13,-5.27,-5.55,-5.41,120.19,119.87,120.03,181,268.96,181.00,0.04,236.00,215.00,-999.00,-999.00
Rodentia,Muridae,Rattus,burrus,rattus burrus,-999.00,-999.00,-999.00,-999.00,-999.00,-999.00,-999.00,-999.00,-999.00,-999.00,-999.00,-999.00,-999.00,-999.00,-999.00,-999.00,-999.00,-999.00,-999.00,-999.00,-999.00,-999.00,-999.00,-999.00,-999,-999.00,-999,-999.00,-999.00,-999.00,-999,-999.00,-999.00,-999.00,-999.00,1257.84,8.22,6.74,7.48,93.95,93.45,93.70,14,14.00,14.00,0.16,-999.00,-999.00,-999.00,-999.00
Rodentia,Muridae,Rattus,colletti,rattus colletti,-999.00,146.48,-999.00,-999.00,-999.00,-999.00,122.94,165.70,-999.00,-999.00,-999.00,-999.00,-999.00,-999.00,-999.00,-999.00,-999.00,-999.00,-999.00,-999.00,-999.00,-999.00,-999.00,-999.00,-999,-999.00,-999,-999.00,-999.00,-999.00,456;1822;2655,-999.00,-999.00,-999.00,-999.00,79228.17,-11.11,-14.08,-12.59,136.97,130.11,133.54,0,3.61,0.00,5.72395440483e-03,100.53,271.05,958.99,1885.30
Rodentia,Muridae,Rattus,elaphinus,rattus elaphinus,-999.00,131.35,-999.00,-999.00,-999.00,-999.00,-999.00,-999.00,-999.00,-999.00,-999.00,-999.00,-999.00,-999.00,-999.00,-999.00,-999.00,-999.00,-999.00,-999.00,-999.00,-999.00,-999.00,-999.00,-999,-999.00,-999,-999.00,-999.00,-999.00,2655,-999.00,-999.00,-999.00,-999.00,2894.95,-1.62,-2.02,-1.82,125.32,124.33,124.82,5,5.20,5.00,0.00,263.00,235.00,-999.00,-999.00
Rodentia,Muridae,Rattus,enganus,rattus enganus,-999.00,-999.00,-999.00,-999.00,-999.00,-999.00,-999.00,-999.00,-999.00,-999.00,-999.00,-999.00,-999.00,-999.00,-999.00,-999.00,-999.00,-999.00,-999.00,-999.00,-999.00,-999.00,-999.00,-999.00,-999,-999.00,-999,-999.00,-999.00,-999.00,-999,-999.00,-999.00,-999.00,-999.00,402.70,-5.28,-5.51,-5.40,102.39,102.09,102.24,119,119.00,119.00,0.33,-999.00,-999.00,-999.00,-999.00
Rodentia,Muridae,Rattus,everetti,rattus everetti,2.00,253.53,-999.00,190.00,-999.00,-999.00,-999.00,-999.00,5.00,-999.00,-999.00,-999.00,5.001891e-03,4.314654e-03,-999.00,-999.00,-999.00,-999.00,-999.00,-999.00,153.38,-999.00,-999.00,-999.00,-999,-999.00,2,-999.00,-999.00,-999.00,170;2152;2446;2655,-999.00,-999.00,-999.00,-999.00,239437.44,18.65,5.55,12.10,126.60,119.74,123.17,19,220.01,33.00,0.10,208.14,241.20,1470.06,1728.00
Rodentia,Muridae,Rattus,exulans,rattus exulans,-999.00,50.63,-999.00,119.90,-999.00,173.55,-999.00,-999.00,4.00,-999.00,21.34,-999.00,9.35769e-04,7.86766e-04,74.00,3.70,3.90,-999.00,2.43,42.57,7154.76,-999.00,57.41,-999.00,-999,-999.00,2,28.00,21.49,-999.00,456;730;1297;1306;1577;2152;2655;2803,-999.00,-999.00,-999.00,-999.00,1877248.56,24.67,1.26,12.96,109.46,91.31,100.38,2,125.99,9.00,0.09,163.09,239.07,1144.34,1533.45
Rodentia,Muridae,Rattus,feliceus,rattus feliceus,-999.00,306.00,-999.00,-999.00,-999.00,-999.00,-999.00,-999.00,-999.00,-999.00,-999.00,-999.00,-999.00,-999.00,-999.00,-999.00,-999.00,-999.00,-999.00,-999.00,-999.00,-999.00,-999.00,-999.00,-999,-999.00,-999,-999.00,-999.00,-999.00,2655,-999.00,-999.00,-999.00,-999.00,50.40,-3.23,-3.30,-3.26,129.66,129.59,129.63,23,23.00,23.00,0.04,277.00,243.00,-999.00,-999.00
Rodentia,Muridae,Rattus,fuscipes,rattus fuscipes,1.00,124.58,-999.00,159.25,20.25,136.87,84.36,76.00,3.00,-999.00,22.95,2.00,-999.00,-999.00,-999.00,4.58,3.30,41.00,4.24,-999.00,1069.81,-999.00,59.31,-999.00,10,1.00,2,25.38,17.60,141.48,456;730;1297;1822;2655;2803;2808;2814;2816;3074,-999.00,-999.00,-999.00,-999.00,451237.89,-14.83,-39.13,-26.98,153.63,113.67,133.65,0,29.35,0.00,0.07,75.52,157.48,716.85,1210.83
Rodentia,Muridae,Rattus,giluwensis,rattus giluwensis,-999.00,-999.00,-999.00,150.55,-999.00,-999.00,-999.00,-999.00,2.00,-999.00,-999.00,1.00,-999.00,-999.00,-999.00,-999.00,-999.00,-999.00,-999.00,-999.00,-999.00,-999.00,-999.00,-999.00,8,1.00,1,-999.00,-999.00,-999.00,977,101.11,-999.00,-999.00,-999.00,2997.83,-5.62,-6.20,-5.91,144.15,143.59,143.87,15,25.75,15.00,0.12,433.98,114.74,1596.99,1596.99
Rodentia,Muridae,Rattus,hainaldi,rattus hainaldi,-999.00,-999.00,-999.00,-999.00,-999.00,-999.00,-999.00,-999.00,-999.00,-999.00,-999.00,-999.00,-999.00,-999.00,-999.00,-999.00,-999.00,-999.00,-999.00,-999.00,-999.00,-999.00,-999.00,-999.00,-999,-999.00,-999,-999.00,-999.00,-999.00,-999,-999.00,-999.00,-999.00,-999.00,49.95,-8.59,-8.66,-8.62,120.56,120.48,120.52,68,76.00,68.00,0.06,225.50,227.00,-999.00,-999.00
Rodentia,Muridae,Rattus,hoffmanni,rattus hoffmanni,-999.00,-999.00,-999.00,-999.00,-999.00,-999.00,-999.00,-999.00,-999.00,-999.00,-999.00,-999.00,-999.00,-999.00,-999.00,-999.00,-999.00,-999.00,-999.00,-999.00,-999.00,-999.00,-999.00,-999.00,-999,-999.00,-999,-999.00,-999.00,-999.00,-999,-999.00,-999.00,-999.00,-999.00,170563.18,1.75,-5.70,-1.97,125.29,118.75,122.02,17,96.14,17.00,0.08,229.41,215.47,1812.60,1909.15
Rodentia,Muridae,Rattus,hoogerwerfi,rattus hoogerwerfi,-999.00,-999.00,-999.00,-999.00,-999.00,-999.00,-999.00,-999.00,-999.00,-999.00,-999.00,-999.00,-999.00,-999.00,-999.00,-999.00,-999.00,-999.00,-999.00,-999.00,-999.00,-999.00,-999.00,-999.00,-999,-999.00,-999,-999.00,-999.00,-999.00,-999,-999.00,-999.00,-999.00,-999.00,256.04,4.03,3.86,3.95,97.38,97.22,97.30,30,39.49,30.00,0.09,111.99,184.49,1522.00,1522.00
Rodentia,Muridae,Rattus,jobiensis,rattus jobiensis,-999.00,380.00,-999.00,211.30,-999.00,-999.00,-999.00,-999.00,-999.00,-999.00,-999.00,-999.00,-999.00,-999.00,-999.00,-999.00,-999.00,-999.00,-999.00,-999.00,-999.00,-999.00,-999.00,-999.00,7,-999.00,-999,-999.00,-999.00,156.00,978;2655;2803,-999.00,-999.00,-999.00,100.48,4824.46,-0.62,-1.90,-1.26,136.90,135.37,136.13,2,20.33,2.00,0.05,225.99,252.00,-999.00,-999.00
Rodentia,Muridae,Rattus,koopmani,rattus koopmani,-999.00,-999.00,-999.00,-999.00,-999.00,-999.00,-999.00,-999.00,-999.00,-999.00,-999.00,-999.00,-999.00,-999.00,-999.00,-999.00,-999.00,-999.00,-999.00,-999.00,-999.00,-999.00,-999.00,-999.00,-999,-999.00,-999,-999.00,-999.00,-999.00,-999,-999.00,-999.00,-999.00,-999.00,2364.95,-1.15,-1.64,-1.40,123.55,122.78,123.17,31,31.00,31.00,0.10,245.00,240.50,-999.00,-999.00
Rodentia,Muridae,Rattus,korinchi,rattus korinchi,-999.00,-999.00,-999.00,-999.00,-999.00,-999.00,-999.00,-999.00,-999.00,-999.00,-999.00,-999.00,-999.00,-999.00,-999.00,-999.00,-999.00,-999.00,-999.00,-999.00,-999.00,-999.00,-999.00,-999.00,-999,-999.00,-999,-999.00,-999.00,-999.00,-999,-999.00,-999.00,-999.00,-999.00,7261.35,0.19,-1.85,-0.83,101.41,99.87,100.64,57,145.45,57.00,0.04,292.49,220.20,1643.78,1841.67
Rodentia,Muridae,Rattus,leucopus,rattus leucopus,1.00,200.89,-999.00,189.68,-999.00,141.33,-999.00,-999.00,4.00,-999.00,-999.00,2.00,-999.00,-999.00,-999.00,3.45,-999.00,-999.00,-999.00,-999.00,-999.00,-999.00,102.07,-999.00,6,1.00,2,-999.00,-999.00,158.83,456;977;1297;1780;2655;2803,-999.00,-999.00,-999.00,105.19,362571.26,-4.10,-19.45,-11.78,150.87,134.20,142.54,0,6.10,0.00,0.13,223.09,239.38,1487.74,1686.60
Rodentia,Muridae,Rattus,losea,rattus losea,-999.00,104.63,-999.00,-999.00,-999.00,-999.00,-999.00,-999.00,-999.00,-999.00,-999.00,-999.00,-999.00,-999.00,-999.00,-999.00,-999.00,-999.00,-999.00,-999.00,-999.00,-999.00,-999.00,-999.00,-999,-999.00,-999,-999.00,-999.00,-999.00,456,-999.00,-999.00,-999.00,-999.00,367079.25,25.29,12.09,18.69,122.00,97.77,109.88,6,228.75,13.00,0.08,151.30,230.13,1158.42,1548.02
Rodentia,Muridae,Rattus,lugens,rattus lugens,-999.00,-999.00,-999.00,-999.00,-999.00,-999.00,-999.00,-999.00,-999.00,-999.00,-999.00,-999.00,-999.00,-999.00,-999.00,-999.00,-999.00,-999.00,-999.00,-999.00,-999.00,-999.00,-999.00,-999.00,-999,-999.00,-999,-999.00,-999.00,-999.00,-999,-999.00,-999.00,-999.00,-999.00,6044.85,-0.91,-3.34,-2.13,100.47,98.58,99.52,43,55.33,43.00,0.11,340.00,259.00,-999.00,-999.00
Rodentia,Muridae,Rattus,lutreolus,rattus lutreolus,2.00,106.00,-999.00,160.65,18.00,112.00,63.22,109.00,4.00,-999.00,24.81,2.00,-999.00,-999.00,-999.00,4.45,2.40,29.00,4.94,44.77,566.83,-999.00,56.96,-999.00,10,1.00,2,25.00,31.62,-999.00,456;1009;1175;1297;1822;2655;2803;2814;2817,-999.00,-999.00,-999.00,-999.00,336333.30,-15.76,-43.64,-29.70,153.63,136.53,145.08,0,33.01,0.00,0.03,77.00,144.66,702.04,1130.01
Rodentia,Muridae,Rattus,macleari,rattus macleari,-999.00,-999.00,-999.00,-999.00,-999.00,-999.00,-999.00,-999.00,-999.00,-999.00,-999.00,-999.00,-999.00,-999.00,-999.00,-999.00,-999.00,-999.00,-999.00,-999.00,-999.00,-999.00,-999.00,-999.00,-999,-999.00,-999,-999.00,-999.00,-999.00,-999,-999.00,-999.00,-999.00,-999.00,-999.00,-999.00,-999.00,-999.00,-999.00,-999.00,-999.00,-999,-999.00,-999.00,-999.00,-999.00,-999.00,-999.00,-999.00
Rodentia,Muridae,Rattus,marmosurus,rattus marmosurus,-999.00,-999.00,-999.00,-999.00,-999.00,-999.00,-999.00,-999.00,-999.00,-999.00,-999.00,-999.00,-999.00,-999.00,-999.00,-999.00,-999.00,-999.00,-999.00,-999.00,-999.00,-999.00,-999.00,-999.00,-999,-999.00,-999,-999.00,-999.00,-999.00,-999,-999.00,-999.00,-999.00,-999.00,106195.30,1.75,-4.58,-1.41,125.24,119.03,122.13,17,64.40,17.00,0.09,226.99,209.36,1813.54,1879.60
Rodentia,Muridae,Rattus,mindorensis,rattus mindorensis,-999.00,-999.00,-999.00,190.00,-999.00,-999.00,-999.00,-999.00,4.00,-999.00,-999.00,-999.00,-999.00,-999.00,-999.00,6.40,-999.00,-999.00,-999.00,-999.00,-999.00,-999.00,-999.00,-999.00,-999,-999.00,2,-999.00,-999.00,-999.00,1297;2152,197.97,-999.00,-999.00,-999.00,9912.75,13.53,12.20,12.86,121.55,120.29,120.92,20,161.33,20.00,0.15,196.39,239.81,-999.00,-999.00
Rodentia,Muridae,Rattus,mollicomulus,rattus mollicomulus,-999.00,-999.00,-999.00,-999.00,-999.00,-999.00,-999.00,-999.00,-999.00,-999.00,-999.00,-999.00,-999.00,-999.00,-999.00,-999.00,-999.00,-999.00,-999.00,-999.00,-999.00,-999.00,-999.00,-999.00,-999,-999.00,-999,-999.00,-999.00,-999.00,-999,-999.00,-999.00,-999.00,-999.00,160.31,-5.25,-5.38,-5.32,119.95,119.81,119.88,181,181.00,181.00,0.05,236.00,215.00,-999.00,-999.00
Rodentia,Muridae,Rattus,montanus,rattus montanus,-999.00,-999.00,-999.00,-999.00,-999.00,-999.00,-999.00,-999.00,-999.00,-999.00,-999.00,-999.00,-999.00,-999.00,-999.00,-999.00,-999.00,-999.00,-999.00,-999.00,-999.00,-999.00,-999.00,-999.00,-999,-999.00,-999,-999.00,-999.00,-999.00,-999,-999.00,-999.00,-999.00,-999.00,291.53,7.00,6.77,6.88,80.86,80.73,80.80,320,379.46,320.00,0.01,180.99,223.99,1614.00,1651.98
Rodentia,Muridae,Rattus,mordax,rattus mordax,-999.00,230.00,-999.00,173.45,-999.00,-999.00,-999.00,-999.00,2.00,-999.00,-999.00,-999.00,-999.00,-999.00,-999.00,2.47,-999.00,-999.00,-999.00,-999.00,-999.00,-999.00,-999.00,-999.00,8,-999.00,1,-999.00,-999.00,-999.00,977;2655;2803,-999.00,-999.00,-999.00,-999.00,97464.01,-6.00,-11.65,-8.83,153.77,145.74,149.76,3,11.45,5.00,0.09,223.18,208.83,1704.86,1768.69
Rodentia,Muridae,Rattus,morotaiensis,rattus morotaiensis,-999.00,148.25,-999.00,-999.00,-999.00,-999.00,-999.00,-999.00,-999.00,-999.00,-999.00,-999.00,-999.00,-999.00,-999.00,-999.00,-999.00,-999.00,-999.00,-999.00,-999.00,-999.00,-999.00,-999.00,-999,-999.00,-999,-999.00,-999.00,-999.00,2655,-999.00,-999.00,-999.00,-999.00,2299.31,2.64,1.98,2.31,128.69,128.19,128.44,38,65.19,38.00,0.12,174.00,249.00,-999.00,-999.00
Rodentia,Muridae,Rattus,nativitatis,rattus nativitatis,-999.00,-999.00,-999.00,-999.00,-999.00,-999.00,-999.00,-999.00,-999.00,-999.00,-999.00,-999.00,-999.00,-999.00,-999.00,-999.00,-999.00,-999.00,-999.00,-999.00,-999.00,-999.00,-999.00,-999.00,-999,-999.00,-999,-999.00,-999.00,-999.00,-999,-999.00,-999.00,-999.00,-999.00,-999.00,-999.00,-999.00,-999.00,-999.00,-999.00,-999.00,-999,-999.00,-999.00,-999.00,-999.00,-999.00,-999.00,-999.00
Rodentia,Muridae,Rattus,niobe,rattus niobe,-999.00,45.07,-999.00,115.43,-999.00,-999.00,-999.00,-999.00,3.00,-999.00,-999.00,2.00,1.058952e-03,1.5e-03,-999.00,2.15,-999.00,-999.00,-999.00,-999.00,-999.00,-999.00,-999.00,-999.00,6,2.00,2,-999.00,-999.00,-999.00,456;661;977;1297;1849;2152;2655;2803,-999.00,-999.00,-999.00,-999.00,-999.00,-999.00,-999.00,-999.00,-999.00,-999.00,-999.00,-999,-999.00,-999.00,-999.00,-999.00,-999.00,-999.00,-999.00
Rodentia,Muridae,Rattus,nitidus,rattus nitidus,-999.00,100.02,-999.00,182.58,-999.00,-999.00,-999.00,-999.00,-999.00,-999.00,-999.00,-999.00,-999.00,-999.00,-999.00,3.09,-999.00,-999.00,-999.00,-999.00,-999.00,-999.00,-999.00,-999.00,8,-999.00,-999,-999.00,-999.00,-999.00,1341;2803,-999.00,-999.00,-999.00,-999.00,1192450.82,31.32,11.19,21.25,120.64,78.78,99.71,1,179.29,4.00,0.08,149.37,164.83,1046.46,1272.30
Rodentia,Muridae,Rattus,norvegicus,rattus norvegicus,-999.00,282.89,-999.00,-999.00,-999.00,91.25,-999.00,-999.00,1.00,-999.00,21.74,2.00,2.927936e-03,2.525651e-03,-999.00,8.99,3.50,-999.00,5.80,52.00,-999.00,-999.00,55.23,-999.00,-999,1.00,1,25.37,53.07,-999.00,515;890;1115;1297;1577;1594;2151;2655;2747;2978,-999.00,-999.00,-999.00,-999.00,-999.00,-999.00,-999.00,-999.00,-999.00,-999.00,-999.00,-999,-999.00,-999.00,-999.00,-999.00,-999.00,-999.00,-999.00
Rodentia,Muridae,Rattus,novaeguineae,rattus novaeguineae,-999.00,133.00,-999.00,177.68,-999.00,-999.00,-999.00,-999.00,-999.00,-999.00,-999.00,1.00,-999.00,-999.00,-999.00,5.37,-999.00,-999.00,-999.00,-999.00,-999.00,-999.00,-999.00,-999.00,8,1.00,-999,-999.00,-999.00,-999.00,977;2655,-999.00,-999.00,-999.00,-999.00,29467.48,-6.11,-8.05,-7.08,147.65,144.55,146.10,2,15.00,2.50,0.08,319.33,175.93,1679.49,1709.23
Rodentia,Muridae,Rattus,omichlodes,rattus omichlodes,-999.00,70.02,-999.00,132.48,-999.00,-999.00,-999.00,-999.00,-999.00,-999.00,-999.00,-999.00,-999.00,-999.00,-999.00,-999.00,-999.00,-999.00,-999.00,-999.00,-999.00,-999.00,-999.00,-999.00,6,-999.00,-999,-999.00,-999.00,-999.00,977;2655,-999.00,-999.00,-999.00,-999.00,-999.00,-999.00,-999.00,-999.00,-999.00,-999.00,-999.00,-999,-999.00,-999.00,-999.00,-999.00,-999.00,-999.00,-999.00
Rodentia,Muridae,Rattus,osgoodi,rattus osgoodi,-999.00,-999.00,-999.00,-999.00,-999.00,-999.00,-999.00,-999.00,-999.00,-999.00,-999.00,-999.00,-999.00,-999.00,-999.00,-999.00,-999.00,-999.00,-999.00,-999.00,-999.00,-999.00,-999.00,-999.00,-999,-999.00,-999,-999.00,-999.00,-999.00,-999,-999.00,-999.00,-999.00,-999.00,230.85,12.14,11.98,12.06,108.53,108.37,108.45,31,67.28,31.00,0.14,139.00,210.25,1158.22,1342.98
Rodentia,Muridae,Rattus,palmarum,rattus palmarum,-999.00,-999.00,-999.00,-999.00,-999.00,-999.00,-999.00,-999.00,-999.00,-999.00,-999.00,-999.00,-999.00,-999.00,-999.00,-999.00,-999.00,-999.00,-999.00,-999.00,-999.00,-999.00,-999.00,-999.00,-999,-999.00,-999,-999.00,-999.00,-999.00,-999,-999.00,-999.00,-999.00,-999.00,126.12,9.25,9.11,9.18,92.82,92.70,92.76,168,168.00,168.00,0.12,-999.00,-999.00,-999.00,-999.00
Rodentia,Muridae,Rattus,pelurus,rattus pelurus,-999.00,-999.00,-999.00,-999.00,-999.00,-999.00,-999.00,-999.00,-999.00,-999.00,-999.00,-999.00,-999.00,-999.00,-999.00,-999.00,-999.00,-999.00,-999.00,-999.00,-999.00,-999.00,-999.00,-999.00,-999,-999.00,-999,-999.00,-999.00,-999.00,-999,-999.00,-999.00,-999.00,-999.00,2364.95,-1.15,-1.64,-1.40,123.55,122.78,123.17,31,31.00,31.00,0.10,245.00,240.50,-999.00,-999.00
Rodentia,Muridae,Rattus,pococki,rattus pococki,-999.00,-999.00,-999.00,128.82,-999.00,-999.00,-999.00,-999.00,-999.00,-999.00,-999.00,-999.00,-999.00,-999.00,-999.00,-999.00,-999.00,-999.00,-999.00,-999.00,-999.00,-999.00,-999.00,-999.00,-999,-999.00,-999,-999.00,-999.00,-999.00,2803,64.47,-999.00,-999.00,-999.00,-999.00,-999.00,-999.00,-999.00,-999.00,-999.00,-999.00,-999,-999.00,-999.00,-999.00,-999.00,-999.00,-999.00,-999.00
Rodentia,Muridae,Rattus,praetor,rattus praetor,-999.00,194.43,-999.00,195.70,-999.00,-999.00,-999.00,-999.00,-999.00,-999.00,-999.00,1.00,-999.00,-999.00,-999.00,4.37,-999.00,-999.00,-999.00,-999.00,-999.00,-999.00,-999.00,-999.00,8,1.00,-999,-999.00,-999.00,-999.00,977;1297;2655;2803,-999.00,-999.00,-999.00,-999.00,288915.89,0.04,-9.94,-4.95,160.83,129.27,145.05,2,8.04,2.00,0.15,215.06,248.31,1718.31,1756.50
Rodentia,Muridae,Rattus,pyctoris,rattus pyctoris,-999.00,-999.00,-999.00,-999.00,-999.00,-999.00,-999.00,-999.00,-999.00,-999.00,-999.00,-999.00,-999.00,-999.00,-999.00,4.23,-999.00,-999.00,-999.00,-999.00,-999.00,-999.00,-999.00,-999.00,-999,-999.00,-999,-999.00,-999.00,-999.00,1297,-999.00,-999.00,-999.00,-999.00,1801008.06,43.34,22.63,32.99,107.38,61.65,84.51,0,73.36,1.00,0.12,75.78,56.07,607.30,1049.84
Rodentia,Muridae,Rattus,ranjiniae,rattus ranjiniae,-999.00,-999.00,-999.00,-999.00,-999.00,-999.00,-999.00,-999.00,-999.00,-999.00,-999.00,-999.00,-999.00,-999.00,-999.00,-999.00,-999.00,-999.00,-999.00,-999.00,-999.00,-999.00,-999.00,-999.00,-999,-999.00,-999,-999.00,-999.00,-999.00,-999,-999.00,-999.00,-999.00,-999.00,3656.99,10.59,8.45,9.52,76.99,76.12,76.56,353,1493.21,353.00,0.05,194.28,268.66,1189.75,1650.21
Rodentia,Muridae,Rattus,rattus,rattus rattus,-999.00,142.68,-999.00,201.99,14.00,143.14,-999.00,-999.00,5.00,-999.00,23.45,2.00,2.31795e-03,1.999474e-03,31.25,5.88,3.75,50.40,4.53,42.42,2640.54,-999.00,115.29,-999.00,-999,2.00,2,28.00,37.01,-999.00,71;456;543;679;730;1297;1306;1577;1587;2088;2151;2363;2655;2723;2747;2792;2808;3054,-999.00,-999.00,-999.00,-999.00,-999.00,-999.00,-999.00,-999.00,-999.00,-999.00,-999.00,-999,-999.00,-999.00,-999.00,-999.00,-999.00,-999.00,-999.00
Rodentia,Muridae,Rattus,richardsoni,rattus richardsoni,-999.00,64.29,-999.00,124.81,-999.00,-999.00,-999.00,-999.00,3.00,-999.00,-999.00,-999.00,-999.00,-999.00,-999.00,2.15,-999.00,-999.00,-999.00,-999.00,-999.00,-999.00,-999.00,-999.00,-999,-999.00,2,-999.00,-999.00,-999.00,977;2152;2655;2803,-999.00,-999.00,-999.00,-999.00,4489.98,-3.99,-4.67,-4.33,138.93,136.91,137.92,2,4.28,2.00,0.15,164.57,195.54,1726.00,1726.72
Rodentia,Muridae,Rattus,salocco,rattus salocco,-999.00,-999.00,-999.00,-999.00,-999.00,-999.00,-999.00,-999.00,-999.00,-999.00,-999.00,-999.00,-999.00,-999.00,-999.00,-999.00,-999.00,-999.00,-999.00,-999.00,-999.00,-999.00,-999.00,-999.00,-999,-999.00,-999,-999.00,-999.00,-999.00,-999,-999.00,-999.00,-999.00,-999.00,-999.00,-999.00,-999.00,-999.00,-999.00,-999.00,-999.00,-999,-999.00,-999.00,-999.00,-999.00,-999.00,-999.00,-999.00
Rodentia,Muridae,Rattus,sanila,rattus sanila,-999.00,-999.00,-999.00,-999.00,-999.00,-999.00,-999.00,-999.00,-999.00,-999.00,-999.00,-999.00,-999.00,-999.00,-999.00,-999.00,-999.00,-999.00,-999.00,-999.00,-999.00,-999.00,-999.00,-999.00,-999,-999.00,-999,-999.00,-999.00,-999.00,-999,-999.00,-999.00,-999.00,-999.00,-999.00,-999.00,-999.00,-999.00,-999.00,-999.00,-999.00,-999,-999.00,-999.00,-999.00,-999.00,-999.00,-999.00,-999.00
Rodentia,Muridae,Rattus,satarae,rattus satarae,-999.00,-999.00,-999.00,-999.00,-999.00,-999.00,-999.00,-999.00,-999.00,-999.00,-999.00,-999.00,-999.00,-999.00,-999.00,-999.00,-999.00,-999.00,-999.00,-999.00,-999.00,-999.00,-999.00,-999.00,-999,-999.00,-999,-999.00,-999.00,-999.00,-999,-999.00,-999.00,-999.00,-999.00,-999.00,-999.00,-999.00,-999.00,-999.00,-999.00,-999.00,-999,-999.00,-999.00,-999.00,-999.00,-999.00,-999.00,-999.00
Rodentia,Muridae,Rattus,simalurensis,rattus simalurensis,-999.00,-999.00,-999.00,-999.00,-999.00,-999.00,-999.00,-999.00,-999.00,-999.00,-999.00,-999.00,-999.00,-999.00,-999.00,-999.00,-999.00,-999.00,-999.00,-999.00,-999.00,-999.00,-999.00,-999.00,-999,-999.00,-999,-999.00,-999.00,-999.00,-999,-999.00,-999.00,-999.00,-999.00,1843.55,2.92,2.05,2.49,96.68,95.69,96.18,38,38.00,38.00,0.05,-999.00,-999.00,-999.00,-999.00
Rodentia,Muridae,Rattus,sordidus,rattus sordidus,-999.00,157.50,-999.00,159.67,-999.00,77.00,106.59,187.00,-999.00,-999.00,21.89,-999.00,-999.00,-999.00,28.50,5.99,-999.00,-999.00,3.00,-999.00,-999.00,-999.00,51.28,-999.00,12,-999.00,-999,-999.00,-999.00,131.90,456;977;1009;1297;1575;1822;2655;2803,-999.00,4.00,-999.00,65.53,467956.71,-5.51,-27.73,-16.62,153.54,140.14,146.84,0,7.53,0.00,0.10,132.05,233.20,1059.60,1615.69
Rodentia,Muridae,Rattus,steini,rattus steini,-999.00,151.17,-999.00,171.01,-999.00,-999.00,-999.00,-999.00,4.00,-999.00,-999.00,-999.00,-999.00,-999.00,-999.00,3.65,-999.00,-999.00,-999.00,-999.00,-999.00,-999.00,-999.00,-999.00,7,-999.00,2,-999.00,-999.00,125.22,456;977;1297;1954;2655;2803,-999.00,-999.00,-999.00,57.40,238700.38,-3.21,-8.10,-5.66,147.86,135.30,141.58,1,9.68,2.00,0.13,275.17,210.96,1687.63,1711.45
Rodentia,Muridae,Rattus,stoicus,rattus stoicus,-999.00,-999.00,-999.00,-999.00,-999.00,-999.00,-999.00,-999.00,-999.00,-999.00,-999.00,-999.00,-999.00,-999.00,-999.00,-999.00,-999.00,-999.00,-999.00,-999.00,-999.00,-999.00,-999.00,-999.00,-999,-999.00,-999,-999.00,-999.00,-999.00,-999,-999.00,-999.00,-999.00,-999.00,2371.86,12.30,10.50,11.40,93.10,92.35,92.73,52,52.00,52.00,0.20,-999.00,-999.00,-999.00,-999.00
Rodentia,Muridae,Rattus,tanezumi,rattus tanezumi,-999.00,140.84,-999.00,-999.00,-999.00,-999.00,-999.00,-999.00,-999.00,-999.00,-999.00,-999.00,-999.00,-999.00,-999.00,-999.00,-999.00,-999.00,-999.00,-999.00,-999.00,-999.00,-999.00,-999.00,-999,-999.00,-999,-999.00,-999.00,-999.00,2655,-999.00,-999.00,-999.00,-999.00,-999.00,-999.00,-999.00,-999.00,-999.00,-999.00,-999.00,-999,-999.00,-999.00,-999.00,-999.00,-999.00,-999.00,-999.00
Rodentia,Muridae,Rattus,tawitawiensis,rattus tawitawiensis,-999.00,-999.00,-999.00,190.00,-999.00,-999.00,-999.00,-999.00,4.00,-999.00,-999.00,-999.00,-999.00,-999.00,-999.00,-999.00,-999.00,-999.00,-999.00,-999.00,-999.00,-999.00,-999.00,-999.00,-999,-999.00,2,-999.00,-999.00,-999.00,2152,197.97,-999.00,-999.00,-999.00,625.54,5.34,5.04,5.19,120.25,119.81,120.03,128,197.50,128.00,0.09,-999.00,-999.00,-999.00,-999.00
Rodentia,Muridae,Rattus,timorensis,rattus timorensis,-999.00,-999.00,-999.00,-999.00,-999.00,-999.00,-999.00,-999.00,-999.00,-999.00,-999.00,-999.00,-999.00,-999.00,-999.00,-999.00,-999.00,-999.00,-999.00,-999.00,-999.00,-999.00,-999.00,-999.00,-999,-999.00,-999,-999.00,-999.00,-999.00,-999,-999.00,-999.00,-999.00,-999.00,383.83,-9.45,-9.65,-9.55,124.32,124.12,124.22,57,67.99,57.00,0.07,89.49,234.00,-999.00,-999.00
Rodentia,Muridae,Rattus,tiomanicus,rattus tiomanicus,-999.00,119.29,-999.00,190.00,-999.00,-999.00,-999.00,-999.00,4.00,-999.00,21.99,1.00,-999.00,-999.00,-999.00,3.87,-999.00,-999.00,4.10,-999.00,4912.07,-999.00,-999.00,-999.00,-999,1.00,2,-999.00,-999.00,-999.00,456;679;730;1297;2152;2655,-999.00,-999.00,-999.00,-999.00,1516498.44,11.42,-8.96,1.23,119.71,95.18,107.45,1,150.22,4.00,0.14,237.71,248.63,1664.86,1740.31
Rodentia,Muridae,Rattus,tunneyi,rattus tunneyi,-999.00,169.29,-999.00,151.64,-999.00,56.00,-999.00,-999.00,-999.00,-999.00,22.29,-999.00,-999.00,-999.00,-999.00,5.34,-999.00,-999.00,-999.00,-999.00,-999.00,-999.00,158.16,-999.00,10,-999.00,-999,-999.00,-999.00,-999.00,456;1297;1575;2655;2803,-999.00,-999.00,-999.00,-999.00,689460.95,-11.11,-28.39,-19.75,153.54,115.54,134.54,0,5.50,0.00,0.06,79.94,241.57,870.41,1674.03
Rodentia,Muridae,Rattus,vandeuseni,rattus vandeuseni,-999.00,67.24,-999.00,135.21,-999.00,-999.00,-999.00,-999.00,3.00,-999.00,-999.00,1.00,-999.00,-999.00,-999.00,2.15,-999.00,-999.00,-999.00,-999.00,-999.00,-999.00,-999.00,-999.00,4,1.00,2,-999.00,-999.00,-999.00,661;977;2152;2655,-999.00,-999.00,-999.00,-999.00,170.49,-9.76,-9.89,-9.83,149.25,149.12,149.18,8,8.00,8.00,0.00,209.00,194.00,-999.00,-999.00
Rodentia,Muridae,Rattus,verecundus,rattus verecundus,3.00,97.02,-999.00,142.51,-999.00,-999.00,-999.00,-999.00,3.00,-999.00,23.72,2.00,1.058952e-03,1.5e-03,-999.00,2.15,-999.00,-999.00,-999.00,-999.00,-999.00,-999.00,-999.00,-999.00,6,1.00,2,19.50,-999.00,-999.00,606;661;977;1297;2152;2655;2803;3085,-999.00,-999.00,-999.00,-999.00,246219.16,-1.26,-10.70,-5.98,150.87,133.93,142.40,1,10.15,2.00,0.11,286.43,212.30,1673.74,1701.93
Rodentia,Muridae,Rattus,villosissimus,rattus villosissimus,-999.00,221.76,-999.00,186.64,-999.00,-999.00,145.84,250.60,-999.00,-999.00,-999.00,-999.00,-999.00,-999.00,-999.00,-999.00,-999.00,-999.00,-999.00,-999.00,2967.34,-999.00,-999.00,-999.00,12,-999.00,-999,-999.00,-999.00,-999.00,456;730;1822;2655;2803,-999.00,-999.00,-999.00,-999.00,1853722.51,-14.05,-28.66,-21.35,145.84,123.42,134.63,0,0.03,0.00,0.01,35.29,238.05,455.63,1542.79
Rodentia,Muridae,Rattus,xanthurus,rattus xanthurus,-999.00,-999.00,-999.00,-999.00,-999.00,-999.00,-999.00,-999.00,-999.00,-999.00,-999.00,-999.00,-999.00,-999.00,-999.00,-999.00,-999.00,-999.00,-999.00,-999.00,-999.00,-999.00,-999.00,-999.00,-999,-999.00,-999,-999.00,-999.00,-999.00,-999,-999.00,-999.00,-999.00,-999.00,33179.44,1.75,0.27,1.01,125.24,120.57,122.90,42,107.80,42.00,0.06,228.54,216.99,-999.00,-999.00
Rodentia,Sciuridae,Ratufa,affinis,ratufa affinis,-999.00,1155.82,-999.00,343.99,-999.00,-999.00,-999.00,-999.00,4.00,-999.00,-999.00,2.00,-999.00,-999.00,-999.00,-999.00,-999.00,-999.00,-999.00,-999.00,23.03,-999.00,-999.00,-999.00,6,2.00,2,-999.00,-999.00,-999.00,32;511;730;1971;2152;2655;2844,-999.00,-999.00,-999.00,-999.00,1344098.02,8.65,-5.94,1.35,119.26,95.18,107.22,1,72.22,4.00,0.15,242.13,248.84,1685.02,1744.76
Rodentia,Sciuridae,Ratufa,bicolor,ratufa bicolor,-999.00,1609.08,-999.00,319.47,-999.00,-999.00,-999.00,-999.00,4.00,-999.00,31.50,2.00,-999.00,-999.00,149.00,1.50,-999.00,121.00,77.00,-999.00,9.74,-999.00,-999.00,-999.00,-999,2.00,2,68.20,-999.00,-999.00,32;511;730;1297;1739;1971;2655;2844,-999.00,1.73,-999.00,-999.00,2430223.67,28.93,-8.78,10.07,114.60,87.59,101.09,1,163.32,7.00,0.09,170.15,219.57,1245.83,1515.19
Rodentia,Sciuridae,Ratufa,indica,ratufa indica,-999.00,1060.00,-999.00,-999.00,-999.00,-999.00,-999.00,-999.00,4.00,-999.00,83.64,2.00,-999.00,-999.00,-999.00,-999.00,-999.00,-999.00,-999.00,-999.00,-999.00,-999.00,-999.00,-999.00,-999,2.00,2,-999.00,-999.00,-999.00,511;1297;2655,-999.00,-999.00,-999.00,-999.00,388205.93,22.60,8.19,15.40,86.62,72.71,79.66,22,404.86,70.00,0.07,121.06,256.12,877.48,1574.83
Rodentia,Sciuridae,Ratufa,macroura,ratufa macroura,-999.00,1326.24,-999.00,-999.00,-999.00,-999.00,-999.00,-999.00,4.00,-999.00,28.00,2.00,-999.00,-999.00,-999.00,3.49,1.50,-999.00,-999.00,-999.00,-999.00,-999.00,742.46,-999.00,-999,2.00,2,62.99,-999.00,-999.00,511;1297;2655,-999.00,-999.00,-999.00,-999.00,117108.35,10.95,5.91,8.43,81.88,76.28,79.08,68,506.25,96.00,0.06,136.29,264.31,1299.81,1585.53
Artiodactyla,Bovidae,Redunca,arundinum,redunca arundinum,2.00,58059.24,-999.00,1505.00,-999.00,-999.00,-999.00,-999.00,2.00,-999.00,220.52,1.00,-999.00,-999.00,273.75,0.98,-999.00,201.00,4500.00,-999.00,0.65,-999.00,-999.00,1.75,4,1.00,1,-999.00,-999.00,-999.00,543;730;869;1297;1525;1848;2629;2655;2693;2986,-999.00,1.27,-999.00,-999.00,5149998.73,-2.09,-31.07,-16.58,40.84,11.12,25.98,0,24.54,1.00,0.17,86.11,218.56,899.47,1455.42
Artiodactyla,Bovidae,Redunca,fulvorufula,redunca fulvorufula,2.00,29352.66,-999.00,1230.00,-999.00,-999.00,-999.00,-999.00,1.00,-999.00,222.99,1.00,0.07,-999.00,352.83,-999.00,-999.00,147.96,2719.09,575.00,7.77,-999.00,326.81,4.75,4,1.00,1,82.12,8635.50,-999.00,543;730;869;1297;1525;1763;1848;2629;2655;2693;2986;3057,-999.00,1.12,-999.00,-999.00,1134766.50,9.55,-34.21,-12.32,39.72,10.75,25.24,0,60.83,2.00,0.13,66.93,194.07,898.09,1364.88
Artiodactyla,Bovidae,Redunca,redunca,redunca redunca,2.00,43288.95,-999.00,1150.00,-999.00,-999.00,-999.00,-999.00,1.00,-999.00,228.12,1.00,-999.00,-999.00,-999.00,1.00,-999.00,216.00,-999.00,-999.00,1.03,-999.00,-999.00,-999.00,4,1.00,1,-999.00,-999.00,-999.00,543;730;869;917;1297;1525;1848;2655;2693;2986;3057,-999.00,-999.00,-999.00,-999.00,6462304.59,16.27,-11.83,2.21,41.29,-17.40,11.94,0,45.47,1.00,0.12,91.58,247.37,937.91,1597.01
Rodentia,Cricetidae,Reithrodon,auritus,reithrodon auritus,2.00,79.73,-999.00,142.50,-999.00,-999.00,76.81,78.70,2.00,-999.00,-999.00,2.00,-999.00,-999.00,-999.00,3.40,-999.00,66.00,-999.00,-999.00,61.11,-999.00,68.97,-999.00,8,1.00,1,-999.00,-999.00,-999.00,424;543;730;890;1297;1473;1822;2216;2655,-999.00,-999.00,-999.00,-999.00,1534977.74,-24.91,-54.62,-39.77,-55.34,-72.91,-64.13,0,19.63,0.00,0.09,46.21,126.02,539.85,816.91
Rodentia,Cricetidae,Reithrodon,typicus,reithrodon typicus,-999.00,-999.00,-999.00,-999.00,-999.00,-999.00,-999.00,-999.00,-999.00,-999.00,-999.00,-999.00,-999.00,-999.00,-999.00,-999.00,-999.00,-999.00,-999.00,-999.00,-999.00,-999.00,-999.00,-999.00,-999,-999.00,-999,-999.00,-999.00,-999.00,-999,-999.00,-999.00,-999.00,-999.00,-999.00,-999.00,-999.00,-999.00,-999.00,-999.00,-999.00,-999,-999.00,-999.00,-999.00,-999.00,-999.00,-999.00,-999.00
Rodentia,Cricetidae,Reithrodontomys,brevirostris,reithrodontomys brevirostris,1.00,12.90,-999.00,72.28,-999.00,-999.00,-999.00,-999.00,-999.00,-999.00,-999.00,2.00,-999.00,-999.00,-999.00,3.40,-999.00,-999.00,-999.00,-999.00,-999.00,-999.00,-999.00,1.00,-999,2.00,-999,-999.00,-999.00,-999.00,905;1297;1643;2655,-999.00,-999.00,-999.00,-999.00,20739.72,13.14,9.72,11.43,-83.79,-86.03,-84.91,9,71.68,9.00,0.17,191.98,223.38,1297.81,1683.19
Rodentia,Cricetidae,Reithrodontomys,burti,reithrodontomys burti,1.00,20.00,-999.00,-999.00,-999.00,-999.00,-999.00,-999.00,-999.00,-999.00,-999.00,2.00,-999.00,-999.00,-999.00,-999.00,-999.00,-999.00,-999.00,-999.00,-999.00,-999.00,-999.00,1.00,-999,2.00,-999,-999.00,-999.00,-999.00,905;2655,-999.00,-999.00,-999.00,-999.00,90816.12,30.05,24.05,27.05,-106.99,-112.46,-109.73,1,31.82,1.00,0.12,26.17,225.82,586.57,1259.00
Rodentia,Cricetidae,Reithrodontomys,chrysopsis,reithrodontomys chrysopsis,1.00,19.00,-999.00,-999.00,-999.00,-999.00,-999.00,-999.00,-999.00,-999.00,-999.00,2.00,-999.00,-999.00,-999.00,3.40,-999.00,-999.00,-999.00,-999.00,380.91,-999.00,-999.00,1.00,-999,2.00,-999,-999.00,-999.00,-999.00,730;905;925;1297;2655,-999.00,-999.00,-999.00,-999.00,53949.66,20.20,18.84,19.52,-96.93,-103.85,-100.39,19,274.26,24.00,0.09,89.52,177.45,915.68,1378.08
Rodentia,Cricetidae,Reithrodontomys,creper,reithrodontomys creper,1.00,22.80,-999.00,89.73,-999.00,-999.00,-999.00,-999.00,-999.00,-999.00,-999.00,2.00,-999.00,-999.00,-999.00,2.21,-999.00,-999.00,-999.00,-999.00,-999.00,-999.00,-999.00,1.00,-999,2.00,-999,-999.00,-999.00,-999.00,905;1297;1379;2655,-999.00,-999.00,-999.00,-999.00,21120.56,10.29,8.35,9.32,-82.20,-84.73,-83.46,9,73.01,9.00,0.10,230.99,250.92,1368.53,1805.33
Rodentia,Cricetidae,Reithrodontomys,darienensis,reithrodontomys darienensis,1.00,12.99,-999.00,-999.00,-999.00,-999.00,-999.00,-999.00,-999.00,-999.00,-999.00,2.00,-999.00,-999.00,-999.00,3.88,-999.00,-999.00,-999.00,-999.00,-999.00,-999.00,-999.00,1.00,-999,2.00,-999,-999.00,-999.00,-999.00,905;1297;2655,-999.00,-999.00,-999.00,-999.00,48257.72,9.63,7.04,8.34,-76.93,-80.99,-78.96,2,29.30,3.00,0.10,188.64,252.68,1548.72,1673.62
Rodentia,Cricetidae,Reithrodontomys,fulvescens,reithrodontomys fulvescens,1.00,11.55,-999.00,66.99,10.50,-999.00,-999.00,-999.00,3.00,-999.00,-999.00,2.00,1.343843e-03,1.713903e-03,-999.00,3.76,-999.00,-999.00,1.11,-999.00,639.10,-999.00,-999.00,1.50,6,2.00,2,14.44,3.24,-999.00,533;730;905;1166;1206;1297;1595;1849;2655;2690;2926,-999.00,-999.00,-999.00,-999.00,2462274.78,37.62,11.08,24.35,-85.64,-113.71,-99.67,0,49.38,1.00,0.09,61.04,188.12,748.26,1287.47
Rodentia,Cricetidae,Reithrodontomys,gracilis,reithrodontomys gracilis,1.00,12.47,-999.00,72.79,-999.00,-999.00,-999.00,-999.00,-999.00,-999.00,-999.00,2.00,-999.00,-999.00,-999.00,3.11,-999.00,-999.00,-999.00,-999.00,-999.00,-999.00,-999.00,1.00,-999,2.00,-999,-999.00,-999.00,-999.00,905;1297;2655;3119,-999.00,-999.00,-999.00,-999.00,326863.25,21.60,9.94,15.77,-84.31,-93.93,-89.12,3,65.97,4.00,0.18,130.43,240.20,1266.68,1637.71
Rodentia,Cricetidae,Reithrodontomys,hirsutus,reithrodontomys hirsutus,1.00,20.00,-999.00,-999.00,-999.00,-999.00,-999.00,-999.00,-999.00,-999.00,-999.00,2.00,-999.00,-999.00,-999.00,3.88,-999.00,-999.00,-999.00,-999.00,-999.00,-999.00,-999.00,1.00,-999,2.00,-999,-999.00,-999.00,-999.00,905;1297;2655,-999.00,-999.00,-999.00,-999.00,8359.01,21.44,20.41,20.92,-103.94,-105.00,-104.47,9,46.77,9.00,0.07,77.67,188.85,808.33,1539.47
Rodentia,Cricetidae,Reithrodontomys,humulis,reithrodontomys humulis,1.00,8.25,-999.00,65.00,10.00,-999.00,-999.00,-999.00,3.00,-999.00,21.26,2.00,3.188291e-03,3.812379e-03,34.05,2.99,-999.00,26.89,1.07,-999.00,326.97,-999.00,44.65,1.00,-999,2.00,2,20.92,-999.00,-999.00,849;905;1297;1392;1563;1754;1756;2655;2704,-999.00,3.65,-999.00,-999.00,1299569.88,40.39,26.46,33.43,-75.71,-97.77,-86.74,1,58.11,6.00,0.06,99.07,171.18,972.61,1077.70
Rodentia,Cricetidae,Reithrodontomys,megalotis,reithrodontomys megalotis,1.00,10.72,-999.00,69.62,10.75,62.00,22.50,9.00,-999.00,-999.00,23.50,2.00,1.008937e-03,1.115263e-03,27.60,4.18,4.50,18.00,1.36,-999.00,1152.39,-999.00,87.50,1.00,6,2.00,-999,20.00,-999.00,-999.00,384;730;905;925;926;956;957;1215;1297;1822;1849;2439;2655;2888;2978;2980,-999.00,-999.00,-999.00,-999.00,5125874.07,50.61,15.95,33.28,-86.91,-124.56,-105.73,0,30.63,0.00,0.07,40.68,112.44,506.38,964.80
Rodentia,Cricetidae,Reithrodontomys,mexicanus,reithrodontomys mexicanus,1.00,15.71,-999.00,-999.00,-999.00,-999.00,-999.00,-999.00,-999.00,-999.00,-999.00,2.00,-999.00,-999.00,-999.00,2.91,-999.00,-999.00,-999.00,-999.00,-999.00,-999.00,-999.00,1.00,-999,2.00,-999,-999.00,-999.00,-999.00,905;1297;2655,-999.00,-999.00,-999.00,-999.00,603566.32,23.35,-2.73,10.30,-76.26,-103.62,-89.94,0,70.57,8.00,0.11,159.10,222.84,1200.85,1600.50
Rodentia,Cricetidae,Reithrodontomys,microdon,reithrodontomys microdon,1.00,20.00,-999.00,-999.00,-999.00,-999.00,-999.00,-999.00,-999.00,-999.00,-999.00,2.00,-999.00,-999.00,-999.00,-999.00,-999.00,-999.00,-999.00,-999.00,-999.00,-999.00,-999.00,1.00,-999,2.00,-999,-999.00,-999.00,-999.00,905;2655,-999.00,-999.00,-999.00,-999.00,138081.97,20.39,14.20,17.30,-89.87,-102.59,-96.23,12,180.60,17.50,0.09,92.17,195.49,1118.33,1510.11
Rodentia,Cricetidae,Reithrodontomys,montanus,reithrodontomys montanus,1.00,10.90,-999.00,-999.00,8.00,84.00,-999.00,-999.00,3.00,-999.00,21.00,2.00,2.290248e-03,2.459785e-03,-999.00,3.94,-999.00,-999.00,0.99,-999.00,300.58,-999.00,61.87,1.00,6,2.00,2,14.00,5.40,-999.00,905;1297;2655;3020,-999.00,-999.00,-999.00,-999.00,1850597.56,46.76,25.71,36.23,-93.78,-111.88,-102.83,0,14.91,0.00,0.07,42.59,135.06,590.85,1010.13
Rodentia,Cricetidae,Reithrodontomys,paradoxus,reithrodontomys paradoxus,1.00,-999.00,-999.00,71.38,-999.00,-999.00,-999.00,-999.00,-999.00,-999.00,-999.00,2.00,-999.00,-999.00,-999.00,-999.00,-999.00,-999.00,-999.00,-999.00,-999.00,-999.00,-999.00,1.00,-999,2.00,-999,-999.00,-999.00,-999.00,905;1643,11.72,-999.00,-999.00,-999.00,10040.15,11.99,9.81,10.90,-84.40,-86.30,-85.35,21,98.17,21.00,0.14,197.42,245.08,1274.78,1818.75
Rodentia,Cricetidae,Reithrodontomys,raviventris,reithrodontomys raviventris,1.00,10.95,-999.00,70.91,-999.00,-999.00,-999.00,-999.00,2.00,-999.00,22.50,2.00,1.664605e-03,1.561695e-03,-999.00,3.88,1.50,31.00,-999.00,-999.00,-999.00,-999.00,-999.00,1.00,-999,2.00,1,-999.00,-999.00,-999.00,235;905;956;957;1015;1297;1573;2598;2655,-999.00,-999.00,-999.00,-999.00,32.04,38.20,37.49,37.85,-122.03,-122.57,-122.30,176,540.10,176.00,0.03,46.75,131.25,338.99,1010.83
Rodentia,Cricetidae,Reithrodontomys,rodriguezi,reithrodontomys rodriguezi,1.00,-999.00,-999.00,-999.00,-999.00,-999.00,-999.00,-999.00,-999.00,-999.00,-999.00,2.00,-999.00,-999.00,-999.00,-999.00,-999.00,-999.00,-999.00,-999.00,-999.00,-999.00,-999.00,1.00,-999,2.00,-999,-999.00,-999.00,-999.00,905,-999.00,-999.00,-999.00,-999.00,3516.68,10.46,9.83,10.14,-83.58,-84.25,-83.91,58,196.05,58.00,0.17,238.21,218.22,1424.04,1755.00
Rodentia,Cricetidae,Reithrodontomys,spectabilis,reithrodontomys spectabilis,1.00,20.19,-999.00,87.83,-999.00,-999.00,-999.00,-999.00,-999.00,-999.00,-999.00,2.00,-999.00,-999.00,-999.00,-999.00,-999.00,-999.00,-999.00,-999.00,-999.00,-999.00,-999.00,1.00,-999,2.00,-999,-999.00,-999.00,-999.00,905;1642;2655,-999.00,-999.00,-999.00,-999.00,490.76,20.59,20.26,20.42,-86.73,-87.02,-86.87,7,67.63,7.00,0.35,123.00,256.00,1377.00,1471.00
Rodentia,Cricetidae,Reithrodontomys,sumichrasti,reithrodontomys sumichrasti,1.00,19.00,-999.00,-999.00,-999.00,-999.00,-999.00,-999.00,-999.00,-999.00,-999.00,2.00,-999.00,-999.00,-999.00,3.49,-999.00,-999.00,-999.00,-999.00,-999.00,-999.00,-999.00,1.00,-999,2.00,-999,-999.00,-999.00,-999.00,905;1297;2655,-999.00,-999.00,-999.00,-999.00,408113.58,21.63,8.34,14.98,-82.37,-104.60,-93.49,8,105.24,13.00,0.10,117.05,208.75,1095.11,1552.11
Rodentia,Cricetidae,Reithrodontomys,tenuirostris,reithrodontomys tenuirostris,1.00,20.00,-999.00,87.73,-999.00,-999.00,-999.00,-999.00,-999.00,-999.00,-999.00,2.00,-999.00,-999.00,-999.00,-999.00,-999.00,-999.00,-999.00,-999.00,-999.00,-999.00,-999.00,1.00,-999,2.00,-999,-999.00,-999.00,-999.00,105;905;2655,-999.00,-999.00,-999.00,-999.00,21302.10,16.00,14.32,15.16,-90.15,-92.33,-91.24,27,168.21,27.00,0.12,101.14,196.02,1378.91,1684.78
Rodentia,Cricetidae,Reithrodontomys,zacatecae,reithrodontomys zacatecae,1.00,-999.00,-999.00,-999.00,-999.00,-999.00,-999.00,-999.00,-999.00,-999.00,-999.00,2.00,-999.00,-999.00,-999.00,-999.00,-999.00,-999.00,-999.00,-999.00,-999.00,-999.00,-999.00,1.00,-999,2.00,-999,-999.00,-999.00,-999.00,905,-999.00,-999.00,-999.00,-999.00,212008.52,30.45,18.79,24.62,-101.17,-108.81,-104.99,2,34.73,2.00,0.10,51.24,149.77,707.02,1349.70
Rodentia,Muridae,Rhabdomys,dilectus,rhabdomys dilectus,-999.00,-999.00,-999.00,-999.00,-999.00,-999.00,-999.00,-999.00,-999.00,-999.00,-999.00,-999.00,-999.00,-999.00,-999.00,-999.00,-999.00,-999.00,-999.00,-999.00,-999.00,-999.00,-999.00,-999.00,-999,-999.00,-999,-999.00,-999.00,-999.00,-999,-999.00,-999.00,-999.00,-999.00,-999.00,-999.00,-999.00,-999.00,-999.00,-999.00,-999.00,-999,-999.00,-999.00,-999.00,-999.00,-999.00,-999.00,-999.00
Rodentia,Muridae,Rhabdomys,pumilio,rhabdomys pumilio,3.00,40.73,-999.00,108.81,-999.00,90.62,32.09,39.62,3.00,-999.00,25.44,-999.00,-999.00,-999.00,29.07,5.28,7.00,34.80,2.50,39.68,1827.85,-999.00,61.87,-999.00,-999,-999.00,2,14.00,8.43,-999.00,456;543;730;1244;1297;1399;1584;1822;2121;2258;2390;2442;2655;2815;2978;3054,-999.00,-999.00,-999.00,-999.00,-999.00,-999.00,-999.00,-999.00,-999.00,-999.00,-999.00,-999,-999.00,-999.00,-999.00,-999.00,-999.00,-999.00,-999.00
Rodentia,Muridae,Rhagamys,orthodon,rhagamys orthodon,-999.00,-999.00,-999.00,-999.00,-999.00,-999.00,-999.00,-999.00,-999.00,-999.00,-999.00,-999.00,-999.00,-999.00,-999.00,-999.00,-999.00,-999.00,-999.00,-999.00,-999.00,-999.00,-999.00,-999.00,-999,-999.00,-999,-999.00,-999.00,-999.00,-999,-999.00,-999.00,-999.00,-999.00,-999.00,-999.00,-999.00,-999.00,-999.00,-999.00,-999.00,-999,-999.00,-999.00,-999.00,-999.00,-999.00,-999.00,-999.00
Rodentia,Cricetidae,Rhagomys,longilingua,rhagomys longilingua,-999.00,-999.00,-999.00,-999.00,-999.00,-999.00,-999.00,-999.00,-999.00,-999.00,-999.00,-999.00,-999.00,-999.00,-999.00,-999.00,-999.00,-999.00,-999.00,-999.00,-999.00,-999.00,-999.00,-999.00,-999,-999.00,-999,-999.00,-999.00,-999.00,-999,-999.00,-999.00,-999.00,-999.00,-999.00,-999.00,-999.00,-999.00,-999.00,-999.00,-999.00,-999,-999.00,-999.00,-999.00,-999.00,-999.00,-999.00,-999.00
Rodentia,Cricetidae,Rhagomys,rufescens,rhagomys rufescens,-999.00,21.20,-999.00,-999.00,-999.00,-999.00,-999.00,-999.00,-999.00,-999.00,-999.00,1.00,-999.00,-999.00,-999.00,-999.00,-999.00,-999.00,-999.00,-999.00,-999.00,-999.00,-999.00,-999.00,-999,2.00,-999,-999.00,-999.00,-999.00,905;2655,-999.00,-999.00,-999.00,-999.00,32243.17,-21.82,-23.38,-22.60,-41.59,-44.95,-43.27,34,552.00,39.00,0.04,141.09,195.32,1220.17,1415.41
Rodentia,Sciuridae,Rheithrosciurus,macrotis,rheithrosciurus macrotis,-999.00,1353.27,-999.00,406.50,-999.00,-999.00,-999.00,-999.00,-999.00,-999.00,-999.00,1.00,-999.00,-999.00,-999.00,-999.00,-999.00,-999.00,-999.00,-999.00,-999.00,-999.00,-999.00,-999.00,-999,1.00,-999,-999.00,-999.00,-999.00,2152;2655,-999.00,-999.00,-999.00,-999.00,580501.10,6.26,-3.26,1.49,118.99,109.11,114.05,1,20.89,3.00,0.17,268.03,242.17,1677.18,1699.34
Rodentia,Cricetidae,Rheomys,mexicanus,rheomys mexicanus,-999.00,40.00,-999.00,-999.00,-999.00,-999.00,-999.00,-999.00,2.00,-999.00,-999.00,2.00,-999.00,-999.00,-999.00,-999.00,-999.00,-999.00,-999.00,-999.00,-999.00,-999.00,-999.00,-999.00,-999,1.00,3,-999.00,-999.00,-999.00,905;2151;2655,-999.00,-999.00,-999.00,-999.00,14942.63,16.88,16.11,16.49,-94.52,-96.76,-95.64,9,35.10,9.00,0.02,91.79,198.40,1028.63,1739.41
Rodentia,Cricetidae,Rheomys,raptor,rheomys raptor,-999.00,38.00,-999.00,-999.00,-999.00,-999.00,-999.00,-999.00,-999.00,-999.00,-999.00,2.00,-999.00,-999.00,-999.00,0.97,-999.00,-999.00,-999.00,-999.00,-999.00,-999.00,-999.00,-999.00,-999,1.00,-999,-999.00,-999.00,-999.00,1297;2151;2655,-999.00,-999.00,-999.00,-999.00,1835.20,8.93,7.72,8.32,-77.53,-80.21,-78.87,3,50.95,3.00,0.03,194.50,248.24,1527.51,1793.41
Rodentia,Cricetidae,Rheomys,thomasi,rheomys thomasi,-999.00,40.00,-999.00,-999.00,-999.00,-999.00,-999.00,-999.00,2.00,-999.00,-999.00,2.00,-999.00,-999.00,-999.00,0.97,-999.00,-999.00,-999.00,-999.00,-999.00,-999.00,-999.00,-999.00,-999,1.00,3,-999.00,-999.00,-999.00,905;1297;2151;2655,-999.00,-999.00,-999.00,-999.00,25340.02,17.45,13.55,15.50,-88.15,-93.25,-90.70,24,167.72,34.50,0.10,125.05,214.85,1271.90,1685.41
Rodentia,Cricetidae,Rheomys,underwoodi,rheomys underwoodi,-999.00,-999.00,-999.00,-999.00,-999.00,-999.00,-999.00,-999.00,1.00,-999.00,-999.00,2.00,-999.00,-999.00,-999.00,-999.00,-999.00,-999.00,-999.00,-999.00,-999.00,-999.00,-999.00,-999.00,-999,1.00,3,-999.00,-999.00,-999.00,2151,-999.00,-999.00,-999.00,-999.00,11619.42,10.55,8.88,9.71,-82.40,-84.27,-83.34,9,50.13,9.00,0.13,293.09,262.72,1435.81,1684.49
Perissodactyla,Rhinocerotidae,Rhinoceros,sondaicus,rhinoceros sondaicus,-999.00,1750000.00,-999.00,3099.99,-999.00,-999.00,-999.00,-999.00,2.00,-999.00,486.66,1.00,-999.00,-999.00,-999.00,1.00,-999.00,480.00,-999.00,-999.00,0.10,1.00,-999.00,-999.00,-999,1.00,1,509.21,-999.00,-999.00,511;543;730;899;997;2335;2655;3105,-999.00,-999.00,-999.00,-999.00,50679.79,12.37,-7.41,2.47,109.28,105.20,107.24,19,477.13,22.00,0.12,167.05,244.58,1230.73,1522.52
Perissodactyla,Rhinocerotidae,Rhinoceros,unicornis,rhinoceros unicornis,2.00,1843655.80,-999.00,3743.39,-999.00,2618.87,-999.00,-999.00,3.00,1300.53,478.99,2.00,4.23,5.99,909.45,1.41,-999.00,588.00,61326.59,1092.50,3.33,1.75,2069.22,1.00,-999,1.00,1,339.47,-999.00,2303.61,220;511;543;679;730;806;807;899;997;1297;1493;1594;1744;2335;2449;2655;3105;3136,-999.00,0.69,-999.00,95555.90,24776.82,28.79,25.99,27.39,93.72,80.49,87.10,80,281.67,113.00,0.13,171.98,235.99,1007.43,1242.82
Chiroptera,Rhinolophidae,Rhinolophus,acuminatus,rhinolophus acuminatus,-999.00,12.10,49.62,-999.00,-999.00,-999.00,-999.00,-999.00,1.00,-999.00,-999.00,1.00,-999.00,-999.00,-999.00,1.00,-999.00,-999.00,-999.00,-999.00,-999.00,-999.00,-999.00,-999.00,-999,2.00,3,-999.00,-999.00,-999.00,76;196;679;1439;1621;1658;2151;2655,-999.00,-999.00,-999.00,-999.00,486496.76,15.94,-8.96,3.49,123.56,97.05,110.31,3,300.57,9.00,0.10,195.82,251.74,1393.64,1727.89
Chiroptera,Rhinolophidae,Rhinolophus,adami,rhinolophus adami,-999.00,-999.00,48.99,-999.00,-999.00,-999.00,-999.00,-999.00,-999.00,-999.00,-999.00,1.00,-999.00,-999.00,-999.00,-999.00,-999.00,-999.00,-999.00,-999.00,-999.00,-999.00,-999.00,-999.00,-999,2.00,-999,-999.00,-999.00,-999.00,1658;2151,17.41,-999.00,-999.00,-999.00,1569.81,-3.77,-4.17,-3.97,14.68,14.24,14.46,2,11.24,2.00,0.04,129.50,240.49,1122.25,1450.50
Chiroptera,Rhinolophidae,Rhinolophus,affinis,rhinolophus affinis,-999.00,13.70,52.17,-999.00,-999.00,-999.00,-999.00,-999.00,1.00,-999.00,-999.00,1.00,-999.00,-999.00,-999.00,0.99,2.00,-999.00,-999.00,-999.00,-999.00,-999.00,-999.00,-999.00,-999,2.00,3,-999.00,-999.00,-999.00,196;679;1297;1621;1658;2151;2655;2719,-999.00,-999.00,-999.00,-999.00,5563218.26,33.18,-10.32,11.43,123.16,77.55,100.35,1,211.49,8.00,0.08,150.25,191.86,1133.43,1336.57
Chiroptera,Rhinolophidae,Rhinolophus,alcyone,rhinolophus alcyone,-999.00,18.62,51.50,-999.00,-999.00,-999.00,-999.00,-999.00,-999.00,-999.00,-999.00,1.00,-999.00,-999.00,-999.00,0.98,-999.00,-999.00,-999.00,-999.00,-999.00,-999.00,-999.00,-999.00,-999,2.00,-999,-999.00,-999.00,-999.00,1297;1658;2151;2622;2655,-999.00,-999.00,-999.00,-999.00,2901061.64,10.59,-5.06,2.76,31.93,-14.49,8.71,0,51.66,1.00,0.12,153.64,244.74,1361.21,1561.65
Chiroptera,Rhinolophidae,Rhinolophus,arcuatus,rhinolophus arcuatus,-999.00,8.98,45.74,-999.00,-999.00,-999.00,-999.00,-999.00,1.00,-999.00,-999.00,1.00,-999.00,-999.00,-999.00,-999.00,-999.00,-999.00,-999.00,-999.00,-999.00,-999.00,-999.00,-999.00,-999,2.00,3,-999.00,-999.00,-999.00,679;1439;1658;2151;2655,-999.00,-999.00,-999.00,-999.00,326282.65,18.65,-7.97,5.34,145.32,100.18,122.75,1,173.21,5.00,0.11,247.96,226.12,1556.30,1713.29
Chiroptera,Rhinolophidae,Rhinolophus,beddomei,rhinolophus beddomei,-999.00,-999.00,59.08,-999.00,-999.00,-999.00,-999.00,-999.00,-999.00,-999.00,-999.00,-999.00,-999.00,-999.00,-999.00,-999.00,-999.00,-999.00,-999.00,-999.00,-999.00,-999.00,-999.00,1.00,-999,-999.00,-999,-999.00,-999.00,-999.00,83;428,29.78,-999.00,-999.00,-999.00,285940.98,19.13,5.91,12.52,81.70,72.85,77.27,94,370.24,128.00,0.06,121.02,257.44,965.54,1617.70
Chiroptera,Rhinolophidae,Rhinolophus,blasii,rhinolophus blasii,-999.00,10.29,44.49,-999.00,-999.00,-999.00,-999.00,-999.00,1.00,-999.00,91.24,1.00,-999.00,-999.00,-999.00,-999.00,-999.00,-999.00,-999.00,-999.00,-999.00,-999.00,-999.00,-999.00,-999,2.00,3,-999.00,-999.00,-999.00,679;1257;1297;1658;2151;2622;2655,-999.00,-999.00,-999.00,-999.00,2904720.18,46.58,-28.08,9.24,74.66,-7.13,33.76,1,77.22,5.00,0.12,44.75,160.52,507.11,1244.55
Chiroptera,Rhinolophidae,Rhinolophus,bocharicus,rhinolophus bocharicus,-999.00,15.05,-999.00,-999.00,-999.00,-999.00,-999.00,-999.00,-999.00,-999.00,-999.00,-999.00,-999.00,-999.00,-999.00,-999.00,-999.00,-999.00,-999.00,-999.00,-999.00,-999.00,-999.00,-999.00,-999,-999.00,-999,-999.00,-999.00,-999.00,2622,-999.00,-999.00,-999.00,-999.00,149108.19,41.43,35.34,38.39,72.08,62.72,67.40,5,93.57,10.00,0.16,19.81,116.04,269.33,967.66
Chiroptera,Rhinolophidae,Rhinolophus,borneensis,rhinolophus borneensis,-999.00,-999.00,44.00,-999.00,-999.00,-999.00,-999.00,-999.00,1.00,-999.00,-999.00,1.00,-999.00,-999.00,-999.00,-999.00,-999.00,-999.00,-999.00,-999.00,-999.00,-999.00,-999.00,-999.00,-999,2.00,3,-999.00,-999.00,-999.00,679;1658;2151,12.80,-999.00,-999.00,-999.00,988154.55,22.38,-7.98,7.20,124.98,100.04,112.51,1,94.57,4.00,0.15,223.55,242.31,1500.77,1636.19
Chiroptera,Rhinolophidae,Rhinolophus,canuti,rhinolophus canuti,-999.00,-999.00,49.50,-999.00,-999.00,-999.00,-999.00,-999.00,1.00,-999.00,-999.00,1.00,-999.00,-999.00,-999.00,-999.00,-999.00,-999.00,-999.00,-999.00,-999.00,-999.00,-999.00,-999.00,-999,2.00,3,-999.00,-999.00,-999.00,679;1658;2151,17.94,-999.00,-999.00,-999.00,54571.58,-6.55,-9.26,-7.90,126.67,107.11,116.89,29,651.34,39.00,0.05,181.58,241.43,1333.53,1575.59
Chiroptera,Rhinolophidae,Rhinolophus,capensis,rhinolophus capensis,-999.00,12.87,49.50,-999.00,-999.00,197.70,-999.00,-999.00,-999.00,-999.00,107.97,1.00,-999.00,-999.00,-999.00,0.99,1.00,-999.00,-999.00,-999.00,-999.00,-999.00,396.23,-999.00,-999,2.00,-999,60.41,-999.00,-999.00,196;281;283;1297;1658;2151;2655;2900,-999.00,-999.00,-999.00,-999.00,213936.79,-28.03,-34.83,-31.43,28.86,16.45,22.66,0,46.67,1.00,0.09,29.75,159.55,445.36,1108.92
Chiroptera,Rhinolophidae,Rhinolophus,celebensis,rhinolophus celebensis,-999.00,-999.00,41.49,-999.00,-999.00,-999.00,-999.00,-999.00,1.00,-999.00,-999.00,1.00,-999.00,-999.00,-999.00,-999.00,-999.00,-999.00,-999.00,-999.00,-999.00,-999.00,-999.00,-999.00,-999,2.00,3,-999.00,-999.00,-999.00,679;1658;2151,10.82,-999.00,-999.00,-999.00,304227.10,4.54,-8.84,-2.14,126.92,105.20,116.06,17,374.65,19.00,0.06,215.32,228.05,1570.66,1762.30
Chiroptera,Rhinolophidae,Rhinolophus,clivosus,rhinolophus clivosus,-999.00,-999.00,-999.00,-999.00,-999.00,-999.00,-999.00,-999.00,-999.00,-999.00,-999.00,-999.00,-999.00,-999.00,-999.00,-999.00,-999.00,-999.00,-999.00,-999.00,-999.00,-999.00,-999.00,-999.00,-999,-999.00,-999,-999.00,-999.00,-999.00,-999,-999.00,-999.00,-999.00,-999.00,15704451.72,37.34,-34.83,1.25,51.41,-4.17,23.62,0,32.02,0.00,0.13,54.43,218.35,616.52,1425.10
Chiroptera,Rhinolophidae,Rhinolophus,coelophyllus,rhinolophus coelophyllus,-999.00,7.07,43.00,-999.00,-999.00,-999.00,-999.00,-999.00,1.00,-999.00,-999.00,1.00,-999.00,-999.00,-999.00,-999.00,-999.00,-999.00,-999.00,-999.00,-999.00,-999.00,-999.00,-999.00,-999,2.00,3,-999.00,-999.00,-999.00,196;679;1658;2151;2622;2655,-999.00,-999.00,-999.00,-999.00,833679.42,22.63,3.40,13.01,105.61,95.77,100.69,3,103.10,9.00,0.07,162.03,244.96,1183.34,1623.94
Chiroptera,Rhinolophidae,Rhinolophus,cognatus,rhinolophus cognatus,-999.00,-999.00,39.50,-999.00,-999.00,-999.00,-999.00,-999.00,1.00,-999.00,-999.00,1.00,-999.00,-999.00,-999.00,-999.00,-999.00,-999.00,-999.00,-999.00,-999.00,-999.00,-999.00,-999.00,-999,2.00,3,-999.00,-999.00,-999.00,679;1658;2151,9.40,-999.00,-999.00,-999.00,4533.32,13.57,11.47,12.52,94.30,92.52,93.41,41,50.77,41.00,0.21,215.00,268.00,-999.00,-999.00
Chiroptera,Rhinolophidae,Rhinolophus,convexus,rhinolophus convexus,-999.00,-999.00,-999.00,-999.00,-999.00,-999.00,-999.00,-999.00,-999.00,-999.00,-999.00,-999.00,-999.00,-999.00,-999.00,-999.00,-999.00,-999.00,-999.00,-999.00,-999.00,-999.00,-999.00,-999.00,-999,-999.00,-999,-999.00,-999.00,-999.00,-999,-999.00,-999.00,-999.00,-999.00,15474.94,20.16,3.75,11.95,102.69,100.94,101.82,12,49.28,12.00,0.11,159.36,225.80,1338.79,1570.07
Chiroptera,Rhinolophidae,Rhinolophus,cornutus,rhinolophus cornutus,-999.00,7.27,40.50,-999.00,14.00,-999.00,-999.00,-999.00,1.00,-999.00,-999.00,1.00,-999.00,-999.00,-999.00,1.00,-999.00,-999.00,2.57,-999.00,-999.00,-999.00,-999.00,-999.00,-999,2.00,3,41.85,6.41,-999.00,185;196;679;1297;1658;1705;2151;2655;3108,-999.00,-999.00,-999.00,-999.00,365187.97,45.52,24.24,34.88,145.82,123.66,134.74,56,314.89,73.00,0.01,132.24,90.59,743.50,799.35
Chiroptera,Rhinolophidae,Rhinolophus,creaghi,rhinolophus creaghi,-999.00,-999.00,48.50,-999.00,-999.00,-999.00,-999.00,-999.00,1.00,-999.00,-999.00,1.00,-999.00,-999.00,-999.00,-999.00,-999.00,-999.00,-999.00,-999.00,-999.00,-999.00,-999.00,-999.00,-999,2.00,3,-999.00,-999.00,-999.00,679;1658;2151,16.92,-999.00,-999.00,-999.00,134974.23,6.21,-7.24,-0.51,119.26,110.36,114.81,1,97.24,3.00,0.18,273.12,245.12,1689.00,1737.91
Chiroptera,Rhinolophidae,Rhinolophus,darlingi,rhinolophus darlingi,-999.00,8.94,47.50,-999.00,-999.00,-999.00,-999.00,-999.00,-999.00,-999.00,-999.00,1.00,-999.00,-999.00,-999.00,1.96,-999.00,-999.00,-999.00,-999.00,-999.00,-999.00,-999.00,-999.00,-999,2.00,-999,-999.00,-999.00,-999.00,44;1297;1658;2143;2151;2622;2655;2900,-999.00,-999.00,-999.00,-999.00,6947234.73,10.84,-34.08,-11.62,40.84,7.23,24.03,0,24.20,0.00,0.16,67.52,209.29,750.88,1421.61
Chiroptera,Rhinolophidae,Rhinolophus,deckenii,rhinolophus deckenii,-999.00,-999.00,51.50,-999.00,-999.00,-999.00,-999.00,-999.00,-999.00,-999.00,-999.00,1.00,-999.00,-999.00,-999.00,-999.00,-999.00,-999.00,-999.00,-999.00,-999.00,-999.00,-999.00,-999.00,-999,2.00,-999,-999.00,-999.00,-999.00,1658;2151,20.09,-999.00,-999.00,-999.00,184645.35,-3.21,-9.90,-6.56,39.95,36.10,38.03,2,85.59,2.00,0.15,81.00,245.59,1001.49,1602.20
Chiroptera,Rhinolophidae,Rhinolophus,denti,rhinolophus denti,-999.00,6.30,40.00,-999.00,-999.00,-999.00,-999.00,-999.00,-999.00,-999.00,-999.00,1.00,-999.00,-999.00,-999.00,-999.00,-999.00,-999.00,-999.00,-999.00,-999.00,-999.00,-999.00,-999.00,-999,2.00,-999,-999.00,-999.00,-999.00,1658;2151;2622;2655,-999.00,-999.00,-999.00,-999.00,1723915.59,11.51,-30.47,-9.47,33.91,-12.91,10.50,0,10.71,0.00,0.11,53.11,212.22,570.34,1407.44
Chiroptera,Rhinolophidae,Rhinolophus,eloquens,rhinolophus eloquens,-999.00,19.15,57.00,-999.00,-999.00,-999.00,-999.00,-999.00,1.00,-999.00,-999.00,1.00,-999.00,-999.00,-999.00,-999.00,-999.00,-999.00,-999.00,-999.00,-999.00,-999.00,-999.00,-999.00,-999,2.00,3,-999.00,-999.00,-999.00,196;1658;2151;2655;2719,-999.00,-999.00,-999.00,-999.00,560935.75,6.38,-6.47,-0.04,43.60,28.75,36.18,1,91.85,4.00,0.11,85.48,224.68,1124.83,1579.27
Chiroptera,Rhinolophidae,Rhinolophus,euryale,rhinolophus euryale,-999.00,9.25,47.50,-999.00,-999.00,821.25,-999.00,-999.00,-999.00,-999.00,92.54,1.00,-999.00,-999.00,-999.00,1.00,1.00,-999.00,3.89,-999.00,-999.00,-999.00,845.83,-999.00,-999,2.00,-999,105.72,-999.00,-999.00,1297;1658;2143;2151;2352;2622;2655,-999.00,-999.00,-999.00,-999.00,2321112.24,47.59,27.20,37.39,61.00,-9.40,25.79,2,111.76,11.00,0.02,57.64,109.11,493.24,886.49
Chiroptera,Rhinolophidae,Rhinolophus,euryotis,rhinolophus euryotis,-999.00,14.30,56.00,-999.00,-999.00,-999.00,-999.00,-999.00,1.00,-999.00,-999.00,1.00,-999.00,-999.00,-999.00,-999.00,-999.00,-999.00,-999.00,-999.00,-999.00,-999.00,-999.00,-999.00,-999,2.00,3,-999.00,-999.00,-999.00,76;679;1658;2151;2622;2655,-999.00,-999.00,-999.00,-999.00,440225.16,2.22,-10.43,-4.10,152.97,118.75,135.86,1,48.95,2.00,0.09,260.02,223.08,1704.78,1755.65
Chiroptera,Rhinolophidae,Rhinolophus,ferrumequinum,rhinolophus ferrumequinum,-999.00,22.59,63.68,-999.00,-999.00,1277.50,-999.00,-999.00,1.00,-999.00,91.24,1.00,-999.00,-999.00,-999.00,0.98,1.00,360.00,5.64,-999.00,-999.00,-999.00,827.69,-999.00,-999,2.00,3,45.87,-999.00,-999.00,196;543;679;1272;1297;1375;1377;1406;1526;1658;1668;1689;1704;1705;1771;1904;2143;2151;2295;2352;2376;2377;2470;2622;2655;2712;3002,-999.00,-999.00,-999.00,-999.00,6797743.37,53.47,23.49,38.48,142.07,-9.49,66.28,0,161.37,6.00,0.07,59.90,108.69,510.66,954.79
Chiroptera,Rhinolophidae,Rhinolophus,formosae,rhinolophus formosae,-999.00,-999.00,-999.00,-999.00,-999.00,-999.00,-999.00,-999.00,-999.00,-999.00,-999.00,-999.00,-999.00,-999.00,-999.00,-999.00,-999.00,-999.00,-999.00,-999.00,-999.00,-999.00,-999.00,-999.00,-999,-999.00,-999,-999.00,-999.00,-999.00,-999,-999.00,-999.00,-999.00,-999.00,24880.25,25.19,21.96,23.58,121.58,120.14,120.86,70,737.05,70.00,0.03,160.08,164.56,-999.00,-999.00
Chiroptera,Rhinolophidae,Rhinolophus,fumigatus,rhinolophus fumigatus,-999.00,13.09,53.50,-999.00,-999.00,-999.00,-999.00,-999.00,1.00,-999.00,92.54,1.00,-999.00,-999.00,-999.00,0.99,1.00,-999.00,-999.00,-999.00,-999.00,-999.00,-999.00,-999.00,-999,2.00,3,60.41,-999.00,-999.00,44;1257;1297;1658;2143;2151;2622;2655;2900,-999.00,-999.00,-999.00,-999.00,11664438.10,18.63,-29.70,-5.53,44.06,-16.81,13.62,0,32.82,1.00,0.13,86.95,235.97,883.56,1537.53
Chiroptera,Rhinolophidae,Rhinolophus,guineensis,rhinolophus guineensis,-999.00,-999.00,46.50,-999.00,-999.00,-999.00,-999.00,-999.00,-999.00,-999.00,-999.00,1.00,-999.00,-999.00,-999.00,-999.00,-999.00,-999.00,-999.00,-999.00,-999.00,-999.00,-999.00,-999.00,-999,2.00,-999,-999.00,-999.00,-999.00,1658;2151,15.00,-999.00,-999.00,-999.00,116184.31,12.70,7.16,9.93,-8.30,-15.80,-12.05,3,31.00,8.00,0.07,187.10,253.96,1052.60,1481.43
Chiroptera,Rhinolophidae,Rhinolophus,hildebrandtii,rhinolophus hildebrandtii,-999.00,25.99,64.35,-999.00,-999.00,-999.00,-999.00,-999.00,1.00,-999.00,92.54,1.00,-999.00,-999.00,-999.00,0.99,1.00,-999.00,-999.00,-999.00,-999.00,506.00,-999.00,-999.00,-999,2.00,3,-999.00,-999.00,-999.00,44;196;1257;1297;1658;1784;1863;2143;2151;2235;2622;2655;2719;2900,-999.00,-999.00,-999.00,-999.00,4302227.38,7.22,-25.92,-9.34,42.95,24.04,33.49,0,40.66,2.00,0.15,76.19,222.01,889.15,1504.27
Chiroptera,Rhinolophidae,Rhinolophus,hilli,rhinolophus hilli,-999.00,13.60,53.08,60.86,-999.00,-999.00,-999.00,-999.00,-999.00,-999.00,-999.00,-999.00,-999.00,-999.00,-999.00,-999.00,-999.00,-999.00,-999.00,18.77,-999.00,-999.00,-999.00,-999.00,-999,-999.00,-999,-999.00,-999.00,-999.00,23;2642,-999.00,-999.00,0.62,-999.00,5351.09,-2.04,-2.72,-2.38,29.86,28.87,29.36,139,239.32,139.00,-0.05,106.50,178.16,1250.00,1513.49
Chiroptera,Rhinolophidae,Rhinolophus,hillorum,rhinolophus hillorum,-999.00,-999.00,-999.00,-999.00,-999.00,-999.00,-999.00,-999.00,-999.00,-999.00,-999.00,-999.00,-999.00,-999.00,-999.00,-999.00,-999.00,-999.00,-999.00,-999.00,-999.00,-999.00,-999.00,-999.00,-999,-999.00,-999,-999.00,-999.00,-999.00,-999,-999.00,-999.00,-999.00,-999.00,202441.40,8.56,4.85,6.71,13.49,-9.88,1.80,5,53.43,6.00,0.11,145.65,244.07,1135.29,1513.67
Chiroptera,Rhinolophidae,Rhinolophus,hipposideros,rhinolophus hipposideros,-999.00,4.57,37.49,38.99,-999.00,501.87,-999.00,-999.00,1.00,-999.00,75.51,1.00,-999.00,-999.00,-999.00,1.00,1.00,252.00,2.10,-999.00,-999.00,13.00,447.26,-999.00,-999,2.00,3,33.20,-999.00,-999.00,83;196;543;679;892;1036;1037;1265;1297;1375;1384;1656;1658;1705;2143;2151;2295;2352;2470;2622;2634;2655;2719;3023;3110,-999.00,-999.00,-999.00,-999.00,4202573.83,53.21,10.16,31.68,79.43,-10.47,34.47,0,107.18,10.00,0.04,51.75,96.32,466.96,859.98
Chiroptera,Rhinolophidae,Rhinolophus,imaizumii,rhinolophus imaizumii,-999.00,-999.00,41.49,-999.00,-999.00,-999.00,-999.00,-999.00,1.00,-999.00,-999.00,1.00,-999.00,-999.00,-999.00,-999.00,-999.00,-999.00,-999.00,-999.00,-999.00,-999.00,-999.00,-999.00,-999,2.00,3,-999.00,-999.00,-999.00,679;1658;2151,10.82,-999.00,-999.00,-999.00,523.44,24.60,24.24,24.42,124.34,123.66,124.00,365,365.00,365.00,0.04,-999.00,-999.00,-999.00,-999.00
Chiroptera,Rhinolophidae,Rhinolophus,inops,rhinolophus inops,-999.00,13.65,53.50,-999.00,-999.00,-999.00,-999.00,-999.00,1.00,-999.00,-999.00,1.00,-999.00,-999.00,-999.00,-999.00,-999.00,-999.00,-999.00,-999.00,-999.00,-999.00,-999.00,-999.00,-999,2.00,3,-999.00,-999.00,-999.00,679;1439;1658;2151;2655,-999.00,-999.00,-999.00,-999.00,119027.88,17.10,5.55,11.32,126.60,120.86,123.73,33,184.68,49.00,0.10,179.22,241.55,1515.64,1726.70
Chiroptera,Rhinolophidae,Rhinolophus,keyensis,rhinolophus keyensis,-999.00,6.26,43.74,-999.00,-999.00,-999.00,-999.00,-999.00,-999.00,-999.00,-999.00,1.00,-999.00,-999.00,-999.00,1.00,-999.00,-999.00,-999.00,-999.00,-999.00,-999.00,-999.00,-999.00,-999,2.00,-999,-999.00,-999.00,-999.00,76;1621;1658;2151;2655,-999.00,-999.00,-999.00,-999.00,70406.34,2.60,-10.37,-3.88,132.74,104.31,118.53,5,87.80,5.00,0.07,212.21,243.55,-999.00,-999.00
Chiroptera,Rhinolophidae,Rhinolophus,landeri,rhinolophus landeri,-999.00,9.39,41.99,-999.00,-999.00,-999.00,-999.00,-999.00,1.00,-999.00,119.61,1.00,-999.00,-999.00,-999.00,0.99,-999.00,-999.00,-999.00,-999.00,-999.00,-999.00,-999.00,-999.00,-999,2.00,3,60.41,-999.00,-999.00,44;196;1297;1658;1988;2143;2151;2655;2719;2900,-999.00,-999.00,-999.00,-999.00,12933273.28,17.87,-30.41,-6.27,43.22,-16.82,13.20,0,38.56,1.00,0.14,105.04,239.50,1025.12,1544.59
Chiroptera,Rhinolophidae,Rhinolophus,lepidus,rhinolophus lepidus,-999.00,5.46,40.00,-999.00,-999.00,-999.00,-999.00,-999.00,1.00,-999.00,-999.00,1.00,-999.00,-999.00,-999.00,1.00,-999.00,-999.00,-999.00,-999.00,-999.00,-999.00,-999.00,-999.00,-999,2.00,3,-999.00,-999.00,-999.00,196;679;1297;1658;2151;2655;2719,-999.00,-999.00,-999.00,-999.00,3486146.34,36.63,-0.44,18.09,102.93,64.84,83.88,1,284.24,14.00,0.10,104.90,216.10,826.49,1384.63
Chiroptera,Rhinolophidae,Rhinolophus,luctus,rhinolophus luctus,-999.00,34.07,67.50,-999.00,-999.00,-999.00,-999.00,-999.00,1.00,-999.00,-999.00,1.00,-999.00,-999.00,-999.00,0.99,-999.00,-999.00,-999.00,-999.00,-999.00,-999.00,-999.00,-999.00,-999,2.00,3,-999.00,-999.00,-999.00,196;679;1297;1658;2151;2655;2719,-999.00,-999.00,-999.00,-999.00,6885843.77,32.03,-8.84,11.59,120.11,73.63,96.87,1,236.75,8.00,0.09,149.00,215.07,1092.37,1422.49
Chiroptera,Rhinolophidae,Rhinolophus,maclaudi,rhinolophus maclaudi,-999.00,-999.00,63.03,-999.00,-999.00,-999.00,-999.00,-999.00,-999.00,-999.00,-999.00,1.00,-999.00,-999.00,-999.00,0.98,-999.00,-999.00,-999.00,-999.00,-999.00,-999.00,-999.00,-999.00,-999,2.00,-999,-999.00,-999.00,-999.00,1297;1658;2151;2642;2655,35.84,-999.00,-999.00,-999.00,123994.44,10.25,6.54,8.40,10.07,-13.65,-1.79,3,66.40,18.00,0.07,182.55,257.93,1035.41,1557.86
Chiroptera,Rhinolophidae,Rhinolophus,macrotis,rhinolophus macrotis,-999.00,6.18,41.99,-999.00,-999.00,-999.00,-999.00,-999.00,1.00,-999.00,-999.00,1.00,-999.00,-999.00,-999.00,0.98,-999.00,-999.00,-999.00,-999.00,-999.00,-999.00,-999.00,-999.00,-999,2.00,3,-999.00,-999.00,-999.00,76;196;679;1297;1439;1658;2151;2655,-999.00,-999.00,-999.00,-999.00,1278790.80,34.77,7.80,21.28,125.20,72.85,99.02,0,172.03,4.00,0.08,131.15,129.96,987.58,1137.55
Chiroptera,Rhinolophidae,Rhinolophus,madurensis,rhinolophus madurensis,-999.00,-999.00,-999.00,-999.00,-999.00,-999.00,-999.00,-999.00,-999.00,-999.00,-999.00,-999.00,-999.00,-999.00,-999.00,-999.00,-999.00,-999.00,-999.00,-999.00,-999.00,-999.00,-999.00,-999.00,-999,-999.00,-999,-999.00,-999.00,-999.00,-999,-999.00,-999.00,-999.00,-999.00,4960.23,-6.82,-7.24,-7.03,115.57,112.67,114.12,460,635.94,460.00,0.02,110.00,269.00,1182.00,1492.00
Chiroptera,Rhinolophidae,Rhinolophus,maendeleo,rhinolophus maendeleo,-999.00,-999.00,-999.00,-999.00,-999.00,-999.00,-999.00,-999.00,-999.00,-999.00,-999.00,-999.00,-999.00,-999.00,-999.00,-999.00,-999.00,-999.00,-999.00,-999.00,-999.00,-999.00,-999.00,-999.00,-999,-999.00,-999,-999.00,-999.00,-999.00,-999,-999.00,-999.00,-999.00,-999.00,32.56,-5.05,-5.11,-5.08,39.05,38.99,39.02,54,299.00,54.00,0.12,158.00,258.00,1220.00,1487.00
Chiroptera,Rhinolophidae,Rhinolophus,malayanus,rhinolophus malayanus,-999.00,6.73,41.49,-999.00,-999.00,-999.00,-999.00,-999.00,1.00,-999.00,-999.00,1.00,-999.00,-999.00,-999.00,-999.00,-999.00,-999.00,-999.00,-999.00,-999.00,-999.00,-999.00,-999.00,-999,2.00,3,-999.00,-999.00,-999.00,196;679;1658;2151;2465;2655,-999.00,-999.00,-999.00,-999.00,974834.21,22.25,1.26,11.75,107.06,97.36,102.21,3,132.00,10.00,0.09,155.86,238.68,1187.06,1555.76
Chiroptera,Rhinolophidae,Rhinolophus,marshalli,rhinolophus marshalli,-999.00,5.02,45.50,-999.00,-999.00,-999.00,-999.00,-999.00,1.00,-999.00,-999.00,1.00,-999.00,-999.00,-999.00,-999.00,-999.00,-999.00,-999.00,-999.00,-999.00,-999.00,-999.00,-999.00,-999,2.00,3,-999.00,-999.00,-999.00,679;1658;2151;2622;2655,-999.00,-999.00,-999.00,-999.00,704109.29,22.43,5.08,13.75,108.05,98.30,103.17,2,79.96,8.00,0.10,144.33,236.27,1128.26,1506.45
Chiroptera,Rhinolophidae,Rhinolophus,megaphyllus,rhinolophus megaphyllus,-999.00,10.17,47.21,-999.00,-999.00,-999.00,-999.00,-999.00,1.00,-999.00,125.14,1.00,-999.00,-999.00,-999.00,1.00,1.00,-999.00,-999.00,25.02,-999.00,-999.00,-999.00,-999.00,-999,2.00,3,57.22,-999.00,-999.00,196;679;862;1297;1388;1658;1686;2143;2151;2622;2655;2719;3115,-999.00,-999.00,1.29,-999.00,700183.75,-2.55,-37.84,-20.20,153.63,140.73,147.18,0,16.42,0.00,0.10,134.82,196.67,981.29,1450.91
Chiroptera,Rhinolophidae,Rhinolophus,mehelyi,rhinolophus mehelyi,-999.00,14.03,48.50,-999.00,-999.00,-999.00,-999.00,-999.00,1.00,-999.00,-999.00,1.00,-999.00,-999.00,-999.00,-999.00,-999.00,-999.00,-999.00,-999.00,-999.00,-999.00,-999.00,-999.00,-999,2.00,3,-999.00,-999.00,-999.00,196;679;1658;2143;2151;2622;2655,-999.00,-999.00,-999.00,-999.00,2078525.97,47.89,28.21,38.05,52.72,-9.49,21.61,1,133.41,10.00,0.04,47.24,123.70,451.06,961.77
Chiroptera,Rhinolophidae,Rhinolophus,mitratus,rhinolophus mitratus,-999.00,-999.00,57.50,-999.00,-999.00,-999.00,-999.00,-999.00,-999.00,-999.00,-999.00,1.00,-999.00,-999.00,-999.00,-999.00,-999.00,-999.00,-999.00,-999.00,-999.00,-999.00,-999.00,-999.00,-999,2.00,-999,-999.00,-999.00,-999.00,1658;2151,27.55,-999.00,-999.00,-999.00,95.38,22.56,22.46,22.51,85.88,85.77,85.83,187,216.94,187.00,0.07,111.00,245.49,924.54,1340.00
Chiroptera,Rhinolophidae,Rhinolophus,monoceros,rhinolophus monoceros,-999.00,-999.00,36.50,-999.00,-999.00,-999.00,-999.00,-999.00,1.00,-999.00,-999.00,1.00,-999.00,-999.00,-999.00,-999.00,-999.00,-999.00,-999.00,-999.00,-999.00,-999.00,-999.00,-999.00,-999,2.00,3,-999.00,-999.00,-999.00,679;1658;2151,7.49,-999.00,-999.00,-999.00,22395.60,25.19,21.99,23.59,121.74,120.44,121.09,70,698.42,70.00,0.03,160.50,165.80,-999.00,-999.00
Chiroptera,Rhinolophidae,Rhinolophus,montanus,rhinolophus montanus,-999.00,-999.00,-999.00,-999.00,-999.00,-999.00,-999.00,-999.00,-999.00,-999.00,-999.00,-999.00,-999.00,-999.00,-999.00,-999.00,-999.00,-999.00,-999.00,-999.00,-999.00,-999.00,-999.00,-999.00,-999,-999.00,-999,-999.00,-999.00,-999.00,-999,-999.00,-999.00,-999.00,-999.00,17.24,-8.76,-8.80,-8.78,125.40,125.36,125.38,84,84.00,84.00,0.18,155.00,247.00,-999.00,-999.00
Chiroptera,Rhinolophidae,Rhinolophus,nereis,rhinolophus nereis,-999.00,-999.00,45.00,-999.00,-999.00,-999.00,-999.00,-999.00,1.00,-999.00,-999.00,1.00,-999.00,-999.00,-999.00,-999.00,-999.00,-999.00,-999.00,-999.00,-999.00,-999.00,-999.00,-999.00,-999,2.00,3,-999.00,-999.00,-999.00,679;1658;2151,13.65,-999.00,-999.00,-999.00,1549.63,4.23,3.07,3.65,108.40,106.19,107.30,53,53.00,53.00,0.10,261.00,268.00,-999.00,-999.00
Chiroptera,Rhinolophidae,Rhinolophus,osgoodi,rhinolophus osgoodi,-999.00,-999.00,43.50,-999.00,-999.00,-999.00,-999.00,-999.00,-999.00,-999.00,-999.00,1.00,-999.00,-999.00,-999.00,-999.00,-999.00,-999.00,-999.00,-999.00,-999.00,-999.00,-999.00,-999.00,-999,2.00,-999,-999.00,-999.00,-999.00,1658;2151,12.39,-999.00,-999.00,-999.00,1032184.17,31.40,23.88,27.64,119.29,99.71,109.50,9,223.68,66.00,0.06,117.52,145.58,987.38,1057.69
Chiroptera,Rhinolophidae,Rhinolophus,paradoxolophus,rhinolophus paradoxolophus,-999.00,8.17,54.00,-999.00,-999.00,-999.00,-999.00,-999.00,1.00,-999.00,-999.00,1.00,-999.00,-999.00,-999.00,-999.00,-999.00,-999.00,-999.00,-999.00,-999.00,-999.00,-999.00,-999.00,-999,2.00,3,-999.00,-999.00,-999.00,196;679;1658;2151;2622;2655,-999.00,-999.00,-999.00,-999.00,267165.44,22.69,15.53,19.11,105.77,98.84,102.31,5,95.21,12.00,0.10,125.40,214.98,1057.14,1365.82
Chiroptera,Rhinolophidae,Rhinolophus,pearsonii,rhinolophus pearsonii,-999.00,11.55,52.00,-999.00,-999.00,-999.00,-999.00,-999.00,1.00,-999.00,-999.00,1.00,-999.00,-999.00,-999.00,-999.00,-999.00,-999.00,-999.00,-999.00,-999.00,-999.00,-999.00,-999.00,-999,2.00,3,-999.00,-999.00,-999.00,196;679;1658;2151;2622;2655,-999.00,-999.00,-999.00,-999.00,3427752.30,34.04,12.12,23.08,120.39,77.69,99.04,1,213.76,5.00,0.07,132.63,162.99,1013.68,1220.18
Chiroptera,Rhinolophidae,Rhinolophus,philippinensis,rhinolophus philippinensis,-999.00,10.91,51.00,-999.00,-999.00,-999.00,-999.00,-999.00,1.00,-999.00,-999.00,1.00,-999.00,-999.00,-999.00,-999.00,-999.00,-999.00,-999.00,-999.00,-999.00,-999.00,-999.00,-999.00,-999,2.00,3,-999.00,-999.00,-999.00,679;1439;1658;2151;2622;2655,-999.00,-999.00,-999.00,-999.00,391836.76,18.65,-18.16,0.24,146.14,113.06,129.60,0,140.79,0.00,0.12,208.40,236.47,1415.02,1734.92
Chiroptera,Rhinolophidae,Rhinolophus,pusillus,rhinolophus pusillus,-999.00,5.15,37.59,-999.00,-999.00,-999.00,-999.00,-999.00,1.00,-999.00,-999.00,1.00,-999.00,-999.00,-999.00,1.00,-999.00,-999.00,-999.00,-999.00,-999.00,-999.00,-999.00,-999.00,-999,2.00,3,-999.00,-999.00,-999.00,83;196;679;1621;1658;2151;2655,-999.00,-999.00,-999.00,-999.00,459599.24,30.75,9.95,20.35,119.25,76.23,97.74,1,284.98,11.00,0.08,101.35,198.87,924.58,1349.44
Chiroptera,Rhinolophidae,Rhinolophus,rex,rhinolophus rex,-999.00,-999.00,60.99,-999.00,-999.00,-999.00,-999.00,-999.00,1.00,-999.00,-999.00,1.00,-999.00,-999.00,-999.00,-999.00,-999.00,-999.00,-999.00,-999.00,-999.00,-999.00,-999.00,-999.00,-999,2.00,3,-999.00,-999.00,-999.00,679;1658;2151,32.62,-999.00,-999.00,-999.00,323465.19,31.07,24.50,27.79,110.20,102.21,106.20,56,208.68,88.00,0.06,108.96,144.47,989.59,1042.26
Chiroptera,Rhinolophidae,Rhinolophus,robinsoni,rhinolophus robinsoni,-999.00,8.54,44.00,-999.00,-999.00,-999.00,-999.00,-999.00,1.00,-999.00,-999.00,1.00,-999.00,-999.00,-999.00,-999.00,-999.00,-999.00,-999.00,-999.00,-999.00,-999.00,-999.00,-999.00,-999,2.00,3,-999.00,-999.00,-999.00,196;1658;2151;2655;2719,-999.00,-999.00,-999.00,-999.00,46677.33,9.14,2.42,5.78,104.54,98.78,101.66,7,122.18,8.00,0.08,189.82,253.19,1624.11,1810.26
Chiroptera,Rhinolophidae,Rhinolophus,rouxii,rhinolophus rouxii,-999.00,12.25,48.99,-999.00,28.00,735.06,-999.00,-999.00,1.00,-999.00,123.54,1.00,-999.00,-999.00,-999.00,0.99,1.00,60.00,2.86,-999.00,-999.00,-999.00,451.11,-999.00,-999,2.00,3,59.42,11.00,-999.00,679;1143;1145;1297;1658;2151;2367;2368;2369;2503;2655;2698,-999.00,-999.00,-999.00,-999.00,599516.17,22.36,6.37,14.36,96.66,72.73,84.69,22,372.79,70.00,0.07,117.75,258.78,925.29,1598.72
Chiroptera,Rhinolophidae,Rhinolophus,rufus,rhinolophus rufus,-999.00,-999.00,-999.00,-999.00,-999.00,-999.00,-999.00,-999.00,-999.00,-999.00,-999.00,-999.00,-999.00,-999.00,-999.00,-999.00,-999.00,-999.00,-999.00,-999.00,-999.00,-999.00,-999.00,-999.00,-999,-999.00,-999,-999.00,-999.00,-999.00,-999,-999.00,-999.00,-999.00,-999.00,224259.96,18.65,5.55,12.10,126.60,119.74,123.17,19,228.54,32.00,0.10,204.58,240.16,1470.06,1728.00
Chiroptera,Rhinolophidae,Rhinolophus,ruwenzorii,rhinolophus ruwenzorii,-999.00,-999.00,56.00,-999.00,-999.00,-999.00,-999.00,-999.00,-999.00,-999.00,-999.00,-999.00,-999.00,-999.00,-999.00,-999.00,-999.00,-999.00,-999.00,-999.00,-999.00,-999.00,-999.00,-999.00,-999,-999.00,-999,-999.00,-999.00,-999.00,2642,25.54,-999.00,-999.00,-999.00,27684.67,1.37,-1.21,0.08,30.57,29.27,29.92,51,111.61,51.00,0.17,107.55,199.55,1378.38,1538.22
Chiroptera,Rhinolophidae,Rhinolophus,sakejiensis,rhinolophus sakejiensis,-999.00,-999.00,-999.00,-999.00,-999.00,-999.00,-999.00,-999.00,-999.00,-999.00,-999.00,-999.00,-999.00,-999.00,-999.00,-999.00,-999.00,-999.00,-999.00,-999.00,-999.00,-999.00,-999.00,-999.00,-999,-999.00,-999,-999.00,-999.00,-999.00,-999,-999.00,-999.00,-999.00,-999.00,47.78,-11.24,-11.31,-11.28,24.38,24.31,24.34,9,9.00,9.00,0.28,111.00,210.00,953.00,1404.00
Chiroptera,Rhinolophidae,Rhinolophus,sedulus,rhinolophus sedulus,-999.00,8.74,45.99,-999.00,-999.00,-999.00,-999.00,-999.00,1.00,-999.00,-999.00,1.00,-999.00,-999.00,-999.00,-999.00,-999.00,-999.00,-999.00,-999.00,-999.00,-999.00,-999.00,-999.00,-999,2.00,3,-999.00,-999.00,-999.00,679;1658;2151;2622;2655,-999.00,-999.00,-999.00,-999.00,868927.45,7.03,-4.18,1.42,119.26,100.12,109.69,1,57.94,3.00,0.16,251.47,246.27,1681.26,1726.82
Chiroptera,Rhinolophidae,Rhinolophus,shameli,rhinolophus shameli,-999.00,9.61,44.49,-999.00,-999.00,-999.00,-999.00,-999.00,1.00,-999.00,-999.00,1.00,-999.00,-999.00,-999.00,-999.00,-999.00,-999.00,-999.00,-999.00,-999.00,-999.00,-999.00,-999.00,-999,2.00,3,-999.00,-999.00,-999.00,679;1658;2151;2622;2655,-999.00,-999.00,-999.00,-999.00,662383.50,23.45,11.94,17.69,107.53,95.89,101.71,5,69.80,9.00,0.08,141.34,239.25,1109.91,1564.68
Chiroptera,Rhinolophidae,Rhinolophus,shortridgei,rhinolophus shortridgei,-999.00,-999.00,-999.00,-999.00,-999.00,-999.00,-999.00,-999.00,-999.00,-999.00,-999.00,-999.00,-999.00,-999.00,-999.00,-999.00,-999.00,-999.00,-999.00,-999.00,-999.00,-999.00,-999.00,-999.00,-999,-999.00,-999,-999.00,-999.00,-999.00,-999,-999.00,-999.00,-999.00,-999.00,13590.38,23.16,20.48,21.82,95.33,87.57,91.45,123,929.25,123.00,0.08,94.30,263.82,953.51,1372.80
Chiroptera,Rhinolophidae,Rhinolophus,siamensis,rhinolophus siamensis,-999.00,-999.00,-999.00,-999.00,-999.00,-999.00,-999.00,-999.00,-999.00,-999.00,-999.00,-999.00,-999.00,-999.00,-999.00,-999.00,-999.00,-999.00,-999.00,-999.00,-999.00,-999.00,-999.00,-999.00,-999,-999.00,-999,-999.00,-999.00,-999.00,-999,-999.00,-999.00,-999.00,-999.00,-999.00,-999.00,-999.00,-999.00,-999.00,-999.00,-999.00,-999,-999.00,-999.00,-999.00,-999.00,-999.00,-999.00,-999.00
Chiroptera,Rhinolophidae,Rhinolophus,silvestris,rhinolophus silvestris,-999.00,-999.00,52.50,-999.00,-999.00,-999.00,-999.00,-999.00,-999.00,-999.00,-999.00,1.00,-999.00,-999.00,-999.00,-999.00,-999.00,-999.00,-999.00,-999.00,-999.00,-999.00,-999.00,-999.00,-999,2.00,-999,-999.00,-999.00,-999.00,1658;2151,21.23,-999.00,-999.00,-999.00,144051.43,1.25,-4.12,-1.43,14.79,11.40,13.10,1,3.57,1.00,0.07,154.38,241.04,1239.21,1472.16
Chiroptera,Rhinolophidae,Rhinolophus,simulator,rhinolophus simulator,-999.00,8.13,44.49,-999.00,-999.00,-999.00,-999.00,-999.00,1.00,-999.00,91.24,1.00,-999.00,-999.00,-999.00,0.99,-999.00,-999.00,-999.00,-999.00,-999.00,-999.00,-999.00,-999.00,-999,2.00,3,-999.00,-999.00,-999.00,1257;1297;1658;2151;2622;2655;2900,-999.00,-999.00,-999.00,-999.00,2950797.63,10.61,-31.12,-10.25,41.00,-8.80,16.09,1,56.75,3.00,0.14,87.44,225.72,963.22,1489.16
Chiroptera,Rhinolophidae,Rhinolophus,sinicus,rhinolophus sinicus,-999.00,-999.00,-999.00,-999.00,-999.00,-999.00,-999.00,-999.00,-999.00,-999.00,-999.00,-999.00,-999.00,-999.00,-999.00,-999.00,-999.00,-999.00,-999.00,-999.00,-999.00,-999.00,-999.00,-999.00,-999,-999.00,-999,-999.00,-999.00,-999.00,-999,-999.00,-999.00,-999.00,-999.00,2366278.14,33.93,18.94,26.44,120.49,76.92,98.70,1,273.96,9.00,0.07,127.05,150.11,990.55,1121.64
Chiroptera,Rhinolophidae,Rhinolophus,stheno,rhinolophus stheno,-999.00,7.92,45.28,-999.00,-999.00,-999.00,-999.00,-999.00,1.00,-999.00,-999.00,1.00,-999.00,-999.00,-999.00,0.98,-999.00,-999.00,-999.00,-999.00,-999.00,-999.00,-999.00,-999.00,-999,2.00,3,-999.00,-999.00,-999.00,196;679;1297;1658;2151;2465;2655,-999.00,-999.00,-999.00,-999.00,1443792.75,22.52,-8.78,6.87,114.60,95.18,104.89,3,190.33,12.00,0.10,181.68,242.74,1355.97,1632.79
Chiroptera,Rhinolophidae,Rhinolophus,subbadius,rhinolophus subbadius,-999.00,-999.00,33.50,-999.00,-999.00,-999.00,-999.00,-999.00,1.00,-999.00,-999.00,1.00,-999.00,-999.00,-999.00,-999.00,-999.00,-999.00,-999.00,-999.00,-999.00,-999.00,-999.00,-999.00,-999,2.00,3,-999.00,-999.00,-999.00,679;1658;2151,5.86,-999.00,-999.00,-999.00,368631.78,28.18,22.83,25.51,98.36,85.00,91.68,1,176.56,2.00,0.08,186.35,172.20,1064.52,1261.81
Chiroptera,Rhinolophidae,Rhinolophus,subrufus,rhinolophus subrufus,-999.00,-999.00,54.99,-999.00,-999.00,-999.00,-999.00,-999.00,1.00,-999.00,-999.00,1.00,-999.00,-999.00,-999.00,-999.00,-999.00,-999.00,-999.00,-999.00,-999.00,-999.00,-999.00,-999.00,-999,2.00,3,-999.00,-999.00,-999.00,679;1658;2151,24.25,-999.00,-999.00,-999.00,225646.90,18.65,5.55,12.10,126.60,119.74,123.17,19,231.88,32.00,0.10,200.86,240.35,1470.69,1729.38
Chiroptera,Rhinolophidae,Rhinolophus,swinnyi,rhinolophus swinnyi,-999.00,7.07,41.99,-999.00,-999.00,-999.00,-999.00,-999.00,-999.00,-999.00,91.24,1.00,-999.00,-999.00,-999.00,0.98,-999.00,-999.00,-999.00,-999.00,-999.00,-999.00,-999.00,-999.00,-999,2.00,-999,-999.00,-999.00,-999.00,44;1297;1658;2143;2151;2622;2655,-999.00,-999.00,-999.00,-999.00,2562195.54,-5.35,-34.21,-19.78,40.84,22.52,31.68,1,36.31,3.00,0.16,77.83,215.89,867.02,1439.31
Chiroptera,Rhinolophidae,Rhinolophus,thomasi,rhinolophus thomasi,-999.00,8.26,48.50,-999.00,-999.00,-999.00,-999.00,-999.00,1.00,-999.00,-999.00,1.00,-999.00,-999.00,-999.00,-999.00,-999.00,-999.00,-999.00,-999.00,-999.00,-999.00,-999.00,-999.00,-999,2.00,3,-999.00,-999.00,-999.00,196;679;1658;2151;2622;2655,-999.00,-999.00,-999.00,-999.00,571234.40,22.61,5.93,14.27,106.40,97.06,101.73,5,102.53,9.00,0.09,139.07,228.32,1095.30,1478.89
Chiroptera,Rhinolophidae,Rhinolophus,trifoliatus,rhinolophus trifoliatus,-999.00,15.16,50.49,-999.00,-999.00,-999.00,-999.00,-999.00,1.00,-999.00,-999.00,1.00,-999.00,-999.00,-999.00,-999.00,-999.00,-999.00,-999.00,-999.00,-999.00,-999.00,-999.00,-999.00,-999,2.00,3,-999.00,-999.00,-999.00,196;679;1658;2143;2151;2655;2719,-999.00,-999.00,-999.00,-999.00,1830416.86,27.59,-8.78,9.40,119.34,87.16,103.25,1,167.25,4.00,0.13,231.82,240.74,1530.41,1668.76
Chiroptera,Rhinolophidae,Rhinolophus,virgo,rhinolophus virgo,-999.00,6.06,38.00,-999.00,-999.00,-999.00,-999.00,-999.00,1.00,-999.00,-999.00,1.00,-999.00,-999.00,-999.00,-999.00,-999.00,-999.00,-999.00,-999.00,-999.00,-999.00,-999.00,-999.00,-999,2.00,3,-999.00,-999.00,-999.00,679;1439;1658;2151;2655,-999.00,-999.00,-999.00,-999.00,240685.23,18.65,5.55,12.10,126.60,117.17,121.88,19,225.84,30.00,0.11,200.83,242.11,1471.66,1734.15
Chiroptera,Rhinolophidae,Rhinolophus,yunanensis,rhinolophus yunanensis,-999.00,19.33,60.99,-999.00,-999.00,-999.00,-999.00,-999.00,1.00,-999.00,-999.00,1.00,-999.00,-999.00,-999.00,-999.00,-999.00,-999.00,-999.00,-999.00,-999.00,-999.00,-999.00,-999.00,-999,2.00,3,-999.00,-999.00,-999.00,196;679;1658;2151;2622;2655,-999.00,-999.00,-999.00,-999.00,883933.76,29.45,12.57,21.01,112.41,93.02,102.71,1,71.36,2.00,0.07,139.17,193.41,1084.44,1426.51
Chiroptera,Rhinolophidae,Rhinolophus,ziama,rhinolophus ziama,-999.00,-999.00,-999.00,-999.00,-999.00,-999.00,-999.00,-999.00,-999.00,-999.00,-999.00,-999.00,-999.00,-999.00,-999.00,-999.00,-999.00,-999.00,-999.00,-999.00,-999.00,-999.00,-999.00,-999.00,-999,-999.00,-999,-999.00,-999.00,-999.00,-999,-999.00,-999.00,-999.00,-999.00,-999.00,-999.00,-999.00,-999.00,-999.00,-999.00,-999.00,-999,-999.00,-999.00,-999.00,-999.00,-999.00,-999.00,-999.00
Chiroptera,Hipposideridae,Rhinonicteris,aurantia,rhinonicteris aurantia,1.00,8.99,47.74,49.99,-999.00,365.00,-999.00,-999.00,1.00,-999.00,148.40,1.00,-999.00,-999.00,-999.00,1.00,1.00,-999.00,2.52,-999.00,-999.00,64.00,451.11,-999.00,-999,2.00,3,59.99,-999.00,-999.00,196;631;632;1015;1384;1658;2151;2622;2655;2719;3023,-999.00,-999.00,-999.00,-999.00,888542.65,-11.11,-23.77,-17.44,140.50,115.08,127.79,0,0.56,0.00,1.42188274859957e-03,59.66,262.27,675.09,1728.81
Chiroptera,Phyllostomidae,Rhinophylla,alethina,rhinophylla alethina,-999.00,-999.00,35.49,-999.00,-999.00,-999.00,-999.00,-999.00,1.00,-999.00,-999.00,1.00,-999.00,-999.00,-999.00,-999.00,-999.00,-999.00,-999.00,-999.00,-999.00,-999.00,-999.00,-999.00,-999,2.00,1,-999.00,-999.00,-999.00,890;1658;2151,6.91,-999.00,-999.00,-999.00,241884.09,6.66,-4.48,1.08,-75.84,-80.97,-78.41,0,65.86,6.00,0.11,198.14,204.23,1303.26,1536.08
Chiroptera,Phyllostomidae,Rhinophylla,fischerae,rhinophylla fischerae,-999.00,9.60,32.02,-999.00,-999.00,-999.00,16.24,9.50,1.00,-999.00,-999.00,1.00,-999.00,-999.00,-999.00,0.98,-999.00,-999.00,-999.00,-999.00,-999.00,-999.00,-999.00,-999.00,-999,2.00,1,-999.00,-999.00,-999.00,108;890;1297;1658;1822;2151,-999.00,-999.00,-999.00,-999.00,3691801.39,5.23,-14.62,-4.69,-46.90,-77.67,-62.29,0,8.48,0.00,0.11,186.80,242.74,1419.31,1545.12
Chiroptera,Phyllostomidae,Rhinophylla,pumilio,rhinophylla pumilio,-999.00,9.58,33.50,-999.00,-999.00,-999.00,16.24,9.50,1.00,-999.00,-999.00,1.00,-999.00,-999.00,-999.00,0.98,-999.00,-999.00,-999.00,-999.00,-999.00,-999.00,-999.00,-999.00,-999,2.00,1,-999.00,-999.00,-999.00,196;890;1297;1658;1948;2151;2622;2655,-999.00,-999.00,-999.00,-999.00,8340002.26,10.22,-19.43,-4.60,-34.79,-79.28,-57.03,0,12.53,0.00,0.12,163.68,244.76,1344.87,1566.64
Primates,Cercopithecidae,Rhinopithecus,avunculus,rhinopithecus avunculus,3.00,9086.19,-999.00,569.91,-999.00,-999.00,-999.00,-999.00,-999.00,-999.00,200.00,2.00,-999.00,-999.00,-999.00,1.00,-999.00,-999.00,-999.00,-999.00,-999.00,-999.00,-999.00,30.00,-999,2.00,-999,-999.00,-999.00,-999.00,899;1544;1547;1610;1848;2344;2655,-999.00,-999.00,-999.00,-999.00,29614.99,22.85,21.28,22.06,106.42,103.95,105.19,49,183.59,49.00,0.11,131.32,191.18,1119.79,1214.10
Primates,Cercopithecidae,Rhinopithecus,bieti,rhinopithecus bieti,3.00,11000.54,-999.00,718.26,-999.00,-999.00,-999.00,-999.00,5.00,-999.00,170.00,-999.00,20.40,-999.00,-999.00,-999.00,-999.00,-999.00,424.72,-999.00,2.50,-999.00,755.15,50.00,-999,-999.00,2,-999.00,-999.00,-999.00,679;741;1015;1544;1547;1610;1848;2344;2655;3102,-999.00,-999.00,-999.00,-999.00,23060.04,30.10,27.28,28.69,99.55,98.06,98.81,2,10.32,2.00,0.08,182.09,25.58,792.08,1018.53
Primates,Cercopithecidae,Rhinopithecus,brelichi,rhinopithecus brelichi,3.00,12267.15,-999.00,707.14,-999.00,-999.00,-999.00,-999.00,2.00,-999.00,200.00,2.00,7.41,12.50,-999.00,1.00,-999.00,-999.00,-999.00,-999.00,16.92,-999.00,-999.00,-999.00,-999,2.00,1,-999.00,-999.00,-999.00,899;1544;1610;1848;2344;3102,-999.00,-999.00,-999.00,-999.00,34391.58,28.47,26.18,27.33,108.63,106.63,107.63,100,205.34,112.00,0.07,114.30,139.44,1005.23,1018.77
Primates,Cercopithecidae,Rhinopithecus,roxellana,rhinopithecus roxellana,3.00,13456.80,-999.00,647.10,-999.00,-999.00,-999.00,-999.00,2.00,-999.00,199.34,2.00,24.28,-999.00,-999.00,1.00,-999.00,-999.00,-999.00,-999.00,4.60,-999.00,-999.00,65.00,-999,2.00,1,-999.00,-999.00,-999.00,208;741;899;1544;1547;1610;1848;2344;2655;3102,-999.00,-999.00,-999.00,-999.00,311105.70,35.31,29.34,32.32,110.88,101.79,106.33,4,190.10,6.00,0.05,73.40,90.10,749.43,870.62
Chiroptera,Rhinopomatidae,Rhinopoma,hardwickii,rhinopoma hardwickii,-999.00,13.10,59.50,59.80,-999.00,365.00,-999.00,-999.00,1.00,-999.00,98.28,1.00,-999.00,-999.00,365.00,0.99,1.00,-999.00,2.50,-999.00,-999.00,551.00,320.04,-999.00,-999,2.00,3,52.04,9.68,-999.00,196;211;679;1297;1384;1388;1553;1658;1860;2143;2151;2349;2622;2655;3023;3110,-999.00,-999.00,-999.00,-999.00,16925604.79,36.49,0.69,18.59,99.73,-12.83,43.44,0,82.34,0.00,0.10,31.77,241.26,327.00,1374.32
Chiroptera,Rhinopomatidae,Rhinopoma,macinnesi,rhinopoma macinnesi,-999.00,-999.00,-999.00,-999.00,-999.00,-999.00,-999.00,-999.00,-999.00,-999.00,-999.00,-999.00,-999.00,-999.00,-999.00,-999.00,-999.00,-999.00,-999.00,-999.00,-999.00,-999.00,-999.00,-999.00,-999,-999.00,-999,-999.00,-999.00,-999.00,-999,-999.00,-999.00,-999.00,-999.00,1809957.25,13.13,-1.95,5.59,51.41,30.48,40.94,1,19.38,2.00,0.08,45.48,252.19,640.12,1653.24
Chiroptera,Rhinopomatidae,Rhinopoma,microphyllum,rhinopoma microphyllum,-999.00,28.02,68.08,61.82,-999.00,668.15,-999.00,-999.00,1.00,-999.00,114.87,1.00,-999.00,-999.00,365.00,1.00,1.00,-999.00,4.99,-999.00,-999.00,-999.00,648.90,-999.00,-999,2.00,3,31.30,-999.00,-999.00,74;138;196;679;892;1297;1528;1658;1730;1860;1898;2143;2151;2655;2719;3023;3110,-999.00,-999.00,-999.00,-999.00,14416988.96,35.40,2.28,18.84,99.56,-17.53,41.01,0,66.65,0.00,0.10,26.62,247.61,292.65,1367.99
Chiroptera,Rhinopomatidae,Rhinopoma,muscatellum,rhinopoma muscatellum,-999.00,9.13,49.99,-999.00,-999.00,-999.00,-999.00,-999.00,1.00,-999.00,-999.00,1.00,-999.00,-999.00,-999.00,-999.00,-999.00,-999.00,-999.00,-999.00,-999.00,-999.00,-999.00,-999.00,-999,2.00,3,-999.00,-999.00,-999.00,679;1658;2151;2622;2655,-999.00,-999.00,-999.00,-999.00,801219.76,33.16,11.73,22.44,79.82,48.10,63.96,0,61.66,3.00,0.16,21.58,202.98,247.42,1346.91
Rodentia,Sciuridae,Rhinosciurus,laticaudatus,rhinosciurus laticaudatus,-999.00,230.30,-999.00,210.16,-999.00,-999.00,-999.00,-999.00,3.00,-999.00,-999.00,-999.00,-999.00,-999.00,-999.00,1.39,-999.00,-999.00,-999.00,-999.00,9.56,-999.00,-999.00,-999.00,4,-999.00,2,-999.00,-999.00,-999.00,730;1297;1849;2152;2655,-999.00,-999.00,-999.00,-999.00,880578.73,7.24,-5.94,0.65,117.98,95.18,106.58,1,90.21,4.00,0.14,245.31,247.93,1688.17,1748.49
Rodentia,Cricetidae,Rhipidomys,austrinus,rhipidomys austrinus,1.00,89.00,-999.00,-999.00,-999.00,-999.00,-999.00,-999.00,-999.00,-999.00,-999.00,1.00,-999.00,-999.00,-999.00,-999.00,-999.00,-999.00,-999.00,-999.00,-999.00,-999.00,-999.00,-999.00,-999,2.00,-999,-999.00,-999.00,-999.00,2151;2655,-999.00,-999.00,-999.00,-999.00,175757.50,-14.02,-23.93,-18.97,-62.95,-69.27,-66.11,1,17.53,1.00,0.11,80.18,165.57,983.95,1459.62
Rodentia,Cricetidae,Rhipidomys,caucensis,rhipidomys caucensis,1.00,89.00,-999.00,-999.00,-999.00,-999.00,-999.00,-999.00,-999.00,-999.00,-999.00,1.00,-999.00,-999.00,-999.00,-999.00,-999.00,-999.00,-999.00,-999.00,-999.00,-999.00,-999.00,-999.00,-999,2.00,-999,-999.00,-999.00,-999.00,2151;2655,-999.00,-999.00,-999.00,-999.00,-999.00,-999.00,-999.00,-999.00,-999.00,-999.00,-999.00,-999,-999.00,-999.00,-999.00,-999.00,-999.00,-999.00,-999.00
Rodentia,Cricetidae,Rhipidomys,couesi,rhipidomys couesi,1.00,89.00,-999.00,-999.00,-999.00,-999.00,-999.00,-999.00,-999.00,-999.00,-999.00,1.00,-999.00,-999.00,-999.00,-999.00,-999.00,-999.00,-999.00,-999.00,-999.00,-999.00,-999.00,1.00,-999,2.00,-999,-999.00,-999.00,-999.00,905;2151;2655,-999.00,-999.00,-999.00,-999.00,-999.00,-999.00,-999.00,-999.00,-999.00,-999.00,-999.00,-999,-999.00,-999.00,-999.00,-999.00,-999.00,-999.00,-999.00
Rodentia,Cricetidae,Rhipidomys,emiliae,rhipidomys emiliae,-999.00,-999.00,-999.00,-999.00,-999.00,-999.00,-999.00,-999.00,-999.00,-999.00,-999.00,-999.00,-999.00,-999.00,-999.00,-999.00,-999.00,-999.00,-999.00,-999.00,-999.00,-999.00,-999.00,-999.00,-999,-999.00,-999,-999.00,-999.00,-999.00,-999,-999.00,-999.00,-999.00,-999.00,-999.00,-999.00,-999.00,-999.00,-999.00,-999.00,-999.00,-999,-999.00,-999.00,-999.00,-999.00,-999.00,-999.00,-999.00
Rodentia,Cricetidae,Rhipidomys,fulviventer,rhipidomys fulviventer,1.00,89.00,-999.00,-999.00,-999.00,-999.00,-999.00,-999.00,-999.00,-999.00,-999.00,1.00,-999.00,-999.00,-999.00,-999.00,-999.00,-999.00,-999.00,-999.00,-999.00,-999.00,-999.00,-999.00,-999,2.00,-999,-999.00,-999.00,-999.00,2151;2655,-999.00,-999.00,-999.00,-999.00,43102.02,10.51,4.47,7.49,-63.17,-73.91,-68.54,7,52.41,8.00,0.07,101.01,184.41,1358.97,1592.70
Rodentia,Cricetidae,Rhipidomys,gardneri,rhipidomys gardneri,-999.00,-999.00,-999.00,-999.00,-999.00,-999.00,-999.00,-999.00,-999.00,-999.00,-999.00,-999.00,-999.00,-999.00,-999.00,-999.00,-999.00,-999.00,-999.00,-999.00,-999.00,-999.00,-999.00,-999.00,-999,-999.00,-999,-999.00,-999.00,-999.00,-999,-999.00,-999.00,-999.00,-999.00,-999.00,-999.00,-999.00,-999.00,-999.00,-999.00,-999.00,-999,-999.00,-999.00,-999.00,-999.00,-999.00,-999.00,-999.00
Rodentia,Cricetidae,Rhipidomys,latimanus,rhipidomys latimanus,1.00,57.50,-999.00,-999.00,-999.00,-999.00,-999.00,-999.00,4.00,-999.00,-999.00,1.00,-999.00,-999.00,-999.00,-999.00,-999.00,-999.00,-999.00,-999.00,-999.00,-999.00,-999.00,-999.00,-999,2.00,2,-999.00,-999.00,-999.00,890;2151;2655,-999.00,-999.00,-999.00,-999.00,96039.74,8.38,-4.22,2.07,-76.43,-80.10,-78.27,3,64.90,7.00,0.10,176.56,227.88,1302.54,1565.76
Rodentia,Cricetidae,Rhipidomys,leucodactylus,rhipidomys leucodactylus,-999.00,-999.00,-999.00,-999.00,-999.00,-999.00,-999.00,-999.00,-999.00,-999.00,-999.00,-999.00,-999.00,-999.00,-999.00,-999.00,-999.00,-999.00,-999.00,-999.00,-999.00,-999.00,-999.00,-999.00,-999,-999.00,-999,-999.00,-999.00,-999.00,-999,-999.00,-999.00,-999.00,-999.00,1081054.45,4.26,-17.54,-6.63,-57.48,-80.02,-68.75,0,13.07,0.00,0.13,176.98,224.28,1340.22,1490.10
Primates,Cebidae,Saguinus,geoffroyi,saguinus geoffroyi,3.00,492.50,-999.00,-999.00,-999.00,-999.00,234.00,225.00,4.00,-999.00,-999.00,1.00,0.16,-999.00,240.90,1.97,-999.00,-999.00,47.84,-999.00,5.13,-999.00,-999.00,6.90,-999,2.00,2,-999.00,-999.00,-999.00,890;1544;1547;1822;2151;2344;2493;2655;2660;2663;2986,-999.00,1.35,-999.00,-999.00,76159.09,9.63,4.12,6.88,-76.70,-83.08,-79.89,2,26.56,3.00,0.11,279.43,259.25,1563.39,1738.35
Primates,Cebidae,Saguinus,graellsi,saguinus graellsi,-999.00,-999.00,-999.00,-999.00,-999.00,-999.00,-999.00,-999.00,-999.00,-999.00,-999.00,-999.00,-999.00,-999.00,-999.00,-999.00,-999.00,-999.00,-999.00,-999.00,-999.00,-999.00,-999.00,-999.00,-999,-999.00,-999,-999.00,-999.00,-999.00,-999,-999.00,-999.00,-999.00,-999.00,224121.08,0.90,-4.83,-1.96,-73.31,-78.37,-75.84,1,9.34,1.00,0.13,233.96,256.40,1402.35,1405.46
Primates,Cebidae,Saguinus,imperator,saguinus imperator,3.00,407.91,-999.00,-999.00,-999.00,-999.00,-999.00,-999.00,2.00,-999.00,-999.00,1.00,0.22,0.30,-999.00,-999.00,-999.00,242.40,46.55,-999.00,18.39,-999.00,-999.00,5.00,-999,2.00,2,-999.00,-999.00,-999.00,543;730;890;905;1125;1544;1547;2151;2251;2344;2520;2655;2660;2663,-999.00,-999.00,-999.00,-999.00,191381.63,-6.83,-11.63,-9.23,-67.77,-73.84,-70.81,0,1.22,0.00,0.07,212.79,249.40,1499.06,1570.90
Primates,Cebidae,Saguinus,inustus,saguinus inustus,3.00,803.00,-999.00,-999.00,-999.00,-999.00,-999.00,-999.00,-999.00,-999.00,-999.00,1.00,-999.00,-999.00,-999.00,-999.00,-999.00,-999.00,-999.00,-999.00,-999.00,-999.00,-999.00,-999.00,-999,2.00,-999,-999.00,-999.00,-999.00,1544;1547;2151;2655;2663,-999.00,-999.00,-999.00,-999.00,266932.81,3.86,-2.56,0.64,-64.40,-72.02,-68.21,0,0.17,0.00,-0.05,246.37,249.39,1552.75,1566.58
Primates,Cebidae,Saguinus,labiatus,saguinus labiatus,3.00,508.46,-999.00,-999.00,-999.00,-999.00,-999.00,-999.00,-999.00,-999.00,144.16,1.00,0.19,0.32,299.30,1.84,-999.00,-999.00,40.67,-999.00,14.08,-999.00,-999.00,5.25,-999,2.00,-999,-999.00,-999.00,-999.00,730;905;1125;1297;1544;1547;2151;2344;2493;2655;2660;2663;2986,-999.00,1.21,-999.00,-999.00,253794.53,-1.74,-11.07,-6.40,-59.06,-69.53,-64.29,0,2.41,0.00,0.15,168.04,256.81,1462.06,1604.76
Primates,Cebidae,Saguinus,leucopus,saguinus leucopus,3.00,456.68,-999.00,239.99,-999.00,-999.00,-999.00,-999.00,5.00,-999.00,142.50,1.00,-999.00,-999.00,-999.00,2.00,-999.00,-999.00,43.76,-999.00,10.57,-999.00,-999.00,7.50,-999,2.00,2,-999.00,-999.00,-999.00,730;899;905;1547;2151;2344;2655;2663,-999.00,-999.00,-999.00,-999.00,38875.35,8.78,3.82,6.30,-73.95,-75.81,-74.88,10,71.85,13.00,0.08,143.66,231.06,1499.56,1576.21
Primates,Cebidae,Saguinus,martinsi,saguinus martinsi,-999.00,-999.00,-999.00,-999.00,-999.00,-999.00,-999.00,-999.00,-999.00,-999.00,-999.00,-999.00,-999.00,-999.00,-999.00,-999.00,-999.00,-999.00,-999.00,-999.00,-999.00,-999.00,-999.00,-999.00,-999,-999.00,-999,-999.00,-999.00,-999.00,-999,-999.00,-999.00,-999.00,-999.00,9116.87,-1.47,-2.38,-1.92,-56.42,-57.52,-56.97,0,1.59,0.00,0.04,133.29,260.49,1427.80,1655.70
Primates,Cebidae,Saguinus,melanoleucus,saguinus melanoleucus,-999.00,-999.00,-999.00,-999.00,-999.00,-999.00,-999.00,-999.00,-999.00,-999.00,-999.00,-999.00,-999.00,-999.00,-999.00,-999.00,-999.00,-999.00,-999.00,-999.00,-999.00,-999.00,-999.00,-999.00,-999,-999.00,-999,-999.00,-999.00,-999.00,-999,-999.00,-999.00,-999.00,-999.00,47371.93,-6.80,-10.05,-8.42,-70.03,-72.80,-71.42,0,1.46,1.00,0.03,183.93,247.81,1531.71,1574.18
Primates,Cebidae,Saguinus,midas,saguinus midas,3.00,540.56,-999.00,264.21,-999.00,730.00,-999.00,-999.00,4.00,-999.00,138.24,1.00,0.05,0.09,206.83,2.02,-999.00,184.80,39.78,-999.00,10.98,-999.00,841.82,5.55,-999,2.00,2,69.60,-999.00,-999.00,208;543;730;890;905;1201;1297;1544;1547;2151;2344;2431;2489;2493;2511;2655;2660;2663;2986,-999.00,1.46,-999.00,-999.00,1524401.32,8.02,-8.37,-0.17,-45.30,-64.84,-55.07,0,5.30,0.00,0.12,160.68,252.81,1441.49,1666.98
Primates,Cebidae,Saguinus,mystax,saguinus mystax,3.00,555.87,-999.00,-999.00,-999.00,-999.00,-999.00,-999.00,5.00,-999.00,148.28,1.00,0.21,-999.00,168.50,1.93,-999.00,-999.00,46.65,-999.00,30.98,-999.00,556.85,5.40,-999,2.00,2,-999.00,-999.00,-999.00,730;905;1125;1297;1544;1547;2151;2251;2344;2511;2520;2654;2655;2660;2663;2986,-999.00,1.62,-999.00,-999.00,557860.63,-2.65,-9.82,-6.23,-62.13,-75.82,-68.98,0,1.19,0.00,0.08,194.85,256.43,1532.14,1569.05
Primates,Cebidae,Saguinus,niger,saguinus niger,-999.00,-999.00,-999.00,-999.00,-999.00,-999.00,-999.00,-999.00,-999.00,-999.00,-999.00,-999.00,-999.00,-999.00,-999.00,-999.00,-999.00,-999.00,-999.00,-999.00,-999.00,-999.00,-999.00,-999.00,-999,-999.00,-999,-999.00,-999.00,-999.00,-999,-999.00,-999.00,-999.00,-999.00,295763.89,-0.08,-5.48,-2.78,-46.16,-52.57,-49.37,0,12.41,1.00,0.14,173.23,248.51,1422.58,1637.10
Primates,Cebidae,Saguinus,nigricollis,saguinus nigricollis,3.00,450.00,-999.00,-999.00,-999.00,850.45,-999.00,-999.00,-999.00,-999.00,-999.00,1.00,0.25,0.40,-999.00,1.82,-999.00,182.40,43.58,-999.00,13.33,-999.00,-999.00,6.30,-999,2.00,-999,82.53,175.00,-999.00,208;543;730;905;1125;1297;1544;1547;1611;2151;2344;2520;2655;2660;2663;2986,-999.00,-999.00,-999.00,-999.00,63703.04,-1.83,-4.25,-3.04,-68.12,-73.22,-70.67,0,2.10,0.00,0.09,256.15,261.18,1480.78,1481.12
Primates,Cebidae,Saguinus,oedipus,saguinus oedipus,3.00,462.04,-999.00,239.99,-999.00,942.91,-999.00,-999.00,4.00,-999.00,166.49,1.00,0.06,0.17,233.06,1.90,-999.00,277.20,41.00,-999.00,45.52,-999.00,680.38,7.05,-999,2.00,2,49.85,105.00,-999.00,208;543;730;899;905;1125;1167;1297;1544;1547;1577;1611;1768;2151;2344;2489;2493;2520;2655;2660;2663;2986,-999.00,1.38,-999.00,-999.00,51020.84,11.02,7.42,9.22,-74.57,-76.93,-75.75,6,168.35,13.00,0.10,120.29,263.43,1367.13,1586.07
Primates,Cebidae,Saguinus,pileatus,saguinus pileatus,-999.00,-999.00,-999.00,-999.00,-999.00,-999.00,-999.00,-999.00,-999.00,-999.00,-999.00,-999.00,-999.00,-999.00,-999.00,-999.00,-999.00,-999.00,-999.00,-999.00,-999.00,-999.00,-999.00,-999.00,-999,-999.00,-999,-999.00,-999.00,-999.00,-999,-999.00,-999.00,-999.00,-999.00,82904.59,-3.50,-6.69,-5.09,-62.28,-67.56,-64.92,0,0.84,0.00,0.10,172.50,261.49,1540.93,1601.36
Primates,Cebidae,Saguinus,tripartitus,saguinus tripartitus,3.00,385.05,-999.00,-999.00,-999.00,-999.00,-999.00,-999.00,-999.00,-999.00,-999.00,1.00,-999.00,-999.00,-999.00,-999.00,-999.00,-999.00,-999.00,-999.00,-999.00,-999.00,-999.00,-999.00,-999,2.00,-999,-999.00,-999.00,-999.00,905;2151;2344;2655;2663,-999.00,-999.00,-999.00,-999.00,12544.34,-1.50,-2.49,-2.00,-75.82,-77.27,-76.55,1,1.37,1.00,0.06,331.24,265.37,1359.24,1360.49
Artiodactyla,Bovidae,Saiga,borealis,saiga borealis,-999.00,-999.00,-999.00,-999.00,-999.00,-999.00,-999.00,-999.00,-999.00,-999.00,-999.00,-999.00,-999.00,-999.00,-999.00,-999.00,-999.00,-999.00,-999.00,-999.00,-999.00,-999.00,-999.00,-999.00,-999,-999.00,-999,-999.00,-999.00,-999.00,-999,-999.00,-999.00,-999.00,-999.00,125569.97,49.00,44.35,46.67,99.24,91.70,95.47,1,1.04,1.00,0.01,13.57,-53.44,246.92,531.56
Artiodactyla,Bovidae,Saiga,tatarica,saiga tatarica,3.00,37734.01,-999.00,1160.00,-999.00,-999.00,-999.00,-999.00,2.00,-999.00,148.49,2.00,-999.00,-999.00,365.00,1.50,-999.00,144.00,3326.46,-999.00,0.75,517.50,332.65,27.50,-999,2.00,1,83.64,-999.00,-999.00,511;543;730;814;1015;1297;1525;1848;2306;2555;2655;2669;2986,-999.00,1.10,-999.00,-999.00,2926916.31,51.61,41.32,46.47,90.50,41.49,65.99,0,9.45,0.00,0.01,19.21,59.90,258.58,612.01
Primates,Cebidae,Saimiri,boliviensis,saimiri boliviensis,3.00,799.45,-999.00,309.99,-999.00,-999.00,-999.00,-999.00,-999.00,-999.00,157.79,-999.00,-999.00,-999.00,-999.00,1.02,-999.00,-999.00,-999.00,-999.00,28.70,-999.00,-999.00,60.00,-999,-999.00,-999,-999.00,-999.00,-999.00,169;730;1544;1547;1848;2151;2251;2344;2655;2986,-999.00,-999.00,-999.00,-999.00,1686507.84,-2.70,-19.40,-11.05,-57.71,-76.44,-67.07,0,2.74,0.00,0.12,171.50,242.87,1417.91,1535.03
Rodentia,Spalacidae,Spalax,graecus,spalax graecus,-999.00,-999.00,-999.00,-999.00,-999.00,-999.00,-999.00,-999.00,-999.00,-999.00,-999.00,-999.00,-999.00,-999.00,-999.00,-999.00,-999.00,-999.00,-999.00,-999.00,-999.00,-999.00,-999.00,-999.00,-999,-999.00,-999,-999.00,-999.00,-999.00,-999,-999.00,-999.00,-999.00,-999.00,43748.63,48.48,43.60,46.04,27.50,24.39,25.95,68,134.00,70.00,-0.01,49.65,78.39,555.98,627.66
Rodentia,Spalacidae,Spalax,judaei,spalax judaei,-999.00,-999.00,-999.00,-999.00,-999.00,-999.00,-999.00,-999.00,-999.00,-999.00,-999.00,-999.00,-999.00,-999.00,-999.00,-999.00,-999.00,-999.00,-999.00,-999.00,-999.00,-999.00,-999.00,-999.00,-999,-999.00,-999,-999.00,-999.00,-999.00,-999,-999.00,-999.00,-999.00,-999.00,-999.00,-999.00,-999.00,-999.00,-999.00,-999.00,-999.00,-999,-999.00,-999.00,-999.00,-999.00,-999.00,-999.00,-999.00
Rodentia,Spalacidae,Spalax,leucodon,spalax leucodon,-999.00,188.67,-999.00,-999.00,-999.00,-999.00,127.74,151.90,4.00,-999.00,29.18,1.00,-999.00,-999.00,-999.00,3.24,1.00,54.00,4.99,-999.00,-999.00,1.00,-999.00,1.00,-999,1.00,2,57.74,-999.00,-999.00,247;1015;1020;1078;1297;1822;2655,-999.00,-999.00,-999.00,-999.00,714434.38,48.48,38.29,43.38,31.35,15.70,23.52,23,106.20,37.00,-0.01,56.28,87.38,538.93,708.93
Rodentia,Spalacidae,Spalax,microphthalmus,spalax microphthalmus,-999.00,470.00,-999.00,-999.00,-999.00,-999.00,-999.00,-999.00,-999.00,-999.00,-999.00,-999.00,-999.00,-999.00,-999.00,2.91,1.00,-999.00,-999.00,-999.00,-999.00,-999.00,-999.00,-999.00,-999,-999.00,-999,-999.00,-999.00,-999.00,1297;2655,-999.00,-999.00,-999.00,-999.00,732950.44,54.25,43.64,48.94,48.69,29.50,39.10,5,63.15,9.00,0.01,39.04,64.55,426.44,559.88
Rodentia,Spalacidae,Spalax,nehringi,spalax nehringi,-999.00,-999.00,-999.00,-999.00,-999.00,-999.00,-999.00,-999.00,-999.00,-999.00,-999.00,-999.00,-999.00,-999.00,-999.00,-999.00,-999.00,-999.00,-999.00,-999.00,-999.00,-999.00,-999.00,-999.00,-999,-999.00,-999,-999.00,-999.00,-999.00,-999,-999.00,-999.00,-999.00,-999.00,597695.95,41.70,35.21,38.45,45.07,27.31,36.19,19,67.95,28.00,0.06,43.47,94.76,425.37,971.58
Rodentia,Spalacidae,Spalax,uralensis,spalax uralensis,-999.00,-999.00,-999.00,-999.00,-999.00,-999.00,-999.00,-999.00,-999.00,-999.00,-999.00,-999.00,-999.00,-999.00,-999.00,-999.00,-999.00,-999.00,-999.00,-999.00,-999.00,-999.00,-999.00,-999.00,-999,-999.00,-999,-999.00,-999.00,-999.00,-999,-999.00,-999.00,-999.00,-999.00,31510.94,51.87,48.59,50.23,58.14,53.53,55.83,2,4.64,2.00,-0.02,23.23,39.62,280.76,551.82
Rodentia,Spalacidae,Spalax,zemni,spalax zemni,-999.00,-999.00,-999.00,-999.00,-999.00,-999.00,-999.00,-999.00,-999.00,-999.00,-999.00,-999.00,-999.00,-999.00,-999.00,-999.00,-999.00,-999.00,-999.00,-999.00,-999.00,-999.00,-999.00,-999.00,-999,-999.00,-999,-999.00,-999.00,-999.00,-999,-999.00,-999.00,-999.00,-999.00,203090.75,51.24,46.54,48.89,34.55,24.07,29.31,17,83.30,24.00,-9.78906304031429e-03,41.92,68.72,457.59,566.81
Rodentia,Muridae,Spelaeomys,florensis,spelaeomys florensis,-999.00,-999.00,-999.00,-999.00,-999.00,-999.00,-999.00,-999.00,-999.00,-999.00,-999.00,-999.00,-999.00,-999.00,-999.00,-999.00,-999.00,-999.00,-999.00,-999.00,-999.00,-999.00,-999.00,-999.00,-999,-999.00,-999,-999.00,-999.00,-999.00,-999,-999.00,-999.00,-999.00,-999.00,-999.00,-999.00,-999.00,-999.00,-999.00,-999.00,-999.00,-999,-999.00,-999.00,-999.00,-999.00,-999.00,-999.00,-999.00
Carnivora,Canidae,Speothos,venaticus,speothos venaticus,3.00,6324.54,-999.00,624.73,14.00,-999.00,-999.00,-999.00,1.00,-999.00,67.78,1.00,-999.00,-999.00,247.94,3.80,-999.00,124.00,157.50,-999.00,-999.00,-999.00,344.87,-999.00,8,1.00,3,127.30,-999.00,-999.00,543;1113;1297;2151;2431;2655,-999.00,1.33,-999.00,-999.00,9703966.13,11.60,-26.26,-7.32,-38.86,-77.99,-58.42,0,20.52,0.00,0.12,151.50,240.47,1325.26,1547.99
Rodentia,Sciuridae,Spermophilopsis,leptodactylus,spermophilopsis leptodactylus,-999.00,-999.00,-999.00,243.27,-999.00,-999.00,-999.00,-999.00,-999.00,-999.00,45.62,1.00,-999.00,-999.00,-999.00,4.50,1.00,-999.00,-999.00,-999.00,-999.00,-999.00,-999.00,-999.00,-999,1.00,-999,41.76,-999.00,-999.00,32;1297;1849;2768,404.10,-999.00,-999.00,-999.00,1209953.80,45.69,34.15,39.92,79.37,52.70,66.03,0,18.95,1.00,0.09,18.29,116.94,224.53,810.40
Rodentia,Sciuridae,Spermophilus,adocetus,spermophilus adocetus,-999.00,155.52,-999.00,177.47,-999.00,-999.00,-999.00,-999.00,2.00,-999.00,-999.00,2.00,-999.00,-999.00,-999.00,-999.00,-999.00,-999.00,-999.00,-999.00,-999.00,-999.00,-999.00,-999.00,-999,1.00,1,-999.00,-999.00,-999.00,339;2655,-999.00,-999.00,-999.00,-999.00,31030.21,19.44,17.93,18.68,-99.46,-103.00,-101.23,9,41.11,14.00,0.08,95.75,221.76,875.59,1542.28
Rodentia,Sciuridae,Spermophilus,alashanicus,spermophilus alashanicus,-999.00,-999.00,-999.00,-999.00,-999.00,-999.00,-999.00,-999.00,-999.00,-999.00,-999.00,-999.00,-999.00,-999.00,-999.00,-999.00,-999.00,-999.00,-999.00,-999.00,-999.00,-999.00,-999.00,-999.00,-999,-999.00,-999,-999.00,-999.00,-999.00,-999,-999.00,-999.00,-999.00,-999.00,197144.17,45.36,32.90,39.13,106.28,98.92,102.60,0,36.69,0.00,0.06,28.29,9.06,290.36,691.26
Rodentia,Sciuridae,Spermophilus,annulatus,spermophilus annulatus,-999.00,499.99,-999.00,221.13,-999.00,-999.00,-999.00,-999.00,3.00,-999.00,-999.00,3.00,-999.00,-999.00,-999.00,3.88,-999.00,-999.00,-999.00,-999.00,-999.00,-999.00,-999.00,-999.00,-999,2.00,2,-999.00,-999.00,-999.00,346;2655,-999.00,-999.00,-999.00,-999.00,50385.66,21.95,17.82,19.88,-101.57,-105.70,-103.63,7,33.95,8.00,0.08,91.12,220.28,848.09,1632.38
Rodentia,Sciuridae,Spermophilus,armatus,spermophilus armatus,-999.00,306.48,-999.00,219.50,-999.00,-999.00,190.34,307.00,3.00,-999.00,24.50,2.00,-999.00,-999.00,-999.00,5.40,1.00,60.00,-999.00,-999.00,4544.01,-999.00,420.91,1.00,-999,1.00,2,21.43,129.99,-999.00,730;915;1297;1401;1822;1849;2013;2082;2631;2655;2974,-999.00,-999.00,-999.00,-999.00,176342.04,45.76,38.28,42.02,-108.99,-114.07,-111.53,0,9.42,0.00,0.07,27.61,30.72,354.89,783.62
Rodentia,Sciuridae,Spermophilus,atricapillus,spermophilus atricapillus,-999.00,550.99,-999.00,244.66,-999.00,-999.00,-999.00,-999.00,-999.00,-999.00,-999.00,-999.00,-999.00,-999.00,-999.00,-999.00,-999.00,-999.00,-999.00,-999.00,-999.00,-999.00,-999.00,-999.00,11,-999.00,-999,-999.00,-999.00,-999.00,61;2655,-999.00,-999.00,-999.00,-999.00,12535.95,27.94,24.91,26.42,-110.85,-113.16,-112.00,1,3.41,1.00,0.03,9.07,193.81,-999.00,-999.00
Rodentia,Sciuridae,Spermophilus,beecheyi,spermophilus beecheyi,-999.00,597.82,-999.00,-999.00,35.00,-999.00,317.78,599.60,-999.00,-999.00,28.37,1.00,2.93039e-04,2.99278e-04,-999.00,6.71,1.00,60.00,9.29,-999.00,1100.45,-999.00,365.00,-999.00,-999,1.00,-999,52.60,66.18,-999.00,32;398;875;918;958;1297;1573;1577;1822;1977;2082;2203;2655;2742;2858;2974,-999.00,-999.00,-999.00,-999.00,459262.56,46.92,29.72,38.32,-114.74,-124.56,-119.65,0,84.68,1.00,0.09,49.14,103.49,352.34,985.35
Rodentia,Sciuridae,Spermophilus,beldingi,spermophilus beldingi,3.00,272.53,-999.00,236.40,19.50,-999.00,182.00,289.80,5.00,56.00,26.19,2.00,-999.00,-999.00,-999.00,5.71,1.00,-999.00,6.86,-999.00,2378.64,-999.00,420.91,-999.00,10,1.00,2,24.50,59.50,-999.00,1215;1297;1484;1822;1849;1977;2013;2068;2069;2070;2082;2153;2338;2620;2655;2974,-999.00,-999.00,-999.00,-999.00,337927.66,45.90,36.67,41.29,-113.00,-122.43,-117.72,0,5.88,0.00,0.06,30.29,69.70,303.11,853.48
Soricomorpha,Soricidae,Sorex,planiceps,sorex planiceps,-999.00,-999.00,-999.00,-999.00,-999.00,-999.00,-999.00,-999.00,-999.00,-999.00,-999.00,-999.00,-999.00,-999.00,-999.00,-999.00,-999.00,-999.00,-999.00,-999.00,-999.00,-999.00,-999.00,-999.00,-999,-999.00,-999,-999.00,-999.00,-999.00,-999,-999.00,-999.00,-999.00,-999.00,117678.59,38.24,32.67,35.45,78.22,74.89,76.55,1,20.52,1.00,0.09,14.16,-46.41,315.16,878.01
Soricomorpha,Soricidae,Sorex,portenkoi,sorex portenkoi,-999.00,-999.00,-999.00,-999.00,-999.00,-999.00,-999.00,-999.00,-999.00,-999.00,-999.00,-999.00,-999.00,-999.00,-999.00,-999.00,-999.00,-999.00,-999.00,-999.00,-999.00,-999.00,-999.00,-999.00,-999,-999.00,-999,-999.00,-999.00,-999.00,-999,-999.00,-999.00,-999.00,-999.00,121022.13,68.32,63.01,65.66,179.16,172.34,175.75,0,0.11,0.00,-0.95,13.88,-114.77,165.58,141.89
Soricomorpha,Soricidae,Sorex,preblei,sorex preblei,-999.00,3.14,-999.00,53.00,-999.00,-999.00,-999.00,-999.00,-999.00,-999.00,-999.00,1.00,-999.00,-999.00,-999.00,-999.00,-999.00,-999.00,-999.00,-999.00,-999.00,-999.00,-999.00,-999.00,-999,1.00,-999,-999.00,-999.00,-999.00,686;2655,-999.00,-999.00,-999.00,-999.00,670513.97,49.01,40.23,44.62,-104.20,-121.06,-112.63,0,5.13,0.00,0.08,30.39,51.90,350.34,753.20
Soricomorpha,Soricidae,Sorex,pribilofensis,sorex pribilofensis,-999.00,-999.00,-999.00,-999.00,-999.00,-999.00,-999.00,-999.00,-999.00,-999.00,-999.00,-999.00,-999.00,-999.00,-999.00,-999.00,-999.00,-999.00,-999.00,-999.00,-999.00,-999.00,-999.00,-999.00,-999,-999.00,-999,-999.00,-999.00,-999.00,-999,-999.00,-999.00,-999.00,-999.00,116.50,57.24,57.10,57.17,-170.09,-170.41,-170.25,0,0.00,0.00,-999.00,-999.00,-999.00,-999.00,-999.00
Soricomorpha,Soricidae,Sorex,raddei,sorex raddei,-999.00,-999.00,-999.00,-999.00,-999.00,-999.00,-999.00,-999.00,-999.00,-999.00,-999.00,-999.00,-999.00,-999.00,-999.00,2.69,-999.00,-999.00,-999.00,-999.00,-999.00,-999.00,-999.00,-999.00,-999,-999.00,-999,-999.00,-999.00,-999.00,1297,-999.00,-999.00,-999.00,-999.00,528211.09,45.53,38.69,42.11,50.37,32.29,41.33,2,91.62,14.00,0.02,53.60,65.52,527.05,776.43
Soricomorpha,Soricidae,Sorex,roboratus,sorex roboratus,-999.00,12.99,-999.00,73.67,-999.00,-999.00,-999.00,-999.00,1.00,-999.00,-999.00,-999.00,-999.00,-999.00,-999.00,7.52,-999.00,-999.00,-999.00,-999.00,-999.00,-999.00,-999.00,-999.00,-999,-999.00,3,-999.00,-999.00,-999.00,34;629;1445;2597;2741,-999.00,-999.00,-999.00,-999.00,7591420.40,74.22,42.49,58.35,179.85,76.17,128.01,0,3.56,0.00,-0.05,25.76,-93.93,265.12,295.31
Soricomorpha,Soricidae,Sorex,samniticus,sorex samniticus,-999.00,8.24,-999.00,-999.00,-999.00,-999.00,-999.00,-999.00,-999.00,-999.00,-999.00,-999.00,-999.00,-999.00,-999.00,-999.00,-999.00,-999.00,-999.00,-999.00,-999.00,-999.00,-999.00,-999.00,-999,-999.00,-999,-999.00,-999.00,-999.00,2655,-999.00,-999.00,-999.00,-999.00,57915.64,45.16,37.91,41.53,16.77,9.62,13.20,49,234.40,73.00,4.31011328606729e-03,73.64,128.49,566.59,898.88
Soricomorpha,Soricidae,Sorex,satunini,sorex satunini,-999.00,-999.00,-999.00,-999.00,-999.00,-999.00,-999.00,-999.00,-999.00,-999.00,-999.00,-999.00,-999.00,-999.00,-999.00,-999.00,-999.00,-999.00,-999.00,-999.00,-999.00,-999.00,-999.00,-999.00,-999,-999.00,-999,-999.00,-999.00,-999.00,-999,-999.00,-999.00,-999.00,-999.00,601088.01,45.69,38.87,42.28,50.37,26.12,38.24,2,106.65,17.00,0.03,53.08,71.52,513.32,818.10
Soricomorpha,Soricidae,Sorex,saussurei,sorex saussurei,-999.00,4.65,-999.00,-999.00,-999.00,-999.00,-999.00,-999.00,-999.00,-999.00,-999.00,-999.00,-999.00,-999.00,-999.00,-999.00,-999.00,-999.00,-999.00,-999.00,-999.00,-999.00,-999.00,-999.00,-999,-999.00,-999,-999.00,-999.00,-999.00,2655,-999.00,-999.00,-999.00,-999.00,464865.07,25.65,17.13,21.39,-97.17,-105.97,-101.57,2,98.73,4.00,0.07,60.13,175.07,747.34,1310.84
Soricomorpha,Soricidae,Sorex,sclateri,sorex sclateri,-999.00,7.00,-999.00,-999.00,-999.00,-999.00,-999.00,-999.00,-999.00,-999.00,-999.00,-999.00,-999.00,-999.00,-999.00,-999.00,-999.00,-999.00,-999.00,-999.00,-999.00,-999.00,-999.00,-999.00,-999,-999.00,-999,-999.00,-999.00,-999.00,2655,-999.00,-999.00,-999.00,-999.00,333.03,17.39,17.20,17.30,-92.22,-92.41,-92.31,68,68.00,68.00,0.06,107.00,233.00,1411.00,1549.00
Soricomorpha,Soricidae,Sorex,shinto,sorex shinto,-999.00,-999.00,-999.00,63.50,-999.00,-999.00,-999.00,-999.00,-999.00,-999.00,-999.00,-999.00,-999.00,-999.00,-999.00,-999.00,-999.00,-999.00,-999.00,-999.00,-999.00,-999.00,-999.00,-999.00,-999,-999.00,-999,-999.00,-999.00,-999.00,2741,8.36,-999.00,-999.00,-999.00,97473.52,45.52,33.79,39.65,145.82,133.21,139.51,56,178.68,73.00,0.01,110.41,55.95,696.68,760.63
Soricomorpha,Soricidae,Sorex,sinalis,sorex sinalis,-999.00,-999.00,-999.00,70.00,-999.00,-999.00,-999.00,-999.00,-999.00,-999.00,-999.00,-999.00,-999.00,-999.00,-999.00,-999.00,-999.00,-999.00,-999.00,-999.00,-999.00,-999.00,-999.00,-999.00,-999,-999.00,-999,-999.00,-999.00,-999.00,2741,11.08,-999.00,-999.00,-999.00,627821.92,40.11,33.21,36.66,111.05,99.27,105.16,0,92.20,0.00,0.06,30.38,55.58,438.33,759.76
Soricomorpha,Soricidae,Sorex,sonomae,sorex sonomae,-999.00,8.30,-999.00,-999.00,-999.00,-999.00,-999.00,-999.00,-999.00,-999.00,-999.00,-999.00,-999.00,-999.00,-999.00,-999.00,-999.00,-999.00,-999.00,-999.00,-999.00,-999.00,-999.00,-999.00,-999,-999.00,-999,-999.00,-999.00,-999.00,2655,-999.00,-999.00,-999.00,-999.00,142851.40,45.37,37.51,41.44,-121.26,-124.56,-122.91,0,49.86,1.00,0.07,74.02,90.04,408.00,836.55
Soricomorpha,Soricidae,Sorex,stizodon,sorex stizodon,-999.00,7.00,-999.00,-999.00,-999.00,-999.00,-999.00,-999.00,-999.00,-999.00,-999.00,-999.00,-999.00,-999.00,-999.00,-999.00,-999.00,-999.00,-999.00,-999.00,-999.00,-999.00,-999.00,-999.00,-999,-999.00,-999,-999.00,-999.00,-999.00,2655,-999.00,-999.00,-999.00,-999.00,336.17,16.85,16.66,16.75,-92.53,-92.72,-92.63,110,110.00,110.00,0.05,76.00,169.00,1411.00,1549.00
Soricomorpha,Soricidae,Sorex,tenellus,sorex tenellus,-999.00,3.80,-999.00,52.00,-999.00,-999.00,-999.00,-999.00,-999.00,-999.00,-999.00,-999.00,-999.00,-999.00,-999.00,-999.00,-999.00,-999.00,-999.00,-999.00,-999.00,-999.00,-999.00,-999.00,-999,-999.00,-999,-999.00,-999.00,-999.00,1356;2655,-999.00,-999.00,-999.00,-999.00,65627.48,39.02,35.91,37.46,-115.17,-119.20,-117.18,0,9.33,0.00,0.10,22.22,99.95,224.75,1117.38
Soricomorpha,Soricidae,Sorex,thibetanus,sorex thibetanus,-999.00,-999.00,-999.00,-999.00,-999.00,-999.00,-999.00,-999.00,-999.00,-999.00,-999.00,-999.00,-999.00,-999.00,-999.00,-999.00,-999.00,-999.00,-999.00,-999.00,-999.00,-999.00,-999.00,-999.00,-999,-999.00,-999,-999.00,-999.00,-999.00,-999,-999.00,-999.00,-999.00,-999.00,245938.20,31.69,26.35,29.02,89.49,79.11,84.30,0,124.06,1.00,0.07,117.92,43.55,848.10,1129.58
Soricomorpha,Soricidae,Sorex,trowbridgii,sorex trowbridgii,2.00,5.02,-999.00,63.99,-999.00,-999.00,-999.00,-999.00,3.00,-999.00,-999.00,1.00,-999.00,-999.00,-999.00,3.91,2.00,18.00,-999.00,-999.00,-999.00,-999.00,-999.00,-999.00,6,1.00,2,-999.00,-999.00,-999.00,34;176;543;1094;1297;1445;1475;1849;2080;2655;3007,-999.00,-999.00,-999.00,-999.00,377970.17,49.57,34.27,41.92,-118.51,-124.73,-121.62,0,57.13,1.00,0.07,69.90,83.85,391.84,861.29
Soricomorpha,Soricidae,Sorex,tundrensis,sorex tundrensis,-999.00,7.65,-999.00,68.19,-999.00,-999.00,-999.00,-999.00,2.00,-999.00,-999.00,-999.00,-999.00,-999.00,-999.00,8.70,-999.00,-999.00,-999.00,-999.00,-999.00,-999.00,-999.00,-999.00,-999,-999.00,2,-999.00,-999.00,-999.00,629;813;1297;1445;2597,-999.00,-999.00,-999.00,-999.00,16024867.98,77.73,42.06,59.89,179.99,-179.99,0.00,0,4.62,0.00,-0.03,28.53,-78.19,269.29,300.68
Soricomorpha,Soricidae,Sorex,ugyunak,sorex ugyunak,-999.00,-999.00,-999.00,-999.00,-999.00,-999.00,-999.00,-999.00,-999.00,-999.00,-999.00,-999.00,-999.00,-999.00,-999.00,-999.00,-999.00,-999.00,-999.00,-999.00,-999.00,-999.00,-999.00,-999.00,-999,-999.00,-999,-999.00,-999.00,-999.00,-999,-999.00,-999.00,-999.00,-999.00,1406242.23,72.00,58.94,65.47,-81.18,-166.83,-124.01,0,0.01,0.00,0.06,19.61,-128.88,153.74,181.74
Soricomorpha,Soricidae,Sorex,unguiculatus,sorex unguiculatus,2.00,14.11,-999.00,75.49,-999.00,-999.00,-999.00,-999.00,1.00,-999.00,28.00,2.00,8.51806e-05,7.8193e-05,-999.00,5.24,1.32,18.00,-999.00,-999.00,3093.28,1.00,278.27,-999.00,-999,1.00,3,-999.00,-999.00,-999.00,1297;1445;1447;2169;2170;2171;2172;2741,-999.00,-999.00,-999.00,-999.00,788677.60,55.24,41.39,48.31,145.82,129.61,137.71,0,27.19,0.00,-0.02,51.15,-14.69,481.18,500.82
Soricomorpha,Soricidae,Sorex,vagrans,sorex vagrans,2.00,5.99,-999.00,64.51,15.75,-999.00,-999.00,-999.00,3.00,-999.00,20.13,-999.00,2.073312e-03,1.977464e-03,-999.00,5.84,1.50,25.00,0.41,-999.00,1759.54,1.00,417.36,-999.00,6,-999.00,2,21.83,5.49,-999.00,34;176;543;626;640;646;730;1081;1289;1297;1378;1442;1445;1451;1503;1849;2080;2170;2505;2655;2730;2786;2819;3059,-999.00,-999.00,-999.00,-999.00,1257392.20,52.44,35.86,44.15,-112.29,-126.05,-119.17,0,23.06,0.00,0.08,49.03,64.59,341.98,792.43
Rodentia,Sciuridae,Spermophilus,brevicauda,spermophilus brevicauda,-999.00,-999.00,-999.00,-999.00,-999.00,-999.00,-999.00,-999.00,-999.00,-999.00,-999.00,-999.00,-999.00,-999.00,-999.00,-999.00,-999.00,-999.00,-999.00,-999.00,-999.00,-999.00,-999.00,-999.00,-999,-999.00,-999,-999.00,-999.00,-999.00,-999,-999.00,-999.00,-999.00,-999.00,87259.87,44.44,42.66,43.55,82.90,72.91,77.91,4,37.48,6.00,0.01,30.96,41.09,321.07,688.77
Rodentia,Sciuridae,Spermophilus,brunneus,spermophilus brunneus,-999.00,300.00,-999.00,180.95,-999.00,-999.00,-999.00,-999.00,8.00,-999.00,24.50,2.00,-999.00,-999.00,-999.00,7.50,1.00,-999.00,-999.00,-999.00,-999.00,-999.00,-999.00,-999.00,10,1.00,2,-999.00,-999.00,-999.00,1015;2655;3103,-999.00,-999.00,-999.00,-999.00,1287.06,45.09,43.97,44.53,-115.97,-117.13,-116.55,0,19.20,0.00,0.16,33.43,61.68,310.20,779.73
Rodentia,Sciuridae,Spermophilus,canus,spermophilus canus,-999.00,-999.00,-999.00,-999.00,-999.00,-999.00,-999.00,-999.00,-999.00,-999.00,-999.00,-999.00,-999.00,-999.00,-999.00,-999.00,-999.00,-999.00,-999.00,-999.00,-999.00,-999.00,-999.00,-999.00,-999,-999.00,-999,-999.00,-999.00,-999.00,-999,-999.00,-999.00,-999.00,-999.00,217875.11,43.93,39.13,41.53,-113.37,-121.32,-117.35,0,3.93,0.00,0.05,22.61,71.09,276.52,817.15
Rodentia,Sciuridae,Spermophilus,citellus,spermophilus citellus,3.00,395.97,-999.00,198.50,-999.00,-999.00,-999.00,-999.00,3.00,-999.00,27.74,2.00,-999.00,-999.00,-999.00,6.48,1.25,-999.00,-999.00,-999.00,-999.00,-999.00,293.89,-999.00,-999,1.00,2,-999.00,-999.00,-999.00,511;899;1297;2655,-999.00,-999.00,-999.00,-999.00,486400.47,50.44,40.61,45.52,29.88,11.79,20.84,33,112.85,54.00,-3.45354771549607e-03,51.36,86.95,520.66,636.08
Rodentia,Sciuridae,Spermophilus,columbianus,spermophilus columbianus,3.00,470.94,-999.00,295.97,20.75,-999.00,-999.00,-999.00,4.00,-999.00,24.09,2.00,1.090594e-03,1.171326e-03,-999.00,3.54,1.00,-999.00,9.58,-999.00,2894.51,-999.00,625.91,-999.00,-999,1.00,1,32.19,108.57,-999.00,32;730;809;894;1264;1297;1573;1872;1977;2010;2013;2053;2082;2083;2084;2595;2655;2974;3092;3124,-999.00,-999.00,-999.00,-999.00,531930.50,55.15,43.15,49.15,-111.26,-122.39,-116.83,0,4.46,0.00,0.09,39.96,24.85,369.86,638.37
Rodentia,Sciuridae,Spermophilus,dauricus,spermophilus dauricus,-999.00,-999.00,-999.00,-999.00,-999.00,-999.00,-999.00,-999.00,-999.00,-999.00,30.00,-999.00,-999.00,-999.00,-999.00,5.62,1.00,-999.00,-999.00,-999.00,-999.00,-999.00,-999.00,-999.00,-999,-999.00,-999,-999.00,-999.00,-999.00,1297,-999.00,-999.00,-999.00,-999.00,1089392.42,51.92,34.75,43.33,127.44,110.95,119.20,1,144.52,1.00,0.04,32.51,29.60,466.86,621.32
Rodentia,Sciuridae,Spermophilus,elegans,spermophilus elegans,3.00,324.45,-999.00,-999.00,24.00,-999.00,-999.00,-999.00,1.00,-999.00,22.97,2.00,1.91853e-03,2.05123e-03,-999.00,5.75,-999.00,-999.00,5.97,-999.00,2834.47,-999.00,-999.00,1.00,10,1.00,1,33.20,80.00,-999.00,928;1297;2249;2655;3126,-999.00,-999.00,-999.00,-999.00,272232.06,47.70,40.23,43.96,-105.28,-117.52,-111.40,0,3.70,0.00,0.08,25.88,38.62,357.02,739.42
Primates,Cebidae,Saimiri,oerstedii,saimiri oerstedii,3.00,714.18,-999.00,282.22,-999.00,-999.00,-999.00,-999.00,2.00,-999.00,161.00,1.00,0.10,-999.00,-999.00,1.01,-999.00,-999.00,-999.00,-999.00,128.80,25.00,-999.00,25.10,-999,2.00,2,362.93,-999.00,-999.00,169;208;730;899;905;1167;1544;1547;1848;2151;2344;2463;2655;2986;3086,-999.00,-999.00,-999.00,-999.00,6892.87,9.52,8.02,8.77,-82.32,-84.32,-83.32,16,68.37,16.00,0.12,228.00,265.74,1440.00,1755.00
Primates,Cebidae,Saimiri,sciureus,saimiri sciureus,3.00,749.47,-999.00,322.00,-999.00,1073.25,738.81,850.00,3.00,-999.00,164.09,1.00,0.68,0.65,383.25,1.00,-999.00,324.00,107.50,-999.00,36.09,-999.00,1399.88,34.85,-999,2.00,2,177.41,418.00,-999.00,169;208;543;730;890;905;1167;1297;1544;1547;1577;1594;1611;1763;1767;1822;1848;2151;2251;2308;2344;2463;2489;2493;2511;2655;2660;2986;3086,-999.00,1.07,-999.00,-999.00,3166418.25,7.61,-8.91,-0.64,-44.29,-78.36,-61.33,0,4.63,0.00,0.11,186.86,253.03,1461.05,1606.65
Primates,Cebidae,Saimiri,ustus,saimiri ustus,3.00,886.47,-999.00,309.99,-999.00,-999.00,-999.00,-999.00,-999.00,-999.00,-999.00,1.00,-999.00,-999.00,-999.00,1.02,-999.00,-999.00,-999.00,-999.00,-999.00,-999.00,-999.00,-999.00,-999,2.00,-999,238.64,-999.00,-999.00,169;905;1544;1547;1848;2151;2655;2986,-999.00,-999.00,-999.00,-999.00,1699438.17,-1.82,-16.14,-8.98,-50.75,-65.29,-58.02,0,2.61,0.00,0.21,168.78,248.88,1296.11,1528.97
Primates,Cebidae,Saimiri,vanzolinii,saimiri vanzolinii,3.00,783.77,-999.00,-999.00,-999.00,-999.00,-999.00,-999.00,-999.00,-999.00,-999.00,-999.00,-999.00,-999.00,-999.00,1.02,-999.00,-999.00,-999.00,-999.00,-999.00,-999.00,-999.00,40.00,-999,-999.00,-999,-999.00,-999.00,-999.00,169;1544;1547;2151;2344;2655;2986,-999.00,-999.00,-999.00,-999.00,7011.35,-1.90,-2.66,-2.28,-66.75,-67.78,-67.26,0,0.62,0.00,0.00,231.87,258.49,1556.37,1556.37
Carnivora,Eupleridae,Salanoia,concolor,salanoia concolor,3.00,711.49,-999.00,296.21,-999.00,-999.00,-999.00,-999.00,3.00,-999.00,-999.00,1.00,-999.00,-999.00,-999.00,-999.00,-999.00,57.60,-999.00,-999.00,-999.00,1.50,-999.00,-999.00,-999,1.00,2,-999.00,-999.00,-999.00,463;543;1113;2151;2655,-999.00,-999.00,-999.00,-999.00,41471.69,-14.36,-19.67,-17.01,50.48,48.09,49.28,8,31.35,11.00,0.18,197.43,205.20,1397.51,1651.98
Rodentia,Octodontidae,Salinoctomys,loschalchalerosorum,salinoctomys loschalchalerosorum,-999.00,-999.00,-999.00,-999.00,-999.00,-999.00,-999.00,-999.00,-999.00,-999.00,-999.00,-999.00,-999.00,-999.00,-999.00,-999.00,-999.00,-999.00,-999.00,-999.00,-999.00,-999.00,-999.00,-999.00,-999,-999.00,-999,-999.00,-999.00,-999.00,-999,-999.00,-999.00,-999.00,-999.00,-999.00,-999.00,-999.00,-999.00,-999.00,-999.00,-999.00,-999,-999.00,-999.00,-999.00,-999.00,-999.00,-999.00,-999.00
Rodentia,Cricetidae,Salinomys,delicatus,salinomys delicatus,-999.00,-999.00,-999.00,-999.00,-999.00,-999.00,-999.00,-999.00,-999.00,-999.00,-999.00,-999.00,-999.00,-999.00,-999.00,-999.00,-999.00,-999.00,-999.00,-999.00,-999.00,-999.00,-999.00,-999.00,-999,-999.00,-999,-999.00,-999.00,-999.00,-999,-999.00,-999.00,-999.00,-999.00,-999.00,-999.00,-999.00,-999.00,-999.00,-999.00,-999.00,-999,-999.00,-999.00,-999.00,-999.00,-999.00,-999.00,-999.00
Rodentia,Dipodidae,Salpingotulus,michaelis,salpingotulus michaelis,1.00,-999.00,-999.00,-999.00,-999.00,-999.00,-999.00,-999.00,4.00,-999.00,-999.00,2.00,-999.00,-999.00,60.83,3.00,-999.00,-999.00,-999.00,17.00,-999.00,-999.00,-999.00,-999.00,6,1.00,1,-999.00,-999.00,-999.00,1297;2151,-999.00,2.72,0.48,-999.00,110350.78,31.11,28.23,29.67,66.62,61.34,63.98,3,12.65,3.00,0.19,9.10,189.62,113.63,1209.68
Rodentia,Dipodidae,Salpingotus,crassicauda,salpingotus crassicauda,-999.00,-999.00,-999.00,-999.00,-999.00,-999.00,-999.00,-999.00,4.00,-999.00,-999.00,2.00,-999.00,-999.00,-999.00,2.59,2.00,-999.00,-999.00,-999.00,-999.00,-999.00,-999.00,-999.00,8,1.00,2,-999.00,-999.00,-999.00,1297;2151,-999.00,-999.00,-999.00,-999.00,1234522.68,49.83,39.53,44.68,115.49,81.80,98.65,0,4.88,0.00,0.04,15.80,12.87,196.29,570.01
Rodentia,Dipodidae,Salpingotus,heptneri,salpingotus heptneri,-999.00,-999.00,-999.00,-999.00,-999.00,-999.00,-999.00,-999.00,-999.00,-999.00,-999.00,-999.00,-999.00,-999.00,-999.00,-999.00,-999.00,-999.00,-999.00,-999.00,-999.00,-999.00,-999.00,-999.00,8,-999.00,-999,-999.00,-999.00,-999.00,2151,-999.00,-999.00,-999.00,-999.00,58531.41,45.13,42.18,43.66,65.90,60.81,63.36,0,4.46,0.00,0.02,6.80,93.04,159.74,646.65
Rodentia,Dipodidae,Salpingotus,kozlovi,salpingotus kozlovi,-999.00,-999.00,-999.00,-999.00,-999.00,-999.00,-999.00,-999.00,-999.00,-999.00,-999.00,-999.00,-999.00,-999.00,-999.00,-999.00,-999.00,-999.00,-999.00,-999.00,-999.00,-999.00,-999.00,-999.00,8,-999.00,-999,-999.00,-999.00,-999.00,2151,-999.00,-999.00,-999.00,-999.00,1566815.56,45.38,36.41,40.90,111.79,75.81,93.80,0,10.57,0.00,0.05,14.18,62.13,110.03,670.03
Rodentia,Dipodidae,Salpingotus,pallidus,salpingotus pallidus,-999.00,-999.00,-999.00,-999.00,-999.00,-999.00,-999.00,-999.00,-999.00,-999.00,-999.00,-999.00,-999.00,-999.00,-999.00,-999.00,-999.00,-999.00,-999.00,-999.00,-999.00,-999.00,-999.00,-999.00,8,-999.00,-999,-999.00,-999.00,-999.00,2151,-999.00,-999.00,-999.00,-999.00,170262.70,49.53,44.36,46.95,78.48,58.38,68.43,0,2.17,0.00,-9.50931450715562e-03,20.95,60.94,237.08,580.49
Rodentia,Dipodidae,Salpingotus,thomasi,salpingotus thomasi,-999.00,-999.00,-999.00,-999.00,-999.00,-999.00,-999.00,-999.00,-999.00,-999.00,-999.00,-999.00,-999.00,-999.00,-999.00,-999.00,-999.00,-999.00,-999.00,-999.00,-999.00,-999.00,-999.00,-999.00,8,-999.00,-999,-999.00,-999.00,-999.00,2151,-999.00,-999.00,-999.00,-999.00,-999.00,-999.00,-999.00,-999.00,-999.00,-999.00,-999.00,-999,-999.00,-999.00,-999.00,-999.00,-999.00,-999.00,-999.00
Dasyuromorphia,Dasyuridae,Sarcophilus,harrisii,sarcophilus harrisii,2.00,8202.25,-999.00,557.86,-999.00,-999.00,1617.00,5775.00,1.00,-999.00,21.00,1.00,-999.00,-999.00,365.00,2.88,1.00,98.40,0.02,-999.00,5.90,-999.00,777.31,-999.00,-999,1.00,3,243.33,200.00,-999.00,543;955;1052;1297;1412;1760;1822;1848;2483;2484;2655,-999.00,-999.00,-999.00,-999.00,63567.96,-40.64,-43.64,-42.14,148.35,144.60,146.48,0,6.64,1.00,-0.01,71.30,104.27,610.94,778.91
Chiroptera,Molossidae,Sauromys,petrophilus,sauromys petrophilus,-999.00,14.25,38.99,-999.00,-999.00,-999.00,-999.00,-999.00,-999.00,-999.00,-999.00,1.00,-999.00,-999.00,-999.00,-999.00,-999.00,-999.00,-999.00,-999.00,-999.00,-999.00,-999.00,-999.00,-999,2.00,-999,-999.00,-999.00,-999.00,1658;2151;2622;2655,-999.00,-999.00,-999.00,-999.00,1573107.22,-15.41,-33.89,-24.65,33.26,14.87,24.07,0,14.66,0.00,0.10,32.72,187.63,458.43,1276.18
Soricomorpha,Talpidae,Scalopus,aquaticus,scalopus aquaticus,2.00,87.15,-999.00,125.21,-999.00,-999.00,-999.00,-999.00,4.00,-999.00,41.99,2.00,5.706842e-03,6.044458e-03,-999.00,3.89,1.00,74.40,5.35,-999.00,950.00,1.00,336.03,-999.00,6,1.00,2,30.18,-999.00,-999.00,176;543;595;949;966;1276;1277;1279;1297;1338;1573;1577;2131;2655;2786;2960;3100,-999.00,-999.00,-999.00,-999.00,3462331.15,46.26,24.74,35.50,-69.93,-105.37,-87.65,0,60.52,1.00,0.04,78.98,142.78,822.01,974.38
Soricomorpha,Talpidae,Scapanulus,oweni,scapanulus oweni,-999.00,-999.00,-999.00,89.34,-999.00,-999.00,-999.00,-999.00,1.00,-999.00,-999.00,-999.00,-999.00,-999.00,-999.00,-999.00,-999.00,-999.00,-999.00,-999.00,-999.00,-999.00,-999.00,-999.00,-999,-999.00,3,-999.00,-999.00,-999.00,2131;2741,22.41,-999.00,-999.00,-999.00,424698.98,36.78,29.36,33.07,109.86,101.74,105.80,3,200.08,6.00,0.06,59.33,86.47,688.10,847.63
Soricomorpha,Talpidae,Scapanus,latimanus,scapanus latimanus,2.00,62.46,-999.00,142.31,-999.00,-999.00,76.25,61.00,1.00,-999.00,40.00,1.00,-999.00,-999.00,-999.00,3.49,1.00,36.00,-999.00,-999.00,4999.99,1.00,-999.00,-999.00,-999,1.00,3,-999.00,-999.00,-999.00,595;1297;1822;2131;2655;2786;2940,-999.00,-999.00,-999.00,-999.00,327590.08,43.47,31.83,37.65,-115.41,-124.40,-119.90,0,99.41,0.00,0.07,43.20,104.72,338.05,1035.56
Soricomorpha,Talpidae,Scapanus,orarius,scapanus orarius,2.00,62.13,-999.00,123.44,-999.00,-999.00,64.07,61.20,3.00,-999.00,40.00,2.00,1.058952e-03,1.5e-03,-999.00,3.24,1.00,36.00,-999.00,-999.00,4999.99,1.00,327.62,-999.00,-999,1.00,2,-999.00,-999.00,-999.00,176;595;949;1275;1297;1822;2131;2655,-999.00,-999.00,-999.00,-999.00,351196.84,49.78,39.66,44.72,-116.11,-124.73,-120.42,0,32.51,1.00,0.09,69.80,74.02,383.19,728.48
Soricomorpha,Talpidae,Scapanus,townsendii,scapanus townsendii,-999.00,-999.00,-999.00,-999.00,-999.00,-999.00,-999.00,-999.00,-999.00,-999.00,-999.00,-999.00,-999.00,-999.00,-999.00,-999.00,-999.00,-999.00,-999.00,-999.00,-999.00,-999.00,-999.00,-999.00,-999,-999.00,-999,-999.00,-999.00,-999.00,-999,-999.00,-999.00,-999.00,-999.00,116660.41,49.48,40.39,44.94,-121.23,-124.73,-122.98,1,67.90,2.00,0.09,111.50,80.95,470.06,689.71
Rodentia,Cricetidae,Scapteromys,aquaticus,scapteromys aquaticus,-999.00,-999.00,-999.00,-999.00,-999.00,-999.00,-999.00,-999.00,-999.00,-999.00,-999.00,-999.00,-999.00,-999.00,-999.00,-999.00,-999.00,-999.00,-999.00,-999.00,-999.00,-999.00,-999.00,-999.00,-999,-999.00,-999,-999.00,-999.00,-999.00,-999,-999.00,-999.00,-999.00,-999.00,142975.58,-19.45,-27.89,-23.67,-56.47,-60.00,-58.24,0,17.31,0.00,0.04,93.53,231.94,1128.46,1192.03
Rodentia,Cricetidae,Scapteromys,tumidus,scapteromys tumidus,2.00,146.00,-999.00,-999.00,-999.00,-999.00,-999.00,-999.00,1.00,-999.00,-999.00,2.00,-999.00,-999.00,-999.00,3.63,-999.00,-999.00,-999.00,-999.00,-999.00,-999.00,-999.00,-999.00,-999,1.00,3,-999.00,-999.00,-999.00,890;1297;2655,-999.00,-999.00,-999.00,-999.00,333590.16,-29.19,-35.22,-32.20,-51.18,-59.88,-55.53,3,67.95,6.00,0.04,103.67,171.16,984.50,1114.18
Soricomorpha,Talpidae,Scaptochirus,moschatus,scaptochirus moschatus,-999.00,-999.00,-999.00,-999.00,-999.00,-999.00,-999.00,-999.00,-999.00,-999.00,-999.00,-999.00,-999.00,-999.00,-999.00,-999.00,-999.00,-999.00,-999.00,-999.00,-999.00,-999.00,-999.00,-999.00,-999,-999.00,-999,-999.00,-999.00,-999.00,-999,-999.00,-999.00,-999.00,-999.00,1409958.75,46.35,32.39,39.37,124.32,101.72,113.02,2,226.13,6.00,0.05,37.71,74.69,542.95,775.75
Soricomorpha,Talpidae,Scaptonyx,fusicaudus,scaptonyx fusicaudus,-999.00,-999.00,-999.00,-999.00,-999.00,-999.00,-999.00,-999.00,-999.00,-999.00,-999.00,-999.00,-999.00,-999.00,-999.00,-999.00,-999.00,-999.00,-999.00,-999.00,-999.00,-999.00,-999.00,-999.00,-999,-999.00,-999,-999.00,-999.00,-999.00,-999,-999.00,-999.00,-999.00,-999.00,359135.89,34.33,23.72,29.02,110.05,98.66,104.36,3,146.80,6.00,0.05,102.21,81.69,833.06,972.12
Rodentia,Sciuridae,Sciurillus,pusillus,sciurillus pusillus,3.00,34.91,-999.00,111.58,-999.00,-999.00,-999.00,-999.00,1.00,-999.00,-999.00,1.00,-999.00,-999.00,-999.00,1.94,-999.00,-999.00,-999.00,-999.00,-999.00,-999.00,-999.00,1.00,-999,2.00,1,-999.00,-999.00,-999.00,905;1297;2151;2431;2655,-999.00,-999.00,-999.00,-999.00,840125.78,6.00,-9.88,-1.94,-50.67,-77.54,-64.11,0,1.93,0.00,0.09,180.19,255.00,1447.82,1627.20
Rodentia,Sciuridae,Sciurotamias,davidianus,sciurotamias davidianus,-999.00,-999.00,-999.00,-999.00,-999.00,-999.00,-999.00,-999.00,-999.00,-999.00,-999.00,1.00,-999.00,-999.00,-999.00,-999.00,-999.00,-999.00,-999.00,-999.00,-999.00,-999.00,-999.00,-999.00,-999,1.00,-999,-999.00,-999.00,-999.00,32,-999.00,-999.00,-999.00,-999.00,1445168.25,39.85,25.31,32.58,122.70,100.77,111.73,3,305.85,8.00,0.05,70.94,108.87,745.48,891.45
Rodentia,Sciuridae,Sciurotamias,forresti,sciurotamias forresti,-999.00,-999.00,-999.00,-999.00,-999.00,-999.00,-999.00,-999.00,-999.00,-999.00,-999.00,-999.00,-999.00,-999.00,-999.00,-999.00,-999.00,-999.00,-999.00,-999.00,-999.00,-999.00,-999.00,-999.00,-999,-999.00,-999,-999.00,-999.00,-999.00,-999,-999.00,-999.00,-999.00,-999.00,235812.25,27.94,22.73,25.34,105.28,97.69,101.49,12,100.51,27.00,0.07,115.36,115.77,979.25,1211.84
Rodentia,Sciuridae,Sciurus,aberti,sciurus aberti,3.00,622.95,-999.00,269.29,42.00,-999.00,430.56,624.00,6.00,-999.00,40.98,2.00,0.05,0.06,-999.00,3.20,1.25,-999.00,12.00,-999.00,114.00,-999.00,385.83,-999.00,-999,2.00,2,69.73,354.99,-999.00,32;1297;1567;1573;1822;1977;2109;2151;2249;2655;2799;2948;2974,-999.00,-999.00,-999.00,-999.00,357095.32,41.26,23.11,32.19,-104.03,-113.55,-108.79,0,12.45,0.00,0.12,31.32,99.47,515.17,1129.68
Rodentia,Sciuridae,Sciurus,aestuans,sciurus aestuans,3.00,177.34,-999.00,171.48,-999.00,-999.00,-999.00,-999.00,3.00,-999.00,-999.00,2.00,-999.00,-999.00,-999.00,-999.00,-999.00,-999.00,-999.00,-999.00,-999.00,-999.00,-999.00,1.00,-999,2.00,2,-999.00,-999.00,-999.00,905;2151;2431;2655,-999.00,-999.00,-999.00,-999.00,7070707.36,6.82,-33.71,-13.44,-34.79,-67.72,-51.25,0,27.02,0.00,0.10,141.91,234.42,1260.72,1502.29
Rodentia,Sciuridae,Sciurus,alleni,sciurus alleni,3.00,465.14,-999.00,233.91,-999.00,-999.00,-999.00,-999.00,3.00,-999.00,-999.00,2.00,-999.00,-999.00,-999.00,3.00,-999.00,-999.00,-999.00,-999.00,-999.00,-999.00,-999.00,-999.00,8,2.00,2,-999.00,-999.00,-999.00,336;1297;2151;2655,-999.00,-999.00,-999.00,-999.00,49149.19,26.50,22.32,24.41,-98.99,-101.63,-100.31,2,48.71,4.00,0.09,38.04,208.00,664.71,1136.25
Rodentia,Sciuridae,Sciurus,anomalus,sciurus anomalus,3.00,-999.00,-999.00,-999.00,-999.00,-999.00,-999.00,-999.00,-999.00,-999.00,-999.00,2.00,-999.00,-999.00,-999.00,4.00,-999.00,-999.00,-999.00,-999.00,-999.00,-999.00,-999.00,-999.00,-999,2.00,-999,-999.00,-999.00,-999.00,1849;2151,-999.00,-999.00,-999.00,-999.00,872461.84,42.89,28.52,35.71,52.97,26.06,39.52,11,93.16,27.00,0.08,45.15,114.65,412.74,1084.38
Rodentia,Sciuridae,Sciurus,arizonensis,sciurus arizonensis,3.00,646.99,-999.00,263.19,-999.00,-999.00,-999.00,-999.00,3.00,-999.00,-999.00,2.00,-999.00,-999.00,-999.00,3.09,1.00,-999.00,-999.00,-999.00,-999.00,-999.00,-999.00,-999.00,8,2.00,1,-999.00,-999.00,-999.00,342;2151;2655,-999.00,-999.00,-999.00,-999.00,39352.69,34.81,30.70,32.75,-108.51,-112.64,-110.57,0,15.51,0.00,0.09,33.75,145.81,456.43,1292.03
Rodentia,Sciuridae,Sciurus,aureogaster,sciurus aureogaster,3.00,455.57,-999.00,251.25,-999.00,-999.00,-999.00,-999.00,3.00,-999.00,-999.00,2.00,0.01,0.01,-999.00,1.94,-999.00,-999.00,-999.00,-999.00,221.14,-999.00,-999.00,1.00,-999,2.00,1,-999.00,-999.00,-999.00,485;730;905;1297;2087;2151;2655;2948,-999.00,-999.00,-999.00,-999.00,623903.21,25.63,14.08,19.85,-89.88,-104.85,-97.36,3,97.15,7.00,0.08,99.60,215.02,1031.95,1534.38
Rodentia,Sciuridae,Sciurus,carolinensis,sciurus carolinensis,3.00,545.40,-999.00,253.48,32.00,365.00,391.00,440.00,7.00,304.16,44.79,2.00,8.569038e-03,0.01,-999.00,2.98,2.00,288.00,15.17,-999.00,690.00,-999.00,337.88,1.00,8,2.00,2,69.47,200.00,-999.00,32;153;189;190;191;543;730;991;1297;1383;1573;1577;1582;1660;1661;1812;1822;1849;1977;2050;2151;2155;2206;2249;2338;2450;2462;2608;2609;26202629;2655;2707;2799;2809;2833;2947;2948;2974,-999.00,-999.00,-999.00,-999.00,4081069.29,53.41,24.94,39.17,-66.06,-108.77,-87.41,0,59.05,1.00,0.03,78.26,114.03,764.94,862.26
Rodentia,Sciuridae,Sciurus,colliaei,sciurus colliaei,3.00,498.00,-999.00,253.14,-999.00,-999.00,-999.00,-999.00,2.00,-999.00,-999.00,2.00,-999.00,-999.00,-999.00,2.66,-999.00,-999.00,-999.00,-999.00,-999.00,-999.00,-999.00,-999.00,8,2.00,1,-999.00,-999.00,-999.00,32;343;1297;2151;2655,-999.00,-999.00,-999.00,-999.00,81663.79,28.81,18.86,23.83,-103.92,-109.89,-106.91,1,29.64,3.00,0.09,52.37,202.72,788.70,1459.04
Rodentia,Sciuridae,Sciurus,deppei,sciurus deppei,3.00,249.50,-999.00,200.49,-999.00,-999.00,-999.00,-999.00,3.00,-999.00,-999.00,2.00,0.01,0.01,-999.00,2.91,-999.00,-999.00,-999.00,-999.00,94.11,-999.00,-999.00,1.00,6,2.00,1,-999.00,-999.00,-999.00,337;730;905;1297;2151;2655,-999.00,-999.00,-999.00,-999.00,698811.25,24.50,10.51,17.51,-84.23,-99.82,-92.03,2,60.44,4.00,0.15,128.91,232.44,1239.69,1591.14
Rodentia,Sciuridae,Sciurus,flammifer,sciurus flammifer,3.00,-999.00,-999.00,-999.00,-999.00,-999.00,-999.00,-999.00,-999.00,-999.00,-999.00,2.00,-999.00,-999.00,-999.00,-999.00,-999.00,-999.00,-999.00,-999.00,-999.00,-999.00,-999.00,-999.00,-999,2.00,-999,-999.00,-999.00,-999.00,2151;2655,-999.00,-999.00,-999.00,-999.00,47391.27,8.27,5.46,6.86,-62.88,-65.57,-64.23,0,11.30,0.00,0.08,107.80,233.47,1520.28,1747.71
Rodentia,Sciuridae,Sciurus,gilvigularis,sciurus gilvigularis,3.00,803.00,-999.00,-999.00,-999.00,-999.00,-999.00,-999.00,-999.00,-999.00,-999.00,2.00,-999.00,-999.00,-999.00,-999.00,-999.00,-999.00,-999.00,-999.00,-999.00,-999.00,-999.00,-999.00,-999,2.00,-999,-999.00,-999.00,-999.00,2151;2655,-999.00,-999.00,-999.00,-999.00,1263707.24,6.89,-9.65,-1.38,-46.31,-67.77,-57.04,0,5.79,0.00,0.11,170.41,249.37,1434.80,1647.59
Rodentia,Sciuridae,Sciurus,granatensis,sciurus granatensis,3.00,318.44,-999.00,221.71,-999.00,-999.00,-999.00,-999.00,6.00,-999.00,-999.00,2.00,7.784702e-03,0.01,-999.00,1.90,2.50,-999.00,9.50,-999.00,77.94,-999.00,-999.00,1.00,6,2.00,2,-999.00,-999.00,-999.00,730;905;1297;1329;1660;1849;2151;2159;2655;2799;3138,-999.00,-999.00,-999.00,-999.00,843476.46,11.35,-1.12,5.11,-61.84,-84.23,-73.04,1,76.78,4.00,0.11,153.86,233.41,1394.46,1649.10
Rodentia,Sciuridae,Sciurus,griseus,sciurus griseus,3.00,703.85,-999.00,293.12,-999.00,-999.00,-999.00,-999.00,4.00,-999.00,43.49,2.00,8.025903e-03,7.400989e-03,-999.00,2.65,1.00,-999.00,-999.00,-999.00,239.99,-999.00,330.37,-999.00,8,2.00,1,-999.00,-999.00,-999.00,551;730;1297;2151;2655,-999.00,-999.00,-999.00,-999.00,373639.12,48.37,32.45,40.41,-115.41,-124.40,-119.90,1,65.73,1.00,0.08,51.63,101.43,360.21,954.31
Rodentia,Sciuridae,Sciurus,ignitus,sciurus ignitus,3.00,190.00,-999.00,-999.00,-999.00,-999.00,-999.00,-999.00,3.00,-999.00,-999.00,2.00,-999.00,-999.00,-999.00,-999.00,-999.00,-999.00,-999.00,-999.00,-999.00,-999.00,-999.00,1.00,-999,2.00,2,-999.00,-999.00,-999.00,905;2151;2655,-999.00,-999.00,-999.00,-999.00,1594152.72,0.04,-24.40,-12.17,-57.78,-78.50,-68.14,0,5.56,0.00,0.12,149.29,227.78,1277.86,1480.78
Rodentia,Sciuridae,Sciurus,igniventris,sciurus igniventris,3.00,700.00,-999.00,-999.00,-999.00,-999.00,-999.00,-999.00,2.00,-999.00,-999.00,2.00,-999.00,-999.00,-999.00,-999.00,-999.00,-999.00,-999.00,-999.00,-999.00,-999.00,-999.00,1.00,-999,2.00,1,-999.00,-999.00,-999.00,905;2151;2655,-999.00,-999.00,-999.00,-999.00,2245835.89,6.17,-14.35,-4.08,-60.17,-77.81,-68.99,0,2.44,0.00,0.11,201.79,250.97,1510.23,1562.85
Rodentia,Sciuridae,Sciurus,lis,sciurus lis,3.00,264.30,-999.00,-999.00,-999.00,-999.00,-999.00,-999.00,-999.00,-999.00,-999.00,2.00,0.13,0.12,-999.00,-999.00,-999.00,-999.00,-999.00,-999.00,-999.00,-999.00,-999.00,-999.00,-999,2.00,-999,-999.00,-999.00,-999.00,1573;2151,-999.00,-999.00,-999.00,-999.00,283013.81,41.54,30.98,36.26,142.07,129.55,135.81,74,382.65,100.00,8.95406607247756e-03,145.01,105.61,784.99,830.18
Rodentia,Sciuridae,Sciurus,nayaritensis,sciurus nayaritensis,3.00,697.00,-999.00,282.15,-999.00,-999.00,-999.00,-999.00,4.00,-999.00,-999.00,2.00,-999.00,-999.00,-999.00,2.43,-999.00,-999.00,-999.00,-999.00,-999.00,-999.00,-999.00,-999.00,8,2.00,1,-999.00,-999.00,-999.00,32;344;1297;2151;2655,-999.00,-999.00,-999.00,-999.00,250172.16,31.95,19.14,25.54,-102.54,-109.60,-106.07,0,23.75,2.00,0.11,44.73,148.54,662.41,1349.72
Rodentia,Sciuridae,Sciurus,niger,sciurus niger,-999.00,-999.00,-999.00,-999.00,-999.00,-999.00,-999.00,-999.00,-999.00,-999.00,-999.00,-999.00,0.23,0.19,-999.00,-999.00,-999.00,-999.00,-999.00,-999.00,6.32,-999.00,-999.00,-999.00,-999,-999.00,-999,-999.00,-999.00,-999.00,1543;1662,-999.00,-999.00,-999.00,-999.00,4359547.50,51.95,24.94,38.45,-75.05,-109.73,-92.39,0,42.90,1.00,0.04,71.07,126.75,760.59,916.92
Rodentia,Sciuridae,Sciurus,oculatus,sciurus oculatus,3.00,649.98,-999.00,267.20,-999.00,-999.00,-999.00,-999.00,-999.00,-999.00,-999.00,2.00,-999.00,-999.00,-999.00,-999.00,-999.00,-999.00,-999.00,-999.00,-999.00,-999.00,-999.00,-999.00,-999,2.00,-999,-999.00,-999.00,-999.00,345;2151;2655,-999.00,-999.00,-999.00,-999.00,102332.94,22.94,18.70,20.82,-96.93,-101.48,-99.20,10,215.20,26.00,0.09,73.27,180.91,896.42,1349.84
Rodentia,Sciuridae,Sciurus,pucheranii,sciurus pucheranii,3.00,803.00,-999.00,-999.00,-999.00,-999.00,-999.00,-999.00,-999.00,-999.00,-999.00,2.00,-999.00,-999.00,-999.00,-999.00,-999.00,-999.00,-999.00,-999.00,-999.00,-999.00,-999.00,-999.00,-999,2.00,-999,-999.00,-999.00,-999.00,2151;2655,-999.00,-999.00,-999.00,-999.00,116015.31,8.49,0.65,4.57,-72.12,-77.85,-74.98,2,89.09,7.00,0.09,148.79,189.52,1483.22,1546.70
Rodentia,Sciuridae,Sciurus,pyrrhinus,sciurus pyrrhinus,3.00,482.00,-999.00,-999.00,-999.00,-999.00,-999.00,-999.00,-999.00,-999.00,-999.00,2.00,-999.00,-999.00,-999.00,-999.00,-999.00,-999.00,-999.00,-999.00,-999.00,-999.00,-999.00,-999.00,-999,2.00,-999,-999.00,-999.00,-999.00,2151;2655,-999.00,-999.00,-999.00,-999.00,63480.04,-10.23,-13.70,-11.97,-71.30,-74.87,-73.09,1,9.74,1.00,0.09,138.42,211.00,1152.54,1443.42
Rodentia,Sciuridae,Sciurus,richmondi,sciurus richmondi,3.00,237.51,-999.00,194.40,-999.00,-999.00,-999.00,-999.00,-999.00,-999.00,-999.00,2.00,-999.00,-999.00,-999.00,2.59,-999.00,-999.00,-999.00,-999.00,-999.00,-999.00,-999.00,-999.00,-999,2.00,-999,-999.00,-999.00,-999.00,1297;1639;1849;2151;2655,-999.00,-999.00,-999.00,-999.00,27219.65,13.39,11.91,12.65,-83.62,-85.98,-84.80,2,22.05,2.00,0.12,202.67,225.16,1350.18,1713.64
Rodentia,Sciuridae,Sciurus,sanborni,sciurus sanborni,3.00,136.00,-999.00,-999.00,-999.00,-999.00,-999.00,-999.00,-999.00,-999.00,-999.00,2.00,-999.00,-999.00,-999.00,-999.00,-999.00,-999.00,-999.00,-999.00,-999.00,-999.00,-999.00,-999.00,-999,2.00,-999,-999.00,-999.00,-999.00,2151;2655,-999.00,-999.00,-999.00,-999.00,104684.03,-11.01,-14.40,-12.70,-69.00,-72.90,-70.95,0,3.70,1.00,0.06,309.04,194.93,1427.90,1498.50
Rodentia,Sciuridae,Sciurus,spadiceus,sciurus spadiceus,3.00,403.32,-999.00,-999.00,-999.00,-999.00,-999.00,-999.00,2.00,-999.00,-999.00,2.00,-999.00,-999.00,-999.00,-999.00,-999.00,-999.00,-999.00,-999.00,76.71,-999.00,-999.00,1.00,-999,2.00,1,-999.00,-999.00,-999.00,730;905;2151;2655,-999.00,-999.00,-999.00,-999.00,2693893.11,0.39,-17.59,-8.59,-54.71,-77.82,-66.26,0,2.50,0.00,0.16,179.96,251.13,1402.14,1535.56
Rodentia,Sciuridae,Sciurus,stramineus,sciurus stramineus,3.00,433.30,-999.00,-999.00,-999.00,-999.00,-999.00,-999.00,-999.00,-999.00,-999.00,2.00,-999.00,-999.00,-999.00,-999.00,-999.00,-999.00,-999.00,-999.00,-999.00,-999.00,-999.00,-999.00,-999,2.00,-999,-999.00,-999.00,-999.00,2151;2655,-999.00,-999.00,-999.00,-999.00,142389.13,-0.89,-6.92,-3.90,-78.29,-81.35,-79.82,0,68.48,4.00,0.09,73.79,196.87,745.30,1347.59
Rodentia,Sciuridae,Sciurus,variegatoides,sciurus variegatoides,3.00,485.00,-999.00,262.60,-999.00,-999.00,-999.00,-999.00,4.00,-999.00,-999.00,2.00,-999.00,-999.00,-999.00,4.99,-999.00,-999.00,-999.00,-999.00,-999.00,-999.00,-999.00,-999.00,-999,2.00,2,-999.00,-999.00,-999.00,338;2151;2655,-999.00,-999.00,-999.00,-999.00,396517.47,16.02,7.19,11.61,-79.15,-93.30,-86.22,2,70.87,3.00,0.14,186.70,232.57,1306.60,1676.96
Rodentia,Sciuridae,Sciurus,vulgaris,sciurus vulgaris,3.00,333.00,-999.00,213.17,31.25,273.75,-999.00,-999.00,5.00,-999.00,38.00,2.00,0.05,0.05,91.25,4.50,2.00,144.00,8.83,-999.00,59.70,-999.00,360.85,-999.00,-999,2.00,2,64.51,-999.00,-999.00,511;543;1297;1573;1577;1582;1732;1769;1841;1849;2047;2151;2608;2655;2947;2976;3143,-999.00,-999.00,-999.00,-999.00,17785005.74,72.59,34.28,53.43,172.55,-6.23,83.16,0,34.72,0.00,-8.74440938675538e-03,37.04,-36.49,331.40,375.28
Rodentia,Sciuridae,Sciurus,yucatanensis,sciurus yucatanensis,3.00,225.00,-999.00,236.86,-999.00,-999.00,-999.00,-999.00,1.00,-999.00,-999.00,2.00,-999.00,-999.00,-999.00,3.00,-999.00,-999.00,-999.00,-999.00,-999.00,-999.00,-999.00,-999.00,-999,2.00,1,-999.00,-999.00,-999.00,347;1297;2151;2655,-999.00,-999.00,-999.00,-999.00,222990.16,21.60,15.40,18.50,-86.73,-92.05,-89.39,3,22.04,4.00,0.21,115.46,246.61,1328.87,1577.71
Chiroptera,Phyllostomidae,Scleronycteris,ega,scleronycteris ega,-999.00,49.54,34.50,-999.00,-999.00,-999.00,-999.00,-999.00,-999.00,-999.00,-999.00,1.00,-999.00,-999.00,-999.00,-999.00,-999.00,-999.00,-999.00,-999.00,-999.00,-999.00,-999.00,-999.00,-999,2.00,-999,-999.00,-999.00,-999.00,1658;2151;2622,-999.00,-999.00,-999.00,-999.00,243503.95,4.19,-4.15,0.02,-63.29,-67.35,-65.32,0,0.28,0.00,0.06,213.31,251.67,1627.91,1635.22
Rodentia,Cricetidae,Scolomys,melanops,scolomys melanops,-999.00,26.50,-999.00,-999.00,-999.00,-999.00,-999.00,-999.00,-999.00,-999.00,-999.00,-999.00,-999.00,-999.00,-999.00,-999.00,-999.00,-999.00,-999.00,-999.00,-999.00,-999.00,-999.00,-999.00,-999,-999.00,-999,-999.00,-999.00,-999.00,2655,-999.00,-999.00,-999.00,-999.00,11901.21,0.18,-1.53,-0.67,-77.06,-78.34,-77.70,4,33.45,4.00,0.16,222.99,177.09,1352.09,1360.18
Rodentia,Cricetidae,Scolomys,ucayalensis,scolomys ucayalensis,-999.00,26.50,-999.00,-999.00,-999.00,-999.00,-999.00,-999.00,-999.00,-999.00,-999.00,-999.00,-999.00,-999.00,-999.00,-999.00,-999.00,-999.00,-999.00,-999.00,-999.00,-999.00,-999.00,-999.00,-999,-999.00,-999,-999.00,-999.00,-999.00,2655,-999.00,-999.00,-999.00,-999.00,2596.26,-4.96,-5.56,-5.26,-73.48,-73.96,-73.72,1,1.00,1.00,0.00,211.75,259.50,1516.74,1517.99
Chiroptera,Vespertilionidae,Scoteanax,rueppellii,scoteanax rueppellii,-999.00,26.41,53.00,-999.00,-999.00,-999.00,-999.00,-999.00,-999.00,-999.00,-999.00,1.00,-999.00,-999.00,-999.00,1.00,-999.00,-999.00,-999.00,-999.00,-999.00,-999.00,-999.00,-999.00,-999,2.00,-999,-999.00,-999.00,-999.00,1297;1658;2143;2151;2622;2655,-999.00,-999.00,-999.00,-999.00,343840.65,-16.59,-37.80,-27.19,153.63,145.03,149.33,0,29.02,0.00,0.08,85.29,175.85,880.47,1371.13
Rodentia,Cricetidae,Scotinomys,teguina,scotinomys teguina,-999.00,11.59,-999.00,-999.00,13.30,-999.00,31.20,12.00,2.00,-999.00,31.20,1.00,-999.00,-999.00,30.95,2.46,-999.00,-999.00,1.11,-999.00,-999.00,-999.00,38.97,-999.00,-999,1.00,2,21.00,-999.00,-999.00,1297;1376;1822;2151;2655,-999.00,3.83,-999.00,-999.00,175099.23,17.10,8.36,12.73,-82.21,-95.13,-88.67,6,76.53,12.00,0.12,158.13,222.84,1285.98,1651.02
Rodentia,Cricetidae,Scotinomys,xerampelinus,scotinomys xerampelinus,-999.00,15.07,-999.00,-999.00,17.80,-999.00,31.92,15.20,-999.00,-999.00,33.53,-999.00,-999.00,-999.00,33.10,3.08,-999.00,-999.00,1.11,-999.00,-999.00,-999.00,59.23,-999.00,-999,-999.00,-999,24.50,-999.00,-999.00,1297;1376;1822;2655,-999.00,3.71,-999.00,-999.00,5990.23,10.10,8.71,9.41,-82.20,-83.93,-83.06,13,49.47,13.00,0.12,253.24,255.32,1484.03,1755.00
Chiroptera,Vespertilionidae,Scotoecus,albigula,scotoecus albigula,-999.00,10.08,-999.00,-999.00,-999.00,-999.00,-999.00,-999.00,-999.00,-999.00,-999.00,-999.00,-999.00,-999.00,-999.00,-999.00,-999.00,-999.00,-999.00,-999.00,-999.00,-999.00,-999.00,-999.00,-999,-999.00,-999,-999.00,-999.00,-999.00,1257;2622,-999.00,-999.00,-999.00,-999.00,4681953.48,2.32,-17.67,-7.67,44.46,10.44,27.45,0,36.65,2.00,0.18,93.41,226.67,964.03,1517.60
Chiroptera,Vespertilionidae,Scotoecus,albofuscus,scotoecus albofuscus,-999.00,4.50,29.49,-999.00,-999.00,-999.00,-999.00,-999.00,-999.00,-999.00,-999.00,1.00,-999.00,-999.00,-999.00,-999.00,-999.00,-999.00,-999.00,-999.00,-999.00,-999.00,-999.00,-999.00,-999,2.00,-999,-999.00,-999.00,-999.00,1658;2151;2622;2655,-999.00,-999.00,-999.00,-999.00,5509425.96,15.77,-29.74,-6.98,39.50,-15.42,12.03,0,35.48,1.00,0.13,92.88,240.71,945.47,1562.90
Chiroptera,Vespertilionidae,Scotoecus,hindei,scotoecus hindei,-999.00,10.41,-999.00,-999.00,-999.00,-999.00,-999.00,-999.00,-999.00,-999.00,-999.00,-999.00,-999.00,-999.00,-999.00,-999.00,-999.00,-999.00,-999.00,-999.00,-999.00,-999.00,-999.00,-999.00,-999,-999.00,-999,-999.00,-999.00,-999.00,1257,-999.00,-999.00,-999.00,-999.00,7284863.48,11.98,-17.67,-2.84,51.41,2.95,27.18,0,38.25,1.00,0.12,88.33,236.79,933.40,1583.53
Chiroptera,Vespertilionidae,Scotoecus,hirundo,scotoecus hirundo,-999.00,8.45,31.75,-999.00,-999.00,-999.00,-999.00,-999.00,-999.00,-999.00,-999.00,1.00,-999.00,-999.00,-999.00,1.96,-999.00,-999.00,-999.00,-999.00,-999.00,-999.00,-999.00,-999.00,-999,2.00,-999,-999.00,-999.00,-999.00,1297;1658;1938;2151;2655,-999.00,-999.00,-999.00,-999.00,4186029.40,14.41,1.47,7.94,41.50,-16.99,12.25,0,43.73,1.00,0.10,113.04,249.63,1055.96,1576.13
Chiroptera,Vespertilionidae,Scotoecus,pallidus,scotoecus pallidus,-999.00,-999.00,35.99,-999.00,-999.00,-999.00,-999.00,-999.00,-999.00,-999.00,-999.00,1.00,-999.00,-999.00,-999.00,-999.00,-999.00,-999.00,-999.00,-999.00,-999.00,-999.00,-999.00,-999.00,-999,2.00,-999,-999.00,-999.00,-999.00,1658;2151,7.20,-999.00,-999.00,-999.00,721248.22,32.89,22.01,27.45,88.61,68.01,78.31,0,426.95,13.00,0.11,74.78,217.69,661.55,1285.99
Chiroptera,Vespertilionidae,Scotomanes,ornatus,scotomanes ornatus,-999.00,22.24,56.24,-999.00,-999.00,-999.00,-999.00,-999.00,-999.00,-999.00,-999.00,1.00,-999.00,-999.00,-999.00,-999.00,-999.00,-999.00,-999.00,-999.00,-999.00,-999.00,-999.00,-999.00,-999,2.00,-999,-999.00,-999.00,-999.00,196;1658;2151;2622;2655,-999.00,-999.00,-999.00,-999.00,1811538.78,29.02,19.54,24.28,118.11,86.85,102.48,1,191.98,6.00,0.07,139.10,161.41,1051.01,1208.67
Chiroptera,Pteropodidae,Scotonycteris,ophiodon,scotonycteris ophiodon,-999.00,69.42,75.99,-999.00,-999.00,-999.00,-999.00,-999.00,-999.00,-999.00,-999.00,1.00,-999.00,-999.00,-999.00,0.98,-999.00,-999.00,3.70,41.29,-999.00,-999.00,-999.00,-999.00,-999,2.00,-999,-999.00,-999.00,-999.00,266;271;1297;1658;2151;2655;3071,-999.00,-999.00,-999.00,-999.00,342183.78,8.05,-4.54,1.75,12.67,-8.98,1.84,1,61.08,1.00,0.10,155.36,250.21,1303.72,1535.54
Chiroptera,Pteropodidae,Scotonycteris,zenkeri,scotonycteris zenkeri,1.00,21.30,51.17,-999.00,-999.00,-999.00,-999.00,-999.00,-999.00,-999.00,-999.00,1.00,-999.00,-999.00,-999.00,0.99,-999.00,-999.00,-999.00,-999.00,-999.00,-999.00,-999.00,-999.00,-999,2.00,-999,-999.00,-999.00,-999.00,196;258;266;271;360;904;1297;1658;2151;2655;3071,-999.00,-999.00,-999.00,-999.00,928860.20,8.07,-4.78,1.64,29.52,-10.46,9.53,1,87.38,1.00,0.10,155.63,244.26,1330.82,1544.00
Chiroptera,Vespertilionidae,Scotophilus,borbonicus,scotophilus borbonicus,1.00,19.02,46.24,-999.00,-999.00,-999.00,-999.00,-999.00,-999.00,-999.00,185.30,1.00,-999.00,-999.00,-999.00,2.00,1.00,-999.00,-999.00,-999.00,-999.00,-999.00,-999.00,-999.00,-999,2.00,-999,-999.00,-999.00,-999.00,44;1045;1048;1658;2143;2151;2655;2899;2900;3023,-999.00,-999.00,-999.00,-999.00,2553.73,-20.85,-21.37,-21.11,55.84,55.21,55.53,257,257.00,257.00,0.08,89.00,195.00,-999.00,-999.00
Chiroptera,Vespertilionidae,Scotophilus,celebensis,scotophilus celebensis,-999.00,-999.00,-999.00,-999.00,-999.00,-999.00,-999.00,-999.00,-999.00,-999.00,-999.00,1.00,-999.00,-999.00,-999.00,-999.00,-999.00,-999.00,-999.00,-999.00,-999.00,-999.00,-999.00,-999.00,-999,2.00,-999,-999.00,-999.00,-999.00,2151,-999.00,-999.00,-999.00,-999.00,170486.35,1.75,-5.70,-1.97,125.24,118.75,121.99,17,96.75,17.00,0.08,229.41,215.47,1812.60,1909.15
Chiroptera,Vespertilionidae,Scotophilus,collinus,scotophilus collinus,-999.00,-999.00,-999.00,-999.00,-999.00,-999.00,-999.00,-999.00,-999.00,-999.00,-999.00,-999.00,-999.00,-999.00,-999.00,-999.00,-999.00,-999.00,-999.00,-999.00,-999.00,-999.00,-999.00,-999.00,-999,-999.00,-999,-999.00,-999.00,-999.00,-999,-999.00,-999.00,-999.00,-999.00,-999.00,-999.00,-999.00,-999.00,-999.00,-999.00,-999.00,-999,-999.00,-999.00,-999.00,-999.00,-999.00,-999.00,-999.00
Chiroptera,Vespertilionidae,Scotophilus,dinganii,scotophilus dinganii,-999.00,25.12,-999.00,-999.00,-999.00,-999.00,-999.00,-999.00,1.00,-999.00,-999.00,1.00,-999.00,-999.00,-999.00,2.20,-999.00,-999.00,-999.00,-999.00,-999.00,-999.00,-999.00,-999.00,-999,2.00,3,-999.00,-999.00,-999.00,44;196;1257;1297;2151;2176;2622;2655;2719;2894;2900,-999.00,-999.00,-999.00,-999.00,14455527.27,17.72,-33.77,-8.02,51.41,-16.82,17.29,0,31.07,1.00,0.13,87.36,234.81,907.25,1546.63
Chiroptera,Vespertilionidae,Scotophilus,heathii,scotophilus heathii,-999.00,36.13,61.50,-999.00,-999.00,286.42,-999.00,-999.00,1.00,-999.00,112.70,1.00,-999.00,-999.00,-999.00,1.92,1.00,-999.00,5.49,-999.00,-999.00,15.00,192.91,-999.00,-999,2.00,3,19.17,20.00,-999.00,196;818;1297;1384;1388;1658;1674;1677;1680;1704;1705;1859;2143;2151;2655;3023,-999.00,-999.00,-999.00,-999.00,5702540.76,35.57,6.05,20.81,112.07,66.15,89.11,0,253.43,9.00,0.09,112.43,222.49,846.85,1407.11
Chiroptera,Vespertilionidae,Scotophilus,kuhlii,scotophilus kuhlii,-999.00,20.31,51.40,-999.00,-999.00,365.00,-999.00,-999.00,1.00,-999.00,110.00,1.00,-999.00,-999.00,-999.00,1.50,1.00,-999.00,6.50,-999.00,-999.00,115.00,242.64,-999.00,-999,2.00,3,38.35,-999.00,-999.00,196;1138;1139;1297;1439;1621;1658;2151;2655;2719,-999.00,-999.00,-999.00,-999.00,-999.00,-999.00,-999.00,-999.00,-999.00,-999.00,-999.00,-999,-999.00,-999.00,-999.00,-999.00,-999.00,-999.00,-999.00
Chiroptera,Vespertilionidae,Scotophilus,leucogaster,scotophilus leucogaster,-999.00,20.24,51.00,-999.00,-999.00,-999.00,-999.00,-999.00,1.00,-999.00,228.12,1.00,-999.00,-999.00,-999.00,1.38,-999.00,-999.00,-999.00,-999.00,-999.00,-999.00,-999.00,-999.00,-999,2.00,3,-999.00,-999.00,-999.00,1297;1658;1784;1938;2151;2655,-999.00,-999.00,-999.00,-999.00,19600115.28,18.58,-34.83,-8.12,51.41,-17.53,16.93,0,32.30,1.00,0.12,82.81,235.59,849.51,1523.00
Chiroptera,Vespertilionidae,Scotophilus,nigrita,scotophilus nigrita,-999.00,27.34,79.50,-999.00,-999.00,-999.00,-999.00,-999.00,1.00,-999.00,-999.00,1.00,-999.00,-999.00,-999.00,1.50,-999.00,-999.00,-999.00,-999.00,-999.00,-999.00,-999.00,-999.00,-999,2.00,3,-999.00,-999.00,-999.00,196;1297;1658;2143;2151;2622;2655;2719,-999.00,-999.00,-999.00,-999.00,19728406.47,18.59,-34.83,-8.12,51.41,-17.53,16.93,0,32.93,1.00,0.13,82.09,235.06,843.08,1524.27
Chiroptera,Vespertilionidae,Scotophilus,nucella,scotophilus nucella,-999.00,-999.00,-999.00,-999.00,-999.00,-999.00,-999.00,-999.00,-999.00,-999.00,-999.00,-999.00,-999.00,-999.00,-999.00,-999.00,-999.00,-999.00,-999.00,-999.00,-999.00,-999.00,-999.00,-999.00,-999,-999.00,-999,-999.00,-999.00,-999.00,-999,-999.00,-999.00,-999.00,-999.00,4453808.43,10.79,-4.08,3.35,34.75,-11.36,11.69,0,40.90,1.00,0.10,133.35,250.19,1235.77,1590.28
Chiroptera,Vespertilionidae,Scotophilus,nux,scotophilus nux,-999.00,30.00,-999.00,-999.00,-999.00,-999.00,-999.00,-999.00,-999.00,-999.00,-999.00,1.00,-999.00,-999.00,-999.00,-999.00,-999.00,-999.00,-999.00,-999.00,-999.00,-999.00,-999.00,-999.00,-999,2.00,-999,-999.00,-999.00,-999.00,2151;2622;2655,-999.00,-999.00,-999.00,-999.00,3395971.56,9.05,-4.72,2.16,37.52,-12.78,12.36,0,57.32,1.00,0.12,145.71,241.79,1345.49,1562.74
Chiroptera,Vespertilionidae,Scotophilus,robustus,scotophilus robustus,2.00,-999.00,62.50,152.50,-999.00,-999.00,-999.00,-999.00,1.00,-999.00,-999.00,1.00,-999.00,-999.00,-999.00,-999.00,-999.00,-999.00,-999.00,-999.00,-999.00,-999.00,-999.00,-999.00,-999,2.00,3,-999.00,-999.00,-999.00,1048;2151,60.10,-999.00,-999.00,-999.00,322073.14,-11.94,-25.20,-18.57,50.48,43.22,46.85,2,27.33,3.00,0.19,131.72,224.13,1120.20,1603.66
Chiroptera,Vespertilionidae,Scotophilus,viridis,scotophilus viridis,-999.00,19.81,-999.00,-999.00,-999.00,-999.00,-999.00,-999.00,1.00,-999.00,-999.00,1.00,-999.00,-999.00,-999.00,2.00,-999.00,-999.00,-999.00,-999.00,-999.00,-999.00,-999.00,-999.00,-999,2.00,3,-999.00,-999.00,-999.00,1257;1297;2151;2655,-999.00,-999.00,-999.00,-999.00,11311741.69,14.40,-29.70,-7.65,42.25,-16.82,12.71,0,36.14,1.00,0.14,108.74,234.29,1062.18,1527.45
Chiroptera,Vespertilionidae,Scotorepens,balstoni,scotorepens balstoni,-999.00,11.92,35.49,-999.00,-999.00,-999.00,-999.00,-999.00,-999.00,-999.00,212.91,1.00,-999.00,-999.00,-999.00,1.41,-999.00,-999.00,2.39,-999.00,-999.00,-999.00,-999.00,-999.00,-999,2.00,-999,44.58,5.60,-999.00,1297;1658;1835;2151;2515;2655,-999.00,-999.00,-999.00,-999.00,4828168.66,-17.37,-38.43,-27.90,149.87,113.14,131.51,0,0.66,0.00,3.31354910180706e-03,26.39,206.50,345.67,1279.29
Chiroptera,Vespertilionidae,Scotorepens,greyii,scotorepens greyii,-999.00,10.00,30.00,-999.00,-999.00,-999.00,-999.00,-999.00,-999.00,-999.00,-999.00,1.00,-999.00,-999.00,-999.00,-999.00,-999.00,-999.00,-999.00,-999.00,-999.00,-999.00,-999.00,-999.00,-999,2.00,-999,-999.00,-999.00,-999.00,1658;2151;2622;2655,-999.00,-999.00,-999.00,-999.00,3304194.08,-11.11,-31.34,-21.23,149.48,113.59,131.54,0,0.33,0.00,0.02,40.22,237.37,494.24,1529.09
Chiroptera,Vespertilionidae,Scotorepens,orion,scotorepens orion,-999.00,11.83,-999.00,-999.00,-999.00,-999.00,-999.00,-999.00,-999.00,-999.00,-999.00,-999.00,-999.00,-999.00,-999.00,-999.00,-999.00,-999.00,-999.00,-999.00,-999.00,-999.00,-999.00,-999.00,-999,-999.00,-999,-999.00,-999.00,-999.00,2143,-999.00,-999.00,-999.00,-999.00,223272.93,-26.87,-39.13,-33.00,153.63,144.30,148.97,1,53.53,1.00,0.07,75.58,138.64,727.27,1099.81
Chiroptera,Vespertilionidae,Scotorepens,sanborni,scotorepens sanborni,-999.00,8.13,32.99,-999.00,-999.00,-999.00,-999.00,-999.00,-999.00,-999.00,-999.00,1.00,-999.00,-999.00,-999.00,-999.00,-999.00,-999.00,-999.00,-999.00,-999.00,-999.00,-999.00,-999.00,-999,2.00,-999,-999.00,-999.00,-999.00,196;1658;2151;2622;2655;2744,-999.00,-999.00,-999.00,-999.00,962885.89,-5.59,-23.22,-14.41,150.87,121.60,136.23,0,6.69,0.00,0.09,109.77,244.61,910.77,1679.39
Chiroptera,Vespertilionidae,Scotozous,dormeri,scotozous dormeri,-999.00,6.79,34.50,-999.00,-999.00,-999.00,-999.00,-999.00,-999.00,-999.00,-999.00,1.00,-999.00,-999.00,-999.00,1.08,-999.00,-999.00,1.70,-999.00,-999.00,-999.00,-999.00,-999.00,-999,2.00,-999,-999.00,-999.00,-999.00,196;1297;1528;1658;2143;2151;2655,-999.00,-999.00,-999.00,-999.00,2966423.23,32.84,10.09,21.47,89.10,68.20,78.65,5,316.23,45.00,0.09,81.42,246.85,697.54,1432.81
Soricomorpha,Soricidae,Scutisorex,somereni,scutisorex somereni,-999.00,91.49,-999.00,-999.00,-999.00,-999.00,-999.00,-999.00,-999.00,-999.00,-999.00,-999.00,-999.00,-999.00,-999.00,1.85,-999.00,-999.00,-999.00,-999.00,-999.00,-999.00,-999.00,-999.00,-999,-999.00,-999,-999.00,-999.00,-999.00,1297;2655,-999.00,-999.00,-999.00,-999.00,252190.81,3.04,-2.54,0.24,33.31,23.63,28.47,1,66.04,2.00,0.14,128.58,222.68,1445.18,1590.96
Rodentia,Muridae,Sekeetamys,calurus,sekeetamys calurus,-999.00,56.61,-999.00,-999.00,-999.00,-999.00,44.05,58.20,-999.00,-999.00,-999.00,-999.00,-999.00,-999.00,-999.00,2.90,-999.00,64.80,-999.00,-999.00,-999.00,-999.00,-999.00,-999.00,-999,-999.00,-999,-999.00,-999.00,-999.00,543;1297;2655;2978,-999.00,-999.00,-999.00,-999.00,303182.73,31.44,19.13,25.29,47.03,30.98,39.01,1,32.01,1.00,0.12,3.26,214.01,71.42,1365.19
Rodentia,Gliridae,Selevinia,betpakdalaensis,selevinia betpakdalaensis,2.00,17.12,-999.00,84.99,-999.00,-999.00,-999.00,-999.00,1.00,-999.00,-999.00,2.00,-999.00,-999.00,-999.00,6.90,-999.00,-999.00,-999.00,-999.00,-999.00,-999.00,-999.00,-999.00,-999,1.00,3,-999.00,-999.00,-999.00,1297;2151,-999.00,-999.00,-999.00,-999.00,164721.40,47.34,45.51,46.42,83.13,66.27,74.70,0,3.08,0.00,3.59147936468038e-04,25.79,77.64,240.21,572.29
Primates,Cercopithecidae,Semnopithecus,ajax,semnopithecus ajax,-999.00,-999.00,-999.00,-999.00,-999.00,-999.00,-999.00,-999.00,-999.00,-999.00,-999.00,-999.00,-999.00,-999.00,-999.00,-999.00,-999.00,-999.00,-999.00,-999.00,-999.00,-999.00,-999.00,-999.00,-999,-999.00,-999,-999.00,-999.00,-999.00,-999,-999.00,-999.00,-999.00,-999.00,68186.13,34.63,30.11,32.37,78.94,73.53,76.23,6,176.02,10.00,0.09,93.60,111.99,921.53,1169.68
Primates,Cercopithecidae,Semnopithecus,dussumieri,semnopithecus dussumieri,-999.00,-999.00,-999.00,-999.00,-999.00,-999.00,-999.00,-999.00,-999.00,-999.00,-999.00,-999.00,-999.00,-999.00,-999.00,-999.00,-999.00,-999.00,-999.00,-999.00,-999.00,-999.00,-999.00,-999.00,-999,-999.00,-999,-999.00,-999.00,-999.00,-999,-999.00,-999.00,-999.00,-999.00,410033.74,19.80,8.06,13.93,78.13,72.70,75.42,103,446.86,147.00,0.08,106.04,258.56,851.72,1581.88
Primates,Cercopithecidae,Semnopithecus,entellus,semnopithecus entellus,3.00,12679.29,-999.00,595.00,-999.00,1335.90,-999.00,-999.00,2.00,-999.00,197.70,-999.00,1.30,-999.00,507.95,1.02,-999.00,300.00,499.83,-999.00,17.28,26.20,1497.64,19.00,-999,-999.00,1,402.10,2100.00,-999.00,208;543;679;730;741;929;1167;1297;1347;1544;1547;1649;1763;1767;1848;2344;2489;2493;2626;2655;2660;2748;3086,-999.00,0.93,-999.00,-999.00,1516357.53,29.95,17.03,23.49,87.93,69.01,78.47,7,217.90,47.00,0.10,78.82,254.01,652.75,1435.84
Primates,Cercopithecidae,Semnopithecus,hector,semnopithecus hector,-999.00,-999.00,-999.00,-999.00,-999.00,-999.00,-999.00,-999.00,-999.00,-999.00,-999.00,-999.00,-999.00,-999.00,-999.00,-999.00,-999.00,-999.00,-999.00,-999.00,-999.00,-999.00,-999.00,-999.00,-999,-999.00,-999,-999.00,-999.00,-999.00,-999,-999.00,-999.00,-999.00,-999.00,20231.94,30.23,28.82,29.53,81.23,79.28,80.25,23,127.01,23.00,0.10,110.60,158.90,926.34,1193.80
Primates,Cercopithecidae,Semnopithecus,hypoleucos,semnopithecus hypoleucos,-999.00,10026.65,-999.00,655.00,-999.00,-999.00,-999.00,-999.00,-999.00,-999.00,-999.00,-999.00,-999.00,-999.00,-999.00,-999.00,-999.00,-999.00,-999.00,-999.00,-999.00,-999.00,-999.00,-999.00,-999,-999.00,-999,-999.00,-999.00,-999.00,1848,-999.00,-999.00,-999.00,-999.00,25713.57,12.75,8.60,10.67,77.18,75.23,76.21,176,701.82,221.00,0.06,191.30,258.70,1125.13,1702.59
Primates,Cercopithecidae,Semnopithecus,priam,semnopithecus priam,-999.00,-999.00,-999.00,-999.00,-999.00,-999.00,-999.00,-999.00,-999.00,-999.00,-999.00,-999.00,-999.00,-999.00,-999.00,-999.00,-999.00,-999.00,-999.00,-999.00,-999.00,-999.00,-999.00,-999.00,-999,-999.00,-999,-999.00,-999.00,-999.00,-999,-999.00,-999.00,-999.00,-999.00,170165.47,13.91,5.91,9.91,81.88,77.86,79.87,68,430.48,100.00,0.07,107.23,268.83,1098.13,1581.68
Primates,Cercopithecidae,Semnopithecus,schistaceus,semnopithecus schistaceus,-999.00,-999.00,-999.00,-999.00,-999.00,-999.00,-999.00,-999.00,-999.00,-999.00,-999.00,-999.00,-999.00,-999.00,-999.00,-999.00,-999.00,-999.00,-999.00,-999.00,-999.00,-999.00,-999.00,-999.00,-999,-999.00,-999,-999.00,-999.00,-999.00,-999,-999.00,-999.00,-999.00,-999.00,39835.34,28.77,27.39,28.08,88.71,84.73,86.72,2,74.47,2.00,0.07,161.15,-26.90,931.88,1143.39
Afrosoricida,Tenrecidae,Setifer,setosus,setifer setosus,1.00,263.22,-999.00,185.00,12.00,-999.00,94.59,352.50,2.00,-999.00,57.63,1.00,-999.00,-999.00,-999.00,3.24,1.50,126.00,24.70,-999.00,-999.00,1.00,216.55,-999.00,10,1.00,2,25.22,-999.00,-999.00,543;886;1045;1048;1160;1297;1822;1946;2151;2655;2720;2786,-999.00,-999.00,-999.00,-999.00,261594.46,-12.31,-25.60,-18.96,50.44,43.22,46.83,2,24.17,3.00,0.19,125.02,221.17,1093.42,1609.19
Diprotodontia,Macropodidae,Setonix,brachyurus,setonix brachyurus,1.00,3027.67,-999.00,-999.00,-999.00,410.62,784.52,2600.00,2.00,-999.00,27.89,1.00,-999.00,-999.00,345.00,1.00,1.40,144.00,0.36,-999.00,580.00,-999.00,442.19,-999.00,-999,1.00,1,308.24,499.99,-999.00,543;730;955;1015;1052;1297;1412;1760;1822;1848;2483;2655;2986,-999.00,-999.00,-999.00,-999.00,44560.40,-31.98,-35.13,-33.56,118.74,114.97,116.86,0,43.60,0.00,0.11,67.08,148.61,474.46,1106.78
Rodentia,Dipodidae,Sicista,armenica,sicista armenica,-999.00,-999.00,-999.00,-999.00,-999.00,-999.00,-999.00,-999.00,-999.00,-999.00,-999.00,-999.00,-999.00,-999.00,-999.00,-999.00,-999.00,-999.00,-999.00,-999.00,-999.00,-999.00,-999.00,-999.00,-999,-999.00,-999,-999.00,-999.00,-999.00,-999,-999.00,-999.00,-999.00,-999.00,21.68,40.66,40.60,40.63,44.50,44.45,44.47,65,80.00,65.00,0.01,41.00,7.50,565.00,750.50
Rodentia,Dipodidae,Sicista,betulina,sicista betulina,-999.00,8.92,-999.00,-999.00,-999.00,-999.00,32.00,10.00,-999.00,-999.00,31.50,-999.00,-999.00,-999.00,-999.00,5.29,1.00,48.00,-999.00,-999.00,-999.00,-999.00,377.57,-999.00,-999,-999.00,-999,31.21,-999.00,-999.00,543;1297;1822;2151;2655,-999.00,-999.00,-999.00,-999.00,7681696.02,67.02,45.47,56.24,111.22,6.52,58.87,0,26.51,0.00,-1.58240761967397e-03,39.11,-5.63,349.71,378.05
Rodentia,Dipodidae,Sicista,caucasica,sicista caucasica,-999.00,-999.00,-999.00,-999.00,-999.00,-999.00,-999.00,-999.00,-999.00,-999.00,-999.00,-999.00,-999.00,-999.00,-999.00,-999.00,-999.00,-999.00,-999.00,-999.00,-999.00,-999.00,-999.00,-999.00,-999,-999.00,-999,-999.00,-999.00,-999.00,-999,-999.00,-999.00,-999.00,-999.00,1258.53,44.35,43.92,44.14,40.21,39.76,39.98,15,57.38,15.00,0.05,91.06,53.19,634.04,839.25
Rodentia,Dipodidae,Sicista,caudata,sicista caudata,-999.00,-999.00,-999.00,-999.00,-999.00,-999.00,-999.00,-999.00,-999.00,-999.00,-999.00,-999.00,-999.00,-999.00,-999.00,-999.00,-999.00,-999.00,-999.00,-999.00,-999.00,-999.00,-999.00,-999.00,-999,-999.00,-999,-999.00,-999.00,-999.00,-999,-999.00,-999.00,-999.00,-999.00,106216.82,52.33,44.73,48.53,143.54,135.02,139.28,1,5.16,1.00,-0.06,54.05,-20.75,477.24,513.69
Rodentia,Dipodidae,Sicista,concolor,sicista concolor,-999.00,-999.00,-999.00,-999.00,-999.00,-999.00,-999.00,-999.00,-999.00,-999.00,-999.00,-999.00,-999.00,-999.00,-999.00,-999.00,-999.00,-999.00,-999.00,-999.00,-999.00,-999.00,-999.00,-999.00,-999,-999.00,-999,-999.00,-999.00,-999.00,-999,-999.00,-999.00,-999.00,-999.00,454458.99,46.25,33.84,40.05,132.16,73.21,102.69,0,179.59,12.00,0.05,57.15,14.98,545.35,785.54
Rodentia,Dipodidae,Sicista,kazbegica,sicista kazbegica,-999.00,-999.00,-999.00,-999.00,-999.00,-999.00,-999.00,-999.00,-999.00,-999.00,-999.00,-999.00,-999.00,-999.00,-999.00,-999.00,-999.00,-999.00,-999.00,-999.00,-999.00,-999.00,-999.00,-999.00,-999,-999.00,-999,-999.00,-999.00,-999.00,-999,-999.00,-999.00,-999.00,-999.00,64.07,42.66,42.57,42.61,44.42,44.33,44.38,22,22.00,22.00,0.00,66.00,-52.00,635.00,635.00
Rodentia,Dipodidae,Sicista,kluchorica,sicista kluchorica,-999.00,-999.00,-999.00,-999.00,-999.00,-999.00,-999.00,-999.00,-999.00,-999.00,-999.00,-999.00,-999.00,-999.00,-999.00,-999.00,-999.00,-999.00,-999.00,-999.00,-999.00,-999.00,-999.00,-999.00,-999,-999.00,-999,-999.00,-999.00,-999.00,-999,-999.00,-999.00,-999.00,-999.00,18842.52,44.28,42.99,43.63,43.18,40.56,41.87,9,37.76,9.00,0.02,62.89,-3.05,631.70,677.67
Rodentia,Dipodidae,Sicista,napaea,sicista napaea,-999.00,10.00,-999.00,-999.00,-999.00,-999.00,-999.00,-999.00,3.00,-999.00,20.00,-999.00,-999.00,-999.00,-999.00,3.49,1.00,-999.00,-999.00,-999.00,-999.00,-999.00,-999.00,-999.00,-999,-999.00,2,-999.00,-999.00,-999.00,1297;2151;2655,-999.00,-999.00,-999.00,-999.00,236088.44,53.54,47.33,50.44,89.30,79.08,84.19,1,9.71,1.00,0.01,33.22,-25.12,389.58,525.46
Rodentia,Dipodidae,Sicista,pseudonapaea,sicista pseudonapaea,-999.00,-999.00,-999.00,-999.00,-999.00,-999.00,-999.00,-999.00,-999.00,-999.00,-999.00,-999.00,-999.00,-999.00,-999.00,-999.00,-999.00,-999.00,-999.00,-999.00,-999.00,-999.00,-999.00,-999.00,-999,-999.00,-999,-999.00,-999.00,-999.00,-999,-999.00,-999.00,-999.00,-999.00,26692.53,49.68,48.57,49.12,87.73,82.07,84.90,2,9.70,2.00,-5.23316529906325e-04,29.22,-45.16,352.18,547.38
Rodentia,Dipodidae,Sicista,severtzovi,sicista severtzovi,-999.00,-999.00,-999.00,-999.00,-999.00,-999.00,-999.00,-999.00,-999.00,-999.00,-999.00,-999.00,-999.00,-999.00,-999.00,-999.00,-999.00,-999.00,-999.00,-999.00,-999.00,-999.00,-999.00,-999.00,-999,-999.00,-999,-999.00,-999.00,-999.00,-999,-999.00,-999.00,-999.00,-999.00,2345.16,51.35,50.73,51.04,41.12,40.50,40.81,21,25.24,21.00,0.00,35.99,41.74,393.01,498.84
Rodentia,Dipodidae,Sicista,strandi,sicista strandi,-999.00,-999.00,-999.00,-999.00,-999.00,-999.00,-999.00,-999.00,-999.00,-999.00,-999.00,-999.00,-999.00,-999.00,-999.00,-999.00,-999.00,-999.00,-999.00,-999.00,-999.00,-999.00,-999.00,-999.00,-999,-999.00,-999,-999.00,-999.00,-999.00,-999,-999.00,-999.00,-999.00,-999.00,254890.37,52.30,43.07,47.69,46.68,35.76,41.22,1,53.94,4.00,0.02,36.98,79.63,444.44,601.01
Rodentia,Dipodidae,Sicista,subtilis,sicista subtilis,-999.00,11.75,-999.00,-999.00,-999.00,-999.00,-999.00,-999.00,-999.00,-999.00,-999.00,-999.00,-999.00,-999.00,-999.00,-999.00,1.00,-999.00,-999.00,-999.00,-999.00,-999.00,-999.00,-999.00,-999,-999.00,-999,-999.00,-999.00,-999.00,1297;2655,-999.00,-999.00,-999.00,-999.00,3679354.65,55.90,41.81,48.86,105.62,17.62,61.62,0,37.94,1.00,3.01272658036626e-03,31.27,42.07,381.68,538.71
Rodentia,Dipodidae,Sicista,tianshanica,sicista tianshanica,-999.00,-999.00,-999.00,-999.00,-999.00,-999.00,-999.00,-999.00,-999.00,-999.00,-999.00,-999.00,-999.00,-999.00,-999.00,4.37,1.00,-999.00,-999.00,-999.00,-999.00,-999.00,-999.00,-999.00,-999,-999.00,-999,-999.00,-999.00,-999.00,1297,-999.00,-999.00,-999.00,-999.00,317896.41,47.60,41.66,44.63,87.84,74.66,81.25,2,21.74,2.00,0.05,21.29,-2.01,276.72,663.88
Rodentia,Cricetidae,Sigmodon,alleni,sigmodon alleni,-999.00,174.09,-999.00,170.03,-999.00,87.00,203.25,137.80,-999.00,-999.00,36.50,-999.00,-999.00,-999.00,-999.00,-999.00,-999.00,-999.00,-999.00,-999.00,-999.00,-999.00,-999.00,-999.00,-999,-999.00,-999,-999.00,-999.00,-999.00,1297;1822;2615;2655,-999.00,-999.00,-999.00,-999.00,177949.85,23.71,15.64,19.68,-94.75,-106.34,-100.55,4,40.33,9.00,0.06,90.52,210.78,867.66,1602.77
Rodentia,Cricetidae,Sigmodon,alstoni,sigmodon alstoni,2.00,55.70,-999.00,-999.00,-999.00,-999.00,-999.00,-999.00,3.00,-999.00,-999.00,1.00,-999.00,-999.00,-999.00,5.18,5.00,-999.00,-999.00,-999.00,157.54,-999.00,62.39,-999.00,-999,1.00,1,-999.00,-999.00,-999.00,730;1297;2151;2159;2655,-999.00,-999.00,-999.00,-999.00,727598.31,11.18,-1.43,4.87,-49.87,-72.69,-61.28,0,18.53,0.00,0.15,141.76,252.89,1364.92,1708.22
Rodentia,Cricetidae,Sigmodon,arizonae,sigmodon arizonae,-999.00,198.00,-999.00,-999.00,-999.00,-999.00,-999.00,-999.00,-999.00,-999.00,-999.00,-999.00,-999.00,-999.00,-999.00,-999.00,-999.00,-999.00,-999.00,-999.00,-999.00,-999.00,-999.00,-999.00,-999,-999.00,-999,-999.00,-999.00,-999.00,2655,-999.00,-999.00,-999.00,-999.00,348392.27,34.52,22.18,28.35,-104.40,-114.50,-109.45,0,23.26,1.00,0.12,32.38,177.81,560.26,1292.44
Rodentia,Cricetidae,Sigmodon,fulviventer,sigmodon fulviventer,-999.00,195.94,-999.00,180.35,-999.00,77.00,207.38,137.80,-999.00,-999.00,36.50,1.00,-999.00,-999.00,-999.00,7.50,-999.00,-999.00,-999.00,-999.00,1293.22,-999.00,-999.00,-999.00,-999,1.00,-999,-999.00,-999.00,-999.00,157;730;1297;1822;2655,-999.00,-999.00,-999.00,-999.00,549411.81,36.19,19.20,27.70,-100.93,-111.71,-106.32,0,32.03,0.00,0.13,35.24,147.95,514.20,1235.56
Rodentia,Cricetidae,Sigmodon,hirsutus,sigmodon hirsutus,-999.00,-999.00,-999.00,-999.00,-999.00,-999.00,-999.00,-999.00,-999.00,-999.00,-999.00,-999.00,-999.00,-999.00,-999.00,-999.00,-999.00,-999.00,-999.00,-999.00,-999.00,-999.00,-999.00,-999.00,-999,-999.00,-999,-999.00,-999.00,-999.00,-999,-999.00,-999.00,-999.00,-999.00,-999.00,-999.00,-999.00,-999.00,-999.00,-999.00,-999.00,-999,-999.00,-999.00,-999.00,-999.00,-999.00,-999.00,-999.00
Rodentia,Cricetidae,Sigmodon,hispidus,sigmodon hispidus,2.00,110.65,-999.00,167.50,1.06,65.00,159.64,110.05,5.00,-999.00,27.00,-999.00,2.399307e-03,2.811183e-03,-999.00,5.44,2.00,62.40,6.60,-999.00,1750.00,-999.00,50.19,1.00,10,-999.00,2,15.29,18.20,-999.00,365;532;533;543;730;782;783;848;1116;1166;1206;1297;1392;1577;1593;1595;1756;1822;1849;2166;2197;2373;2473;2632;2655;2769,-999.00,-999.00,-999.00,-999.00,-999.00,-999.00,-999.00,-999.00,-999.00,-999.00,-999.00,-999,-999.00,-999.00,-999.00,-999.00,-999.00,-999.00,-999.00
Rodentia,Cricetidae,Sigmodon,inopinatus,sigmodon inopinatus,-999.00,140.50,-999.00,-999.00,-999.00,-999.00,-999.00,-999.00,-999.00,-999.00,-999.00,-999.00,-999.00,-999.00,-999.00,-999.00,-999.00,-999.00,-999.00,-999.00,-999.00,-999.00,-999.00,-999.00,-999,-999.00,-999,-999.00,-999.00,-999.00,2655,-999.00,-999.00,-999.00,-999.00,20681.64,-0.81,-3.54,-2.18,-77.98,-79.30,-78.64,2,38.61,2.00,0.07,212.79,141.54,1188.22,1356.53
Rodentia,Cricetidae,Sigmodon,leucotis,sigmodon leucotis,-999.00,131.78,-999.00,157.25,-999.00,-999.00,186.47,128.60,-999.00,-999.00,34.99,1.00,-999.00,-999.00,-999.00,-999.00,-999.00,-999.00,-999.00,-999.00,-999.00,-999.00,-999.00,-999.00,-999,1.00,-999,-999.00,-999.00,-999.00,1297;1822;2616;2655,-999.00,-999.00,-999.00,-999.00,283910.83,27.13,16.67,21.90,-96.40,-107.45,-101.92,2,100.51,4.00,0.08,61.27,155.77,792.58,1330.48
Rodentia,Cricetidae,Sigmodon,mascotensis,sigmodon mascotensis,-999.00,120.00,-999.00,-999.00,-999.00,-999.00,-999.00,-999.00,-999.00,-999.00,-999.00,-999.00,-999.00,-999.00,-999.00,-999.00,-999.00,-999.00,-999.00,-999.00,-999.00,-999.00,-999.00,-999.00,-999,-999.00,-999,-999.00,-999.00,-999.00,2655,-999.00,-999.00,-999.00,-999.00,253914.51,20.96,15.64,18.30,-93.64,-105.70,-99.67,6,58.72,9.00,0.06,99.85,205.18,908.25,1576.27
Rodentia,Cricetidae,Sigmodon,ochrognathus,sigmodon ochrognathus,-999.00,122.00,-999.00,151.14,1.00,71.00,154.23,115.10,-999.00,-999.00,34.59,-999.00,1.664175e-03,2.11764e-03,-999.00,3.00,-999.00,-999.00,5.55,-999.00,-999.00,-999.00,51.02,-999.00,-999,-999.00,-999,15.00,-999.00,-999.00,156;1263;1297;1357;1822;2655,-999.00,-999.00,-999.00,-999.00,418072.23,33.90,24.45,29.18,-102.65,-112.10,-107.38,0,15.34,0.00,0.14,28.35,160.21,457.50,1218.95
Rodentia,Cricetidae,Sigmodon,peruanus,sigmodon peruanus,-999.00,-999.00,-999.00,-999.00,-999.00,-999.00,-999.00,-999.00,-999.00,-999.00,-999.00,-999.00,-999.00,-999.00,-999.00,-999.00,-999.00,-999.00,-999.00,-999.00,-999.00,-999.00,-999.00,-999.00,-999,-999.00,-999,-999.00,-999.00,-999.00,-999,-999.00,-999.00,-999.00,-999.00,95910.21,-0.03,-8.57,-4.30,-78.71,-81.35,-80.03,0,87.38,25.00,0.09,57.16,218.19,678.88,1335.65
Rodentia,Cricetidae,Sigmodon,planifrons,sigmodon planifrons,-999.00,-999.00,-999.00,-999.00,-999.00,-999.00,-999.00,-999.00,-999.00,-999.00,-999.00,-999.00,-999.00,-999.00,-999.00,-999.00,-999.00,-999.00,-999.00,-999.00,-999.00,-999.00,-999.00,-999.00,-999,-999.00,-999,-999.00,-999.00,-999.00,-999,-999.00,-999.00,-999.00,-999.00,-999.00,-999.00,-999.00,-999.00,-999.00,-999.00,-999.00,-999,-999.00,-999.00,-999.00,-999.00,-999.00,-999.00,-999.00
Rodentia,Cricetidae,Sigmodon,toltecus,sigmodon toltecus,-999.00,-999.00,-999.00,-999.00,-999.00,-999.00,-999.00,-999.00,-999.00,-999.00,-999.00,-999.00,-999.00,-999.00,-999.00,-999.00,-999.00,-999.00,-999.00,-999.00,-999.00,-999.00,-999.00,-999.00,-999,-999.00,-999,-999.00,-999.00,-999.00,-999,-999.00,-999.00,-999.00,-999.00,-999.00,-999.00,-999.00,-999.00,-999.00,-999.00,-999.00,-999,-999.00,-999.00,-999.00,-999.00,-999.00,-999.00,-999.00
Rodentia,Cricetidae,Sigmodon,zanjonensis,sigmodon zanjonensis,-999.00,-999.00,-999.00,-999.00,-999.00,-999.00,-999.00,-999.00,-999.00,-999.00,-999.00,-999.00,-999.00,-999.00,-999.00,-999.00,-999.00,-999.00,-999.00,-999.00,-999.00,-999.00,-999.00,-999.00,-999,-999.00,-999,-999.00,-999.00,-999.00,-999,-999.00,-999.00,-999.00,-999.00,-999.00,-999.00,-999.00,-999.00,-999.00,-999.00,-999.00,-999,-999.00,-999.00,-999.00,-999.00,-999.00,-999.00,-999.00
Rodentia,Cricetidae,Sigmodontomys,alfari,sigmodontomys alfari,-999.00,-999.00,-999.00,-999.00,-999.00,-999.00,-999.00,-999.00,-999.00,-999.00,-999.00,-999.00,-999.00,-999.00,-999.00,-999.00,-999.00,-999.00,-999.00,-999.00,-999.00,-999.00,-999.00,-999.00,-999,-999.00,-999,-999.00,-999.00,-999.00,-999,-999.00,-999.00,-999.00,-999.00,315113.78,14.92,-2.35,6.28,-71.33,-85.86,-78.59,2,51.09,4.00,0.13,200.32,239.82,1422.19,1672.73
Rodentia,Cricetidae,Sigmodontomys,aphrastus,sigmodontomys aphrastus,-999.00,-999.00,-999.00,-999.00,-999.00,-999.00,-999.00,-999.00,-999.00,-999.00,-999.00,-999.00,-999.00,-999.00,-999.00,-999.00,-999.00,-999.00,-999.00,-999.00,-999.00,-999.00,-999.00,-999.00,-999,-999.00,-999,-999.00,-999.00,-999.00,-999,-999.00,-999.00,-999.00,-999.00,6781.30,9.50,8.25,8.88,-81.71,-83.87,-82.79,10,45.43,10.00,0.10,244.20,258.43,1528.00,1755.00
Primates,Cercopithecidae,Simias,concolor,simias concolor,3.00,7393.90,-999.00,499.99,-999.00,-999.00,-999.00,-999.00,3.00,-999.00,-999.00,2.00,0.10,0.13,-999.00,1.02,-999.00,-999.00,-999.00,-999.00,10.90,-999.00,-999.00,2.75,-999,2.00,1,-999.00,-999.00,-999.00,741;899;1544;1547;1848;2344;2655,-999.00,-999.00,-999.00,-999.00,6044.85,-0.91,-3.34,-2.13,100.47,98.58,99.52,43,55.33,43.00,0.11,340.00,259.00,-999.00,-999.00
Dasyuromorphia,Dasyuridae,Sminthopsis,aitkeni,sminthopsis aitkeni,2.00,22.50,-999.00,-999.00,-999.00,-999.00,-999.00,-999.00,-999.00,-999.00,-999.00,1.00,-999.00,-999.00,-999.00,-999.00,-999.00,-999.00,-999.00,-999.00,-999.00,-999.00,-999.00,-999.00,-999,1.00,-999,-999.00,-999.00,-999.00,1760;2655,-999.00,-999.00,-999.00,-999.00,4407.63,-35.56,-36.07,-35.82,138.13,136.53,137.33,1,1.71,1.00,0.02,45.25,144.50,-999.00,-999.00
Dasyuromorphia,Dasyuridae,Sminthopsis,archeri,sminthopsis archeri,2.00,16.00,-999.00,92.42,-999.00,-999.00,-999.00,-999.00,2.00,65.00,-999.00,1.00,-999.00,-999.00,-999.00,8.15,-999.00,-999.00,-999.00,-999.00,-999.00,-999.00,-999.00,-999.00,8,1.00,3,-999.00,-999.00,-999.00,977;1760;1991;2655;2906,-999.00,-999.00,-999.00,-999.00,24146.82,-8.49,-13.12,-10.81,143.54,140.43,141.99,0,0.61,0.00,0.33,123.67,264.16,1034.14,1770.19
Dasyuromorphia,Dasyuridae,Sminthopsis,bindi,sminthopsis bindi,-999.00,-999.00,-999.00,-999.00,-999.00,-999.00,-999.00,-999.00,-999.00,-999.00,-999.00,-999.00,-999.00,-999.00,-999.00,-999.00,-999.00,-999.00,-999.00,-999.00,-999.00,-999.00,-999.00,-999.00,-999,-999.00,-999,-999.00,-999.00,-999.00,-999,-999.00,-999.00,-999.00,-999.00,58927.74,-12.37,-14.68,-13.52,134.65,131.05,132.85,0,0.27,0.00,0.00,96.43,266.04,896.45,1805.40
Dasyuromorphia,Dasyuridae,Sminthopsis,boullangerensis,sminthopsis boullangerensis,-999.00,-999.00,-999.00,-999.00,-999.00,-999.00,-999.00,-999.00,-999.00,-999.00,-999.00,-999.00,-999.00,-999.00,-999.00,-999.00,-999.00,-999.00,-999.00,-999.00,-999.00,-999.00,-999.00,-999.00,-999,-999.00,-999,-999.00,-999.00,-999.00,-999,-999.00,-999.00,-999.00,-999.00,29.31,-30.29,-30.35,-30.32,115.21,114.99,115.10,0,0.00,0.00,-999.00,44.00,172.00,381.00,1289.00
Dasyuromorphia,Dasyuridae,Sminthopsis,butleri,sminthopsis butleri,2.00,25.00,-999.00,-999.00,-999.00,-999.00,-999.00,-999.00,-999.00,-999.00,-999.00,1.00,-999.00,-999.00,-999.00,-999.00,-999.00,-999.00,-999.00,-999.00,-999.00,-999.00,-999.00,-999.00,-999,1.00,-999,-999.00,-999.00,-999.00,1760;2655,-999.00,-999.00,-999.00,-999.00,15927.83,-11.15,-14.87,-13.01,131.53,126.21,128.87,0,0.00,0.00,-999.00,94.95,280.59,851.67,1807.67
Dasyuromorphia,Dasyuridae,Sminthopsis,crassicaudata,sminthopsis crassicaudata,2.00,15.98,-999.00,-999.00,-999.00,144.00,19.56,14.95,2.00,-999.00,16.00,1.00,-999.00,-999.00,97.00,6.52,2.00,51.60,0.01,-999.00,49.99,-999.00,148.31,-999.00,-999,1.00,3,70.00,6.50,-999.00,543;796;955;1052;1297;1412;1760;1822;2031;2483;2484;2655,-999.00,-999.00,-999.00,-999.00,4827312.09,-18.73,-38.85,-28.79,150.93,113.14,132.03,0,2.09,0.00,0.02,28.14,195.34,350.47,1244.37
Dasyuromorphia,Dasyuridae,Sminthopsis,dolichura,sminthopsis dolichura,2.00,14.39,-999.00,-999.00,-999.00,-999.00,-999.00,-999.00,-999.00,-999.00,-999.00,1.00,-999.00,-999.00,365.00,7.20,-999.00,38.04,-999.00,-999.00,-999.00,-999.00,289.12,-999.00,-999,1.00,-999,-999.00,3.87,-999.00,955;1760;2655,-999.00,1.10,-999.00,-999.00,481144.97,-25.49,-35.01,-30.25,137.80,112.91,125.35,0,0.49,0.00,-0.01,24.48,177.13,311.77,1150.55
Dasyuromorphia,Dasyuridae,Sminthopsis,douglasi,sminthopsis douglasi,2.00,54.99,-999.00,95.00,-999.00,-999.00,-999.00,-999.00,1.00,-999.00,-999.00,1.00,-999.00,-999.00,-999.00,6.78,-999.00,-999.00,-999.00,-999.00,-999.00,-999.00,-999.00,-999.00,-999,1.00,3,-999.00,-999.00,-999.00,899;1760;2655,-999.00,-999.00,-999.00,-999.00,24392.06,-18.81,-21.39,-20.10,143.83,141.40,142.62,0,0.00,0.00,-999.00,42.47,249.14,576.72,1621.10
Dasyuromorphia,Dasyuridae,Sminthopsis,fuliginosus,sminthopsis fuliginosus,2.00,-999.00,-999.00,-999.00,-999.00,-999.00,-999.00,-999.00,-999.00,-999.00,-999.00,1.00,-999.00,-999.00,-999.00,-999.00,-999.00,-999.00,-999.00,-999.00,-999.00,-999.00,-999.00,-999.00,-999,1.00,-999,-999.00,-999.00,-999.00,1760,-999.00,-999.00,-999.00,-999.00,15623.82,-32.69,-34.80,-33.75,117.36,115.68,116.52,0,4.46,0.00,0.11,68.48,146.10,475.34,1088.91
Dasyuromorphia,Dasyuridae,Sminthopsis,gilberti,sminthopsis gilberti,2.00,19.50,-999.00,-999.00,-999.00,-999.00,-999.00,-999.00,-999.00,-999.00,-999.00,1.00,-999.00,-999.00,-999.00,-999.00,-999.00,-999.00,-999.00,-999.00,-999.00,-999.00,-999.00,-999.00,-999,1.00,-999,-999.00,-999.00,-999.00,1760;2655,-999.00,-999.00,-999.00,-999.00,114805.08,-30.93,-34.01,-32.47,127.96,115.88,121.92,0,2.40,0.00,0.06,38.94,157.40,386.26,1105.18
Dasyuromorphia,Dasyuridae,Sminthopsis,granulipes,sminthopsis granulipes,2.00,25.00,-999.00,-999.00,-999.00,-999.00,-999.00,-999.00,-999.00,-999.00,-999.00,1.00,-999.00,-999.00,-999.00,-999.00,-999.00,-999.00,-999.00,-999.00,-999.00,-999.00,-999.00,-999.00,-999,1.00,-999,-999.00,-999.00,-999.00,1760;2655,-999.00,-999.00,-999.00,-999.00,76315.75,-30.14,-34.08,-32.11,119.95,115.65,117.80,0,11.76,0.00,-2.49915525834496e-03,41.56,158.18,413.81,1151.29
Dasyuromorphia,Dasyuridae,Sminthopsis,griseoventer,sminthopsis griseoventer,2.00,17.50,-999.00,-999.00,-999.00,-999.00,-999.00,-999.00,-999.00,-999.00,-999.00,1.00,-999.00,-999.00,-999.00,-999.00,-999.00,-999.00,-999.00,-999.00,-999.00,-999.00,-999.00,-999.00,-999,1.00,-999,-999.00,-999.00,-999.00,1760;2655,-999.00,-999.00,-999.00,-999.00,205150.91,-28.96,-35.13,-32.04,124.76,114.74,119.75,0,8.40,0.00,0.06,48.02,159.50,420.17,1130.98
Dasyuromorphia,Dasyuridae,Sminthopsis,hirtipes,sminthopsis hirtipes,2.00,15.00,-999.00,-999.00,-999.00,-999.00,-999.00,-999.00,-999.00,-999.00,-999.00,1.00,-999.00,-999.00,-999.00,-999.00,-999.00,-999.00,-999.00,-999.00,-999.00,-999.00,-999.00,-999.00,-999,1.00,-999,-999.00,-999.00,-999.00,1760;2655,-999.00,-999.00,-999.00,-999.00,1251750.63,-22.82,-31.42,-27.12,139.93,113.14,126.54,0,0.00,0.00,-999.00,16.85,200.86,238.82,1225.59
Dasyuromorphia,Dasyuridae,Sminthopsis,leucopus,sminthopsis leucopus,2.00,23.36,-999.00,-999.00,-999.00,-999.00,-999.00,-999.00,-999.00,-999.00,17.32,1.00,8.904945e-03,8.354419e-03,365.00,8.40,1.00,30.00,-999.00,-999.00,617.99,-999.00,360.05,-999.00,-999,1.00,-999,84.51,8.88,-999.00,955;1297;1573;1760;2655,-999.00,-999.00,-999.00,-999.00,105026.36,-35.17,-43.11,-39.14,150.59,141.22,145.91,0,23.70,0.00,-7.05962597107209e-04,66.89,116.07,606.44,896.67
Dasyuromorphia,Dasyuridae,Sminthopsis,longicaudata,sminthopsis longicaudata,2.00,18.00,-999.00,95.00,-999.00,-999.00,-999.00,-999.00,2.00,-999.00,14.21,1.00,-999.00,-999.00,-999.00,4.24,-999.00,60.00,-999.00,-999.00,-999.00,-999.00,-999.00,-999.00,-999,1.00,3,-999.00,-999.00,-999.00,1015;1297;1760;2655,-999.00,-999.00,-999.00,-999.00,1117003.29,-21.89,-29.87,-25.88,134.61,114.98,124.80,0,0.02,0.00,0.25,17.43,209.25,254.13,1284.41
Dasyuromorphia,Dasyuridae,Sminthopsis,macroura,sminthopsis macroura,2.00,23.56,-999.00,-999.00,-999.00,-999.00,23.54,22.00,-999.00,-999.00,11.72,1.00,-999.00,-999.00,183.00,7.00,2.00,58.80,0.01,-999.00,-999.00,-999.00,145.80,-999.00,-999,1.00,-999,79.50,7.00,-999.00,543;955;1297;1760;1822;2484;2655,-999.00,-999.00,-999.00,-999.00,4742720.54,-15.18,-33.40,-24.29,151.08,113.38,132.23,0,0.13,0.00,-1.69444580958949e-04,28.20,220.19,377.20,1379.55
Dasyuromorphia,Dasyuridae,Sminthopsis,murina,sminthopsis murina,2.00,17.00,-999.00,-999.00,-999.00,-999.00,20.51,12.90,-999.00,-999.00,12.50,1.00,-999.00,-999.00,365.00,8.00,2.00,24.00,-999.00,-999.00,599.99,-999.00,181.51,-999.00,-999,1.00,-999,70.63,3.04,-999.00,955;1297;1760;1822;2655,-999.00,-999.00,-999.00,-999.00,845917.54,-16.45,-38.49,-27.47,153.63,139.19,146.41,0,16.58,0.00,0.03,57.43,170.16,640.47,1182.11
Dasyuromorphia,Dasyuridae,Sminthopsis,ooldea,sminthopsis ooldea,2.00,12.19,-999.00,-999.00,-999.00,-999.00,-999.00,-999.00,-999.00,-999.00,20.87,1.00,-999.00,-999.00,365.00,7.24,-999.00,36.00,-999.00,-999.00,-999.00,-999.00,324.38,-999.00,-999,1.00,-999,69.80,3.09,-999.00,955;1297;1760;2655,-999.00,1.10,-999.00,-999.00,1509038.07,-18.90,-30.50,-24.70,136.77,119.29,128.03,0,0.02,0.00,0.08,18.37,210.94,268.74,1288.41
Dasyuromorphia,Dasyuridae,Sminthopsis,psammophila,sminthopsis psammophila,2.00,33.50,-999.00,105.00,-999.00,-999.00,-999.00,-999.00,2.00,-999.00,-999.00,1.00,-999.00,-999.00,-999.00,5.49,-999.00,60.00,-999.00,-999.00,-999.00,-999.00,-999.00,-999.00,-999,1.00,3,-999.00,-999.00,-999.00,1015;1760;2655,-999.00,-999.00,-999.00,-999.00,61813.87,-28.67,-32.58,-30.62,136.25,123.11,129.68,0,0.00,0.00,-999.00,16.54,182.42,241.92,1132.30
Dasyuromorphia,Dasyuridae,Sminthopsis,virginiae,sminthopsis virginiae,2.00,35.24,-999.00,110.07,-999.00,-999.00,-999.00,-999.00,2.00,65.00,16.31,1.00,-999.00,-999.00,91.00,4.11,-999.00,24.00,-999.00,-999.00,-999.00,-999.00,230.31,-999.00,6,1.00,3,89.49,19.00,-999.00,955;977;1297;1760;1991;2071;2484;2655;2800,-999.00,2.22,-999.00,-999.00,381450.20,-7.28,-20.45,-13.86,148.83,124.41,136.62,0,2.96,0.00,0.14,115.54,258.59,1046.86,1743.96
Dasyuromorphia,Dasyuridae,Sminthopsis,youngsoni,sminthopsis youngsoni,2.00,11.14,-999.00,-999.00,-999.00,-999.00,-999.00,-999.00,-999.00,-999.00,-999.00,1.00,-999.00,-999.00,365.00,5.49,-999.00,-999.00,-999.00,-999.00,-999.00,-999.00,-999.00,-999.00,-999,1.00,-999,-999.00,-999.00,-999.00,955;1760;2655,-999.00,1.10,-999.00,-999.00,1301460.10,-18.49,-25.92,-22.21,140.06,113.57,126.82,0,0.03,0.00,0.03,23.86,231.65,327.10,1385.93
Soricomorpha,Solenodontidae,Solenodon,arredondoi,solenodon arredondoi,-999.00,-999.00,-999.00,-999.00,-999.00,-999.00,-999.00,-999.00,-999.00,-999.00,-999.00,-999.00,-999.00,-999.00,-999.00,-999.00,-999.00,-999.00,-999.00,-999.00,-999.00,-999.00,-999.00,-999.00,-999,-999.00,-999,-999.00,-999.00,-999.00,-999,-999.00,-999.00,-999.00,-999.00,-999.00,-999.00,-999.00,-999.00,-999.00,-999.00,-999.00,-999,-999.00,-999.00,-999.00,-999.00,-999.00,-999.00,-999.00
Soricomorpha,Solenodontidae,Solenodon,cubanus,solenodon cubanus,2.00,824.62,-999.00,349.85,-999.00,-999.00,-999.00,-999.00,2.00,-999.00,-999.00,3.00,-999.00,-999.00,-999.00,1.50,3.00,78.00,-999.00,-999.00,-999.00,2.50,-999.00,1.00,2,2.00,3,-999.00,-999.00,-999.00,511;543;888;891;899;1297;1848;2198;2304;2655;2916,-999.00,-999.00,-999.00,-999.00,49168.47,22.23,19.82,21.03,-74.13,-80.45,-77.29,25,90.48,41.00,0.03,95.04,250.76,1272.25,1761.11
Soricomorpha,Solenodontidae,Solenodon,marcanoi,solenodon marcanoi,-999.00,-999.00,-999.00,-999.00,-999.00,-999.00,-999.00,-999.00,-999.00,-999.00,-999.00,-999.00,-999.00,-999.00,-999.00,-999.00,-999.00,-999.00,-999.00,-999.00,-999.00,-999.00,-999.00,-999.00,-999,-999.00,-999,-999.00,-999.00,-999.00,-999,-999.00,-999.00,-999.00,-999.00,-999.00,-999.00,-999.00,-999.00,-999.00,-999.00,-999.00,-999,-999.00,-999.00,-999.00,-999.00,-999.00,-999.00,-999.00
Soricomorpha,Solenodontidae,Solenodon,paradoxus,solenodon paradoxus,2.00,899.99,-999.00,306.00,-999.00,-999.00,-999.00,-999.00,2.00,425.83,64.80,3.00,-999.00,-999.00,-999.00,1.64,2.00,136.00,89.99,-999.00,-999.00,2.00,827.69,1.00,2,2.00,3,74.71,-999.00,-999.00,511;543;885;886;891;899;1297;1848;2198;2304;2655;2786;2916,-999.00,-999.00,-999.00,-999.00,74512.66,19.95,17.60,18.77,-68.31,-74.47,-71.39,10,214.83,38.00,0.08,104.89,239.05,1406.39,1578.86
Soricomorpha,Soricidae,Solisorex,pearsoni,solisorex pearsoni,-999.00,-999.00,-999.00,-999.00,-999.00,-999.00,-999.00,-999.00,-999.00,-999.00,-999.00,-999.00,-999.00,-999.00,-999.00,-999.00,-999.00,-999.00,-999.00,-999.00,-999.00,-999.00,-999.00,-999.00,-999,-999.00,-999,-999.00,-999.00,-999.00,-999,-999.00,-999.00,-999.00,-999.00,5615.92,7.60,6.69,7.14,81.18,80.45,80.81,104,323.73,104.00,0.03,170.49,244.33,1564.31,1589.31
Rodentia,Muridae,Solomys,ponceleti,solomys ponceleti,-999.00,1000.00,-999.00,270.00,-999.00,-999.00,-999.00,-999.00,1.00,-999.00,-999.00,-999.00,-999.00,-999.00,-999.00,-999.00,-999.00,-999.00,-999.00,-999.00,-999.00,-999.00,-999.00,-999.00,-999,-999.00,1,-999.00,-999.00,-999.00,1015;2655,-999.00,-999.00,-999.00,-999.00,11862.56,-5.40,-7.41,-6.41,157.55,154.66,156.11,13,17.00,13.00,0.14,182.39,261.39,-999.00,-999.00
Rodentia,Muridae,Solomys,salamonis,solomys salamonis,-999.00,-999.00,-999.00,270.00,-999.00,-999.00,-999.00,-999.00,1.00,-999.00,-999.00,-999.00,-999.00,-999.00,-999.00,-999.00,-999.00,-999.00,-999.00,-999.00,-999.00,-999.00,-999.00,-999.00,-999,-999.00,1,-999.00,-999.00,-999.00,1015,546.01,-999.00,-999.00,-999.00,225.94,-8.98,-9.14,-9.06,160.30,160.06,160.18,13,13.00,13.00,0.18,-999.00,-999.00,-999.00,-999.00
Rodentia,Muridae,Solomys,salebrosus,solomys salebrosus,-999.00,397.00,-999.00,-999.00,-999.00,-999.00,-999.00,-999.00,-999.00,-999.00,-999.00,-999.00,-999.00,-999.00,-999.00,-999.00,-999.00,-999.00,-999.00,-999.00,-999.00,-999.00,-999.00,-999.00,-999,-999.00,-999,-999.00,-999.00,-999.00,2655,-999.00,-999.00,-999.00,-999.00,11862.56,-5.40,-7.41,-6.41,157.55,154.66,156.11,13,17.00,13.00,0.14,182.39,261.39,-999.00,-999.00
Rodentia,Muridae,Solomys,sapientis,solomys sapientis,-999.00,-999.00,-999.00,270.00,-999.00,-999.00,-999.00,-999.00,1.00,-999.00,-999.00,-999.00,-999.00,-999.00,-999.00,-999.00,-999.00,-999.00,-999.00,-999.00,-999.00,-999.00,-999.00,-999.00,-999,-999.00,1,-999.00,-999.00,-999.00,1015,546.01,-999.00,-999.00,-999.00,3849.36,-7.50,-8.58,-8.04,159.90,158.41,159.16,13,13.00,13.00,0.18,191.99,271.33,-999.00,-999.00
Rodentia,Muridae,Solomys,spriggsarum,solomys spriggsarum,-999.00,-999.00,-999.00,-999.00,-999.00,-999.00,-999.00,-999.00,-999.00,-999.00,-999.00,-999.00,-999.00,-999.00,-999.00,-999.00,-999.00,-999.00,-999.00,-999.00,-999.00,-999.00,-999.00,-999.00,-999,-999.00,-999,-999.00,-999.00,-999.00,-999,-999.00,-999.00,-999.00,-999.00,-999.00,-999.00,-999.00,-999.00,-999.00,-999.00,-999.00,-999,-999.00,-999.00,-999.00,-999.00,-999.00,-999.00,-999.00
Rodentia,Muridae,Sommeromys,macrorhinos,sommeromys macrorhinos,-999.00,-999.00,-999.00,-999.00,-999.00,-999.00,-999.00,-999.00,-999.00,-999.00,-999.00,-999.00,-999.00,-999.00,-999.00,-999.00,-999.00,-999.00,-999.00,-999.00,-999.00,-999.00,-999.00,-999.00,-999,-999.00,-999,-999.00,-999.00,-999.00,-999,-999.00,-999.00,-999.00,-999.00,-999.00,-999.00,-999.00,-999.00,-999.00,-999.00,-999.00,-999,-999.00,-999.00,-999.00,-999.00,-999.00,-999.00,-999.00
Soricomorpha,Soricidae,Sorex,alaskanus,sorex alaskanus,-999.00,14.00,-999.00,-999.00,-999.00,-999.00,-999.00,-999.00,-999.00,-999.00,-999.00,2.00,-999.00,-999.00,-999.00,-999.00,-999.00,-999.00,-999.00,-999.00,-999.00,-999.00,-999.00,-999.00,-999,1.00,-999,-999.00,-999.00,-999.00,626;2655,-999.00,-999.00,-999.00,-999.00,507.45,59.10,58.79,58.95,-136.14,-136.46,-136.30,0,0.00,0.00,-999.00,140.59,-7.81,241.00,239.91
Soricomorpha,Soricidae,Sorex,alpinus,sorex alpinus,-999.00,8.04,-999.00,67.50,-999.00,-999.00,47.58,7.80,-999.00,-999.00,-999.00,-999.00,-999.00,-999.00,-999.00,5.95,-999.00,15.60,-999.00,-999.00,-999.00,-999.00,-999.00,-999.00,-999,-999.00,-999,-999.00,-999.00,-999.00,543;1297;1445;1456;1822;2655;2819,-999.00,-999.00,-999.00,-999.00,411029.75,51.02,41.98,46.50,26.37,5.65,16.01,12,131.22,41.00,5.43676070757006e-03,77.43,59.28,559.79,594.23
Soricomorpha,Soricidae,Sorex,antinorii,sorex antinorii,-999.00,-999.00,-999.00,-999.00,-999.00,-999.00,-999.00,-999.00,-999.00,-999.00,-999.00,-999.00,-999.00,-999.00,-999.00,-999.00,-999.00,-999.00,-999.00,-999.00,-999.00,-999.00,-999.00,-999.00,-999,-999.00,-999,-999.00,-999.00,-999.00,-999,-999.00,-999.00,-999.00,-999.00,-999.00,-999.00,-999.00,-999.00,-999.00,-999.00,-999.00,-999,-999.00,-999.00,-999.00,-999.00,-999.00,-999.00,-999.00
Soricomorpha,Soricidae,Sorex,araneus,sorex araneus,2.00,9.18,-999.00,72.78,16.00,-999.00,60.23,8.05,5.00,-999.00,21.50,2.00,4.46055e-04,5.24404e-04,44.56,6.56,2.00,24.00,0.42,-999.00,1859.01,1.00,312.90,-999.00,6,1.00,2,21.43,8.36,-999.00,34;35;128;439;501;540;543;561;620;621;622;623;626;627;628;629;630;703;730;779;795;798;1081;1121;1248;1297;1445;1456;1539;15771655;1738;1816;1822;1849;1868;2016;2056;2080;2148;2170;2255;2597;2605;26192655;2728;2729;2730;2786;2819,-999.00,-999.00,-999.00,-999.00,14302732.12,71.13,36.38,53.76,114.23,-9.24,52.49,0,52.19,0.00,4.49268020716463e-03,42.08,10.32,362.33,416.88
Soricomorpha,Soricidae,Sorex,arcticus,sorex arcticus,2.00,8.19,-999.00,75.06,-999.00,-999.00,-999.00,-999.00,1.00,-999.00,17.00,-999.00,4.174389e-03,4.807e-03,-999.00,6.69,1.90,18.00,-999.00,-999.00,502.74,1.00,330.90,-999.00,-999,-999.00,3,-999.00,-999.00,-999.00,34;35;176;500;626;648;730;1081;1297;1445;1608;1738;2170;2655;2730;2819,-999.00,-999.00,-999.00,-999.00,4525078.00,66.38,42.28,54.33,-63.81,-133.85,-98.83,0,4.80,0.00,6.08892239285819e-03,41.36,-14.66,378.32,429.44
Soricomorpha,Soricidae,Sorex,arizonae,sorex arizonae,-999.00,2.70,-999.00,57.98,-999.00,-999.00,-999.00,-999.00,-999.00,-999.00,-999.00,-999.00,-999.00,-999.00,-999.00,-999.00,1.00,-999.00,-999.00,-999.00,-999.00,-999.00,-999.00,-999.00,-999,-999.00,-999,-999.00,-999.00,-999.00,673;2623;2624;2655,-999.00,-999.00,-999.00,-999.00,56446.90,32.63,28.47,30.55,-107.92,-111.38,-109.65,0,12.47,1.00,0.16,27.23,168.17,449.20,1269.77
Soricomorpha,Soricidae,Sorex,arunchi,sorex arunchi,-999.00,-999.00,-999.00,-999.00,-999.00,-999.00,-999.00,-999.00,-999.00,-999.00,-999.00,-999.00,-999.00,-999.00,-999.00,-999.00,-999.00,-999.00,-999.00,-999.00,-999.00,-999.00,-999.00,-999.00,-999,-999.00,-999,-999.00,-999.00,-999.00,-999,-999.00,-999.00,-999.00,-999.00,-999.00,-999.00,-999.00,-999.00,-999.00,-999.00,-999.00,-999,-999.00,-999.00,-999.00,-999.00,-999.00,-999.00,-999.00
Soricomorpha,Soricidae,Sorex,asper,sorex asper,-999.00,-999.00,-999.00,65.00,-999.00,-999.00,-999.00,-999.00,-999.00,-999.00,-999.00,-999.00,-999.00,-999.00,-999.00,-999.00,-999.00,-999.00,-999.00,-999.00,-999.00,-999.00,-999.00,-999.00,-999,-999.00,-999,-999.00,-999.00,-999.00,1456,8.94,-999.00,-999.00,-999.00,347978.80,46.50,40.84,43.67,84.86,73.28,79.07,1,19.72,3.00,0.03,27.12,12.60,308.03,685.32
Soricomorpha,Soricidae,Sorex,averini,sorex averini,-999.00,-999.00,-999.00,-999.00,-999.00,-999.00,-999.00,-999.00,-999.00,-999.00,-999.00,-999.00,-999.00,-999.00,-999.00,-999.00,-999.00,-999.00,-999.00,-999.00,-999.00,-999.00,-999.00,-999.00,-999,-999.00,-999,-999.00,-999.00,-999.00,-999,-999.00,-999.00,-999.00,-999.00,-999.00,-999.00,-999.00,-999.00,-999.00,-999.00,-999.00,-999,-999.00,-999.00,-999.00,-999.00,-999.00,-999.00,-999.00
Soricomorpha,Soricidae,Sorex,bairdi,sorex bairdi,-999.00,8.33,-999.00,-999.00,-999.00,-999.00,-999.00,-999.00,-999.00,-999.00,-999.00,-999.00,-999.00,-999.00,-999.00,-999.00,-999.00,-999.00,-999.00,-999.00,-999.00,-999.00,-999.00,-999.00,-999,-999.00,-999,-999.00,-999.00,-999.00,2655,-999.00,-999.00,-999.00,-999.00,35561.66,47.23,45.65,46.44,-120.52,-124.13,-122.33,1,53.70,2.00,0.07,99.53,77.44,438.38,660.19
Soricomorpha,Soricidae,Sorex,bedfordiae,sorex bedfordiae,-999.00,-999.00,-999.00,68.49,-999.00,-999.00,-999.00,-999.00,-999.00,-999.00,-999.00,-999.00,-999.00,-999.00,-999.00,-999.00,-999.00,-999.00,-999.00,-999.00,-999.00,-999.00,-999.00,-999.00,-999,-999.00,-999,-999.00,-999.00,-999.00,1456,10.40,-999.00,-999.00,-999.00,335500.07,35.13,23.63,29.38,107.01,96.92,101.96,1,67.92,3.00,0.07,120.89,51.36,817.12,989.95
Soricomorpha,Soricidae,Sorex,bendirii,sorex bendirii,-999.00,15.76,-999.00,85.99,-999.00,-999.00,-999.00,-999.00,1.00,-999.00,-999.00,3.00,-999.00,-999.00,-999.00,-999.00,-999.00,-999.00,-999.00,-999.00,-999.00,-999.00,-999.00,-999.00,6,2.00,3,-999.00,-999.00,-999.00,34;176;630;1445;2080;2231;2655,-999.00,-999.00,-999.00,-999.00,207366.90,49.57,38.56,44.06,-120.46,-124.73,-122.60,0,46.13,1.00,0.08,90.96,77.29,428.99,730.53
Soricomorpha,Soricidae,Sorex,buchariensis,sorex buchariensis,-999.00,-999.00,-999.00,-999.00,-999.00,-999.00,-999.00,-999.00,-999.00,-999.00,-999.00,-999.00,-999.00,-999.00,-999.00,-999.00,-999.00,-999.00,-999.00,-999.00,-999.00,-999.00,-999.00,-999.00,-999,-999.00,-999,-999.00,-999.00,-999.00,-999,-999.00,-999.00,-999.00,-999.00,41192.77,39.30,37.33,38.32,74.48,71.49,72.99,0,4.71,0.00,0.08,11.17,-97.99,161.47,838.08
Soricomorpha,Soricidae,Sorex,caecutiens,sorex caecutiens,-999.00,6.30,-999.00,66.12,-999.00,-999.00,-999.00,-999.00,3.00,-999.00,-999.00,1.00,2.03282e-04,2.04235e-04,-999.00,7.24,3.00,24.00,-999.00,-999.00,1643.90,-999.00,-999.00,-999.00,-999,1.00,2,-999.00,-999.00,-999.00,34;543;626;629;813;1248;1297;1445;1456;1539;2169;2170;2172;2597;2619;2655,-999.00,-999.00,-999.00,-999.00,18629008.69,72.88,34.28,53.58,179.62,13.46,96.54,0,18.54,0.00,-0.01,32.34,-51.61,303.52,348.85
Soricomorpha,Soricidae,Sorex,camtschatica,sorex camtschatica,-999.00,-999.00,-999.00,-999.00,-999.00,-999.00,-999.00,-999.00,-999.00,-999.00,-999.00,-999.00,-999.00,-999.00,-999.00,-999.00,-999.00,-999.00,-999.00,-999.00,-999.00,-999.00,-999.00,-999.00,-999,-999.00,-999,-999.00,-999.00,-999.00,-999,-999.00,-999.00,-999.00,-999.00,240157.24,59.27,50.86,55.07,163.36,155.54,159.45,0,1.55,0.00,-0.04,52.91,-39.29,262.90,281.45
Soricomorpha,Soricidae,Sorex,cansulus,sorex cansulus,2.00,-999.00,-999.00,80.00,-999.00,-999.00,-999.00,-999.00,1.00,-999.00,-999.00,-999.00,-999.00,-999.00,-999.00,5.49,2.00,-999.00,-999.00,-999.00,-999.00,1.00,-999.00,-999.00,-999,-999.00,3,-999.00,-999.00,-999.00,1015,16.29,-999.00,-999.00,-999.00,394.05,34.79,34.56,34.68,103.45,103.23,103.34,27,27.00,27.00,0.08,44.00,48.00,610.00,854.00
Soricomorpha,Soricidae,Sorex,cinereus,sorex cinereus,2.00,4.20,-999.00,57.20,17.75,-999.00,44.60,5.00,2.00,-999.00,18.11,-999.00,4.044228e-03,5.01459e-03,-999.00,6.49,-999.00,23.00,0.28,-999.00,1111.97,1.00,147.56,-999.00,6,-999.00,3,19.88,3.49,-999.00,34;35;176;448;626;640;730;1003;1022;1081;1297;1445;1577;1822;1849;2002;2080;2170;2395;2655;2730;2786;2819,-999.00,-999.00,-999.00,-999.00,10567246.11,70.25,33.62,51.94,-55.61,-168.12,-111.87,0,16.94,0.00,0.03,49.87,-2.03,389.69,477.44
Soricomorpha,Soricidae,Sorex,coronatus,sorex coronatus,2.00,9.32,-999.00,72.99,-999.00,-999.00,51.30,9.00,1.00,-999.00,23.99,1.00,3.073e-04,3.73777e-04,-999.00,4.94,2.75,13.50,0.59,-999.00,1345.01,1.00,278.42,-999.00,-999,1.00,3,29.80,8.59,-999.00,541;561;562;626;1080;1081;1082;1297;1445;1816;1822;2655;2730;2786;2819;2954,-999.00,-999.00,-999.00,-999.00,872337.52,53.76,40.71,47.24,13.54,-7.72,2.90,3,159.99,13.00,0.01,64.15,90.54,510.10,593.45
Soricomorpha,Soricidae,Sorex,cylindricauda,sorex cylindricauda,-999.00,-999.00,-999.00,-999.00,-999.00,-999.00,-999.00,-999.00,-999.00,-999.00,-999.00,-999.00,-999.00,-999.00,-999.00,4.99,-999.00,-999.00,-999.00,-999.00,-999.00,-999.00,-999.00,-999.00,-999,-999.00,-999,-999.00,-999.00,-999.00,1297,-999.00,-999.00,-999.00,-999.00,192686.04,34.13,27.80,30.96,110.38,101.26,105.82,5,135.76,7.00,0.05,88.92,76.93,761.17,891.41
Soricomorpha,Soricidae,Sorex,daphaenodon,sorex daphaenodon,-999.00,8.10,-999.00,71.28,-999.00,-999.00,-999.00,-999.00,2.00,-999.00,-999.00,-999.00,-999.00,-999.00,-999.00,5.99,-999.00,-999.00,-999.00,-999.00,-999.00,-999.00,-999.00,-999.00,-999,-999.00,2,-999.00,-999.00,-999.00,34;629;813;1297;1445;2597,-999.00,-999.00,-999.00,-999.00,12592627.74,72.88,39.69,56.28,163.36,61.46,112.41,0,7.86,0.00,-0.01,29.22,-74.65,300.85,343.73
Soricomorpha,Soricidae,Sorex,dispar,sorex dispar,-999.00,4.99,-999.00,63.09,-999.00,-999.00,-999.00,-999.00,1.00,-999.00,-999.00,2.00,-999.00,-999.00,-999.00,4.18,-999.00,-999.00,-999.00,-999.00,-999.00,-999.00,-999.00,-999.00,-999,1.00,3,-999.00,-999.00,-999.00,1297;1445;1606;2655,-999.00,-999.00,-999.00,-999.00,308261.81,46.29,35.06,40.67,-62.76,-84.40,-73.58,0,65.97,2.00,0.02,86.45,90.46,703.54,742.13
Soricomorpha,Soricidae,Sorex,emarginatus,sorex emarginatus,-999.00,7.00,-999.00,-999.00,-999.00,-999.00,-999.00,-999.00,-999.00,-999.00,-999.00,-999.00,-999.00,-999.00,-999.00,-999.00,-999.00,-999.00,-999.00,-999.00,-999.00,-999.00,-999.00,-999.00,-999,-999.00,-999,-999.00,-999.00,-999.00,2655,-999.00,-999.00,-999.00,-999.00,86118.88,23.63,19.86,21.74,-100.81,-105.53,-103.17,4,87.65,4.00,0.06,60.47,175.24,758.42,1377.32
Soricomorpha,Soricidae,Sorex,excelsus,sorex excelsus,-999.00,-999.00,-999.00,-999.00,-999.00,-999.00,-999.00,-999.00,-999.00,-999.00,-999.00,-999.00,-999.00,-999.00,-999.00,-999.00,-999.00,-999.00,-999.00,-999.00,-999.00,-999.00,-999.00,-999.00,-999,-999.00,-999,-999.00,-999.00,-999.00,-999,-999.00,-999.00,-999.00,-999.00,299507.22,31.52,22.98,27.25,106.46,99.23,102.85,8,231.97,29.00,0.06,110.10,125.04,888.95,1067.31
Soricomorpha,Soricidae,Sorex,fumeus,sorex fumeus,2.00,7.83,-999.00,72.07,-999.00,-999.00,-999.00,-999.00,3.00,-999.00,21.00,1.00,-999.00,-999.00,-999.00,5.49,2.00,15.50,-999.00,-999.00,3383.55,-999.00,304.16,-999.00,-999,1.00,2,-999.00,4.00,-999.00,34;176;448;543;626;1233;1297;1445;2200;2655,-999.00,-999.00,-999.00,-999.00,1556941.63,49.38,33.24,41.31,-60.96,-89.42,-75.19,0,66.62,0.00,0.03,80.63,80.36,655.48,715.30
Soricomorpha,Soricidae,Sorex,gaspensis,sorex gaspensis,-999.00,3.35,-999.00,55.30,-999.00,-999.00,-999.00,-999.00,1.00,-999.00,-999.00,2.00,-999.00,-999.00,-999.00,5.33,-999.00,-999.00,-999.00,-999.00,-999.00,-999.00,-999.00,-999.00,-999,1.00,3,-999.00,-999.00,-999.00,176;1445;1606;2655,-999.00,-999.00,-999.00,-999.00,34573.08,49.15,45.55,47.35,-59.79,-67.46,-63.63,0,8.55,0.00,-0.04,84.50,24.60,484.54,474.96
Soricomorpha,Soricidae,Sorex,gracillimus,sorex gracillimus,-999.00,4.40,-999.00,53.50,-999.00,-999.00,-999.00,-999.00,1.00,-999.00,-999.00,-999.00,3.16461e-04,2.72981e-04,-999.00,4.58,-999.00,-999.00,-999.00,-999.00,-999.00,1.00,-999.00,-999.00,-999,-999.00,3,-999.00,-999.00,-999.00,1297;2169;2170;2172;2741,-999.00,-999.00,-999.00,-999.00,717756.02,54.41,40.41,47.41,145.82,128.01,136.91,0,35.01,1.00,-0.01,52.65,-5.10,501.18,536.79
Soricomorpha,Soricidae,Sorex,granarius,sorex granarius,-999.00,6.39,-999.00,63.10,-999.00,-999.00,-999.00,-999.00,-999.00,-999.00,-999.00,-999.00,-999.00,-999.00,-999.00,4.89,-999.00,-999.00,-999.00,-999.00,-999.00,-999.00,-999.00,-999.00,-999,-999.00,-999,-999.00,-999.00,-999.00,1049;1445;2655,-999.00,-999.00,-999.00,-999.00,70026.27,43.79,38.68,41.23,-3.03,-9.49,-6.26,3,135.76,10.50,-0.01,71.04,125.75,525.25,847.96
Soricomorpha,Soricidae,Sorex,haydeni,sorex haydeni,-999.00,-999.00,-999.00,-999.00,-999.00,-999.00,-999.00,-999.00,-999.00,-999.00,20.50,-999.00,-999.00,-999.00,-999.00,7.00,-999.00,-999.00,-999.00,-999.00,-999.00,-999.00,-999.00,-999.00,-999,-999.00,-999,-999.00,-999.00,-999.00,1297,-999.00,-999.00,-999.00,-999.00,1159900.69,53.88,39.45,46.67,-90.23,-109.01,-99.62,0,6.95,0.00,-0.01,42.70,61.38,550.24,660.92
Soricomorpha,Soricidae,Sorex,hosonoi,sorex hosonoi,-999.00,-999.00,-999.00,59.99,-999.00,-999.00,-999.00,-999.00,-999.00,-999.00,-999.00,-999.00,-999.00,-999.00,-999.00,-999.00,-999.00,-999.00,-999.00,-999.00,-999.00,-999.00,-999.00,-999.00,-999,-999.00,-999,-999.00,-999.00,-999.00,2741,7.09,-999.00,-999.00,-999.00,5576.94,36.85,35.47,36.16,138.89,137.41,138.15,163,286.13,163.00,0.01,136.94,62.37,832.04,855.30
Soricomorpha,Soricidae,Sorex,hoyi,sorex hoyi,2.00,3.37,-999.00,53.99,-999.00,-999.00,-999.00,-999.00,1.00,-999.00,-999.00,1.00,-999.00,-999.00,-999.00,5.84,1.00,-999.00,-999.00,-999.00,52.00,-999.00,-999.00,-999.00,8,1.00,3,-999.00,-999.00,-999.00,34;35;176;626;1020;1297;1445;1806;1807;2655;2786,-999.00,-999.00,-999.00,-999.00,6973125.22,67.40,34.61,51.00,-60.17,-160.31,-110.24,0,10.71,0.00,0.03,52.03,-7.28,397.82,443.43
Soricomorpha,Soricidae,Sorex,isodon,sorex isodon,-999.00,12.23,-999.00,74.87,16.00,-999.00,-999.00,-999.00,1.00,-999.00,18.00,-999.00,-999.00,-999.00,-999.00,7.09,-999.00,-999.00,0.90,-999.00,567.57,-999.00,-999.00,-999.00,-999,-999.00,3,21.87,-999.00,-999.00,629;813;1081;1248;1297;1445;2597;2619;2655,-999.00,-999.00,-999.00,-999.00,11394085.18,70.80,39.85,55.32,170.83,7.65,89.24,0,12.72,0.00,-0.01,35.28,-50.02,324.04,352.20
Soricomorpha,Soricidae,Sorex,jacksoni,sorex jacksoni,-999.00,6.01,-999.00,63.64,-999.00,-999.00,-999.00,-999.00,-999.00,-999.00,-999.00,-999.00,-999.00,-999.00,-999.00,-999.00,-999.00,-999.00,-999.00,-999.00,-999.00,-999.00,-999.00,-999.00,-999,-999.00,-999,-999.00,-999.00,-999.00,2395,-999.00,-999.00,-999.00,-999.00,4909.61,63.78,62.93,63.36,-168.69,-171.84,-170.27,0,0.00,0.00,-999.00,34.00,-37.00,-999.00,-999.00
Soricomorpha,Soricidae,Sorex,kozlovi,sorex kozlovi,-999.00,-999.00,-999.00,-999.00,-999.00,-999.00,-999.00,-999.00,-999.00,-999.00,-999.00,-999.00,-999.00,-999.00,-999.00,-999.00,-999.00,-999.00,-999.00,-999.00,-999.00,-999.00,-999.00,-999.00,-999,-999.00,-999,-999.00,-999.00,-999.00,-999,-999.00,-999.00,-999.00,-999.00,373.14,31.69,31.48,31.58,96.60,96.39,96.49,5,5.50,5.00,0.16,156.26,-66.26,585.03,862.30
Soricomorpha,Soricidae,Sorex,leucogaster,sorex leucogaster,-999.00,-999.00,-999.00,-999.00,-999.00,-999.00,-999.00,-999.00,-999.00,-999.00,-999.00,-999.00,-999.00,-999.00,-999.00,-999.00,-999.00,-999.00,-999.00,-999.00,-999.00,-999.00,-999.00,-999.00,-999,-999.00,-999,-999.00,-999.00,-999.00,-999,-999.00,-999.00,-999.00,-999.00,2063.39,50.77,50.00,50.38,156.16,155.20,155.68,1,1.00,1.00,-0.50,114.00,11.00,-999.00,-999.00
Soricomorpha,Soricidae,Sorex,longirostris,sorex longirostris,2.00,3.29,-999.00,51.14,-999.00,-999.00,-999.00,-999.00,2.00,-999.00,-999.00,1.00,-999.00,-999.00,-999.00,3.99,2.00,-999.00,-999.00,-999.00,61.11,-999.00,120.70,-999.00,-999,1.00,2,-999.00,-999.00,-999.00,34;730;1021;1022;1297;1445;2166;2655,-999.00,-999.00,-999.00,-999.00,1647418.16,41.38,27.04,34.21,-75.71,-95.31,-85.51,3,49.20,6.00,0.05,96.94,158.77,929.90,1014.68
Soricomorpha,Soricidae,Sorex,lyelli,sorex lyelli,-999.00,4.99,-999.00,-999.00,-999.00,-999.00,-999.00,-999.00,-999.00,-999.00,-999.00,-999.00,-999.00,-999.00,-999.00,-999.00,-999.00,-999.00,-999.00,-999.00,-999.00,-999.00,-999.00,-999.00,-999,-999.00,-999,-999.00,-999.00,-999.00,2655,-999.00,-999.00,-999.00,-999.00,44679.75,38.98,36.82,37.90,-118.28,-120.98,-119.63,0,24.01,0.00,0.07,42.61,91.19,339.13,1095.70
Soricomorpha,Soricidae,Sorex,macrodon,sorex macrodon,-999.00,8.61,-999.00,-999.00,-999.00,-999.00,-999.00,-999.00,-999.00,-999.00,-999.00,-999.00,-999.00,-999.00,-999.00,-999.00,-999.00,-999.00,-999.00,-999.00,-999.00,-999.00,-999.00,-999.00,-999,-999.00,-999,-999.00,-999.00,-999.00,1445;2655,-999.00,-999.00,-999.00,-999.00,8910.55,20.13,18.61,19.37,-96.76,-97.60,-97.18,92,140.93,92.00,0.07,131.57,194.04,1176.42,1447.68
Soricomorpha,Soricidae,Sorex,maritimensis,sorex maritimensis,-999.00,-999.00,-999.00,-999.00,-999.00,-999.00,-999.00,-999.00,-999.00,-999.00,-999.00,-999.00,-999.00,-999.00,-999.00,-999.00,-999.00,-999.00,-999.00,-999.00,-999.00,-999.00,-999.00,-999.00,-999,-999.00,-999,-999.00,-999.00,-999.00,-999,-999.00,-999.00,-999.00,-999.00,61243.95,46.76,43.45,45.11,-61.13,-66.92,-64.03,2,16.92,2.00,0.01,96.38,55.45,457.62,634.93
Soricomorpha,Soricidae,Sorex,merriami,sorex merriami,-999.00,5.99,-999.00,60.01,-999.00,-999.00,-999.00,-999.00,1.00,-999.00,-999.00,2.00,-999.00,-999.00,-999.00,5.99,-999.00,-999.00,-999.00,-999.00,-999.00,-999.00,-999.00,-999.00,6,1.00,3,-999.00,-999.00,-999.00,34;117;1297;1445;2080;2655,-999.00,-999.00,-999.00,-999.00,1794633.10,48.71,33.03,40.87,-101.81,-121.85,-111.83,0,5.67,0.00,0.09,26.69,67.26,365.47,853.33
Soricomorpha,Soricidae,Sorex,milleri,sorex milleri,-999.00,4.07,-999.00,-999.00,-999.00,-999.00,-999.00,-999.00,-999.00,-999.00,-999.00,-999.00,-999.00,-999.00,-999.00,-999.00,-999.00,-999.00,-999.00,-999.00,-999.00,-999.00,-999.00,-999.00,-999,-999.00,-999,-999.00,-999.00,-999.00,1445;2655,-999.00,-999.00,-999.00,-999.00,93352.12,29.48,23.90,26.69,-99.83,-102.74,-101.29,0,32.48,1.00,0.07,28.80,191.63,523.80,1030.68
Soricomorpha,Soricidae,Sorex,minutissimus,sorex minutissimus,-999.00,2.46,-999.00,52.04,-999.00,-999.00,-999.00,-999.00,1.00,-999.00,-999.00,-999.00,-999.00,-999.00,-999.00,8.99,-999.00,-999.00,-999.00,-999.00,-999.00,-999.00,-999.00,-999.00,-999,-999.00,3,-999.00,-999.00,-999.00,34;629;1248;1445;2597;2655;2741,-999.00,-999.00,-999.00,-999.00,17707282.04,72.88,41.02,56.95,179.62,4.96,92.29,0,11.48,0.00,-0.01,31.67,-56.25,298.03,339.93
Soricomorpha,Soricidae,Sorex,palustris,sorex palustris,2.00,13.07,-999.00,74.87,-999.00,-999.00,-999.00,-999.00,4.00,-999.00,21.00,2.00,2.320105e-03,2.564608e-03,-999.00,5.46,2.50,18.00,-999.00,-999.00,-999.00,1.00,121.18,-999.00,6,1.00,2,-999.00,-999.00,-999.00,34;176;238;541;626;630;1081;1297;1445;1577;1849;2080;2655,-999.00,-999.00,-999.00,-999.00,6203279.83,65.07,33.06,49.07,-55.61,-151.99,-103.80,0,14.95,0.00,0.05,52.33,16.95,392.82,559.10
Soricomorpha,Soricidae,Sorex,ventralis,sorex ventralis,-999.00,7.00,-999.00,-999.00,-999.00,-999.00,-999.00,-999.00,-999.00,-999.00,-999.00,-999.00,-999.00,-999.00,-999.00,-999.00,-999.00,-999.00,-999.00,-999.00,-999.00,-999.00,-999.00,-999.00,-999,-999.00,-999,-999.00,-999.00,-999.00,2655,-999.00,-999.00,-999.00,-999.00,145246.48,21.25,15.85,18.55,-96.13,-101.27,-98.70,15,183.01,21.00,0.08,90.02,172.95,910.73,1428.29
Soricomorpha,Soricidae,Sorex,veraecrucis,sorex veraecrucis,-999.00,-999.00,-999.00,-999.00,-999.00,-999.00,-999.00,-999.00,-999.00,-999.00,-999.00,-999.00,-999.00,-999.00,-999.00,-999.00,-999.00,-999.00,-999.00,-999.00,-999.00,-999.00,-999.00,-999.00,-999,-999.00,-999,-999.00,-999.00,-999.00,-999,-999.00,-999.00,-999.00,-999.00,-999.00,-999.00,-999.00,-999.00,-999.00,-999.00,-999.00,-999,-999.00,-999.00,-999.00,-999.00,-999.00,-999.00,-999.00
Soricomorpha,Soricidae,Sorex,veraepacis,sorex veraepacis,-999.00,7.50,-999.00,-999.00,-999.00,-999.00,-999.00,-999.00,-999.00,-999.00,-999.00,-999.00,-999.00,-999.00,-999.00,-999.00,-999.00,-999.00,-999.00,-999.00,-999.00,-999.00,-999.00,-999.00,-999,-999.00,-999,-999.00,-999.00,-999.00,2655,-999.00,-999.00,-999.00,-999.00,12425.24,16.19,15.37,15.78,-89.91,-91.80,-90.86,10,68.08,10.00,0.16,129.43,208.34,1478.02,1650.31
Soricomorpha,Soricidae,Sorex,volnuchini,sorex volnuchini,-999.00,-999.00,-999.00,-999.00,-999.00,-999.00,-999.00,-999.00,-999.00,-999.00,-999.00,-999.00,-999.00,-999.00,-999.00,-999.00,-999.00,-999.00,-999.00,-999.00,-999.00,-999.00,-999.00,-999.00,-999,-999.00,-999,-999.00,-999.00,-999.00,-999,-999.00,-999.00,-999.00,-999.00,284315.01,45.95,40.04,43.00,50.37,36.59,43.48,9,115.26,15.00,0.03,55.90,59.40,574.16,714.89
Soricomorpha,Soricidae,Sorex,yukonicus,sorex yukonicus,-999.00,-999.00,-999.00,-999.00,-999.00,-999.00,-999.00,-999.00,-999.00,-999.00,-999.00,-999.00,-999.00,-999.00,-999.00,-999.00,-999.00,-999.00,-999.00,-999.00,-999.00,-999.00,-999.00,-999.00,-999,-999.00,-999,-999.00,-999.00,-999.00,-999,-999.00,-999.00,-999.00,-999.00,-999.00,-999.00,-999.00,-999.00,-999.00,-999.00,-999.00,-999,-999.00,-999.00,-999.00,-999.00,-999.00,-999.00,-999.00
Soricomorpha,Soricidae,Soriculus,nigrescens,soriculus nigrescens,-999.00,14.58,-999.00,98.49,-999.00,-999.00,-999.00,-999.00,1.00,-999.00,-999.00,2.00,-999.00,-999.00,-999.00,4.89,-999.00,-999.00,-999.00,-999.00,-999.00,-999.00,-999.00,-999.00,-999,1.00,3,-999.00,-999.00,-999.00,1297;1445;2655;2741,-999.00,-999.00,-999.00,-999.00,310621.93,30.39,26.64,28.51,96.11,79.70,87.91,1,81.26,1.00,0.09,143.19,62.54,925.44,1168.19
Cetacea,Delphinidae,Sotalia,fluviatilis,sotalia fluviatilis,3.00,42833.44,-999.00,-999.00,-999.00,-999.00,-999.00,-999.00,2.00,-999.00,310.25,1.00,-999.00,-999.00,-999.00,0.97,-999.00,-999.00,-999.00,-999.00,-999.00,4.00,-999.00,9.00,-999,-999.00,3,-999.00,-999.00,-999.00,890;905;1297;1577;2151;2475;2655,-999.00,-999.00,-999.00,-999.00,-999.00,-999.00,-999.00,-999.00,-999.00,-999.00,-999.00,-999,-999.00,-999.00,-999.00,-999.00,-999.00,-999.00,-999.00
Cetacea,Delphinidae,Sousa,chinensis,sousa chinensis,-999.00,279999.99,-999.00,-999.00,-999.00,-999.00,-999.00,-999.00,-999.00,-999.00,-999.00,1.00,-999.00,-999.00,-999.00,1.00,-999.00,-999.00,-999.00,-999.00,-999.00,-999.00,-999.00,-999.00,-999,-999.00,-999,166.12,-999.00,-999.00,1297;2151;2655,-999.00,-999.00,-999.00,-999.00,-999.00,-999.00,-999.00,-999.00,-999.00,-999.00,-999.00,-999,-999.00,-999.00,-999.00,-999.00,-999.00,-999.00,-999.00
Cetacea,Delphinidae,Sousa,teuszii,sousa teuszii,-999.00,99999.99,-999.00,-999.00,-999.00,-999.00,-999.00,-999.00,-999.00,-999.00,-999.00,1.00,-999.00,-999.00,-999.00,-999.00,-999.00,-999.00,-999.00,-999.00,-999.00,-999.00,-999.00,-999.00,-999,-999.00,-999,-999.00,-999.00,-999.00,2151;2655,-999.00,-999.00,-999.00,-999.00,-999.00,-999.00,-999.00,-999.00,-999.00,-999.00,-999.00,-999,-999.00,-999.00,-999.00,-999.00,-999.00,-999.00,-999.00
Rodentia,Octodontidae,Spalacopus,cyanus,spalacopus cyanus,2.00,100.86,-999.00,132.78,7.50,-999.00,185.12,106.25,2.00,-999.00,80.30,2.00,7.86164e-05,4.03e-05,-999.00,3.14,-999.00,72.00,8.89,56.20,4500.00,-999.00,-999.00,15.00,6,1.00,1,59.66,46.39,-999.00,229;230;231;543;740;890;1297;1573;1822;2151;2414;2655;2859,-999.00,-999.00,-999.00,-999.00,76659.01,-26.92,-36.39,-31.66,-69.97,-72.87,-71.42,1,85.11,2.00,0.09,30.41,81.28,246.25,985.05
Rodentia,Spalacidae,Spalax,arenarius,spalax arenarius,-999.00,-999.00,-999.00,-999.00,-999.00,-999.00,-999.00,-999.00,-999.00,-999.00,-999.00,-999.00,-999.00,-999.00,-999.00,-999.00,-999.00,-999.00,-999.00,-999.00,-999.00,-999.00,-999.00,-999.00,-999,-999.00,-999,-999.00,-999.00,-999.00,-999,-999.00,-999.00,-999.00,-999.00,12814.55,46.99,45.94,46.46,34.29,31.51,32.90,20,72.56,20.00,-7.18438487412554e-03,30.84,93.59,402.13,713.90
Rodentia,Spalacidae,Spalax,carmeli,spalax carmeli,-999.00,-999.00,-999.00,-999.00,-999.00,-999.00,-999.00,-999.00,-999.00,-999.00,-999.00,-999.00,-999.00,-999.00,-999.00,-999.00,-999.00,-999.00,-999.00,-999.00,-999.00,-999.00,-999.00,-999.00,-999,-999.00,-999,-999.00,-999.00,-999.00,-999,-999.00,-999.00,-999.00,-999.00,-999.00,-999.00,-999.00,-999.00,-999.00,-999.00,-999.00,-999,-999.00,-999.00,-999.00,-999.00,-999.00,-999.00,-999.00
Rodentia,Spalacidae,Spalax,ehrenbergi,spalax ehrenbergi,2.00,164.35,-999.00,-999.00,-999.00,-999.00,101.55,123.25,-999.00,54.40,-999.00,1.00,-999.00,-999.00,-999.00,-999.00,-999.00,-999.00,-999.00,-999.00,-999.00,-999.00,-999.00,1.00,-999,1.00,-999,-999.00,-999.00,-999.00,230;247;1822;2130;2357;2655;3140,-999.00,-999.00,-999.00,-999.00,504281.30,37.74,29.03,33.38,43.89,17.83,30.86,1,96.01,1.00,0.15,19.91,189.76,233.32,1281.83
Rodentia,Spalacidae,Spalax,galili,spalax galili,-999.00,-999.00,-999.00,-999.00,-999.00,-999.00,-999.00,-999.00,-999.00,-999.00,-999.00,-999.00,-999.00,-999.00,-999.00,-999.00,-999.00,-999.00,-999.00,-999.00,-999.00,-999.00,-999.00,-999.00,-999,-999.00,-999,-999.00,-999.00,-999.00,-999,-999.00,-999.00,-999.00,-999.00,-999.00,-999.00,-999.00,-999.00,-999.00,-999.00,-999.00,-999,-999.00,-999.00,-999.00,-999.00,-999.00,-999.00,-999.00
Rodentia,Spalacidae,Spalax,giganteus,spalax giganteus,-999.00,-999.00,-999.00,-999.00,-999.00,-999.00,-999.00,-999.00,-999.00,-999.00,-999.00,-999.00,-999.00,-999.00,-999.00,-999.00,-999.00,-999.00,-999.00,-999.00,-999.00,-999.00,-999.00,-999.00,-999,-999.00,-999,-999.00,-999.00,-999.00,-999,-999.00,-999.00,-999.00,-999.00,-999.00,-999.00,-999.00,-999.00,-999.00,-999.00,-999.00,-999,-999.00,-999.00,-999.00,-999.00,-999.00,-999.00,-999.00
Rodentia,Spalacidae,Spalax,golani,spalax golani,-999.00,-999.00,-999.00,-999.00,-999.00,-999.00,-999.00,-999.00,-999.00,-999.00,-999.00,-999.00,-999.00,-999.00,-999.00,-999.00,-999.00,-999.00,-999.00,-999.00,-999.00,-999.00,-999.00,-999.00,-999,-999.00,-999,-999.00,-999.00,-999.00,-999,-999.00,-999.00,-999.00,-999.00,-999.00,-999.00,-999.00,-999.00,-999.00,-999.00,-999.00,-999,-999.00,-999.00,-999.00,-999.00,-999.00,-999.00,-999.00
Artiodactyla,Bovidae,Aepyceros,melampus,aepyceros melampus,3.00,52591.69,-999.00,1420.00,-999.00,730.00,-999.00,-999.00,2.00,-999.00,196.74,1.00,1.97,2.36,365.00,0.98,-999.00,213.00,5238.40,-999.00,13.36,-999.00,498.97,15.25,4,1.00,1,150.00,14563.80,-999.00,543;730;854;869;1297;1525;1573;1763;1848;2338;2620;2629;2655;2693;3057,-999.00,1.10,-999.00,-999.00,3926868.66,2.58,-28.42,-12.91,40.84,11.71,26.27,0,37.60,1.00,0.15,73.05,216.36,841.64,1480.32
Diprotodontia,Potoroidae,Aepyprymnus,rufescens,aepyprymnus rufescens,1.00,2810.31,-999.00,-999.00,-999.00,319.37,1111.23,2845.00,-999.00,-999.00,22.80,-999.00,-999.00,-999.00,117.00,1.03,3.00,96.00,-999.00,-999.00,40.00,-999.00,345.41,-999.00,-999,-999.00,-999,163.07,-999.00,-999.00,543;955;1297;1412;1760;1822;2655,-999.00,-999.00,-999.00,-999.00,641274.90,-15.85,-36.56,-26.20,153.63,143.95,148.79,0,8.87,0.00,0.06,69.59,194.53,812.51,1432.31
Rodentia,Sciuridae,Aeretes,melanopterus,aeretes melanopterus,-999.00,-999.00,-999.00,-999.00,-999.00,-999.00,-999.00,-999.00,-999.00,-999.00,-999.00,-999.00,-999.00,-999.00,-999.00,-999.00,-999.00,-999.00,-999.00,-999.00,-999.00,-999.00,-999.00,-999.00,-999,-999.00,-999,-999.00,-999.00,-999.00,-999,-999.00,-999.00,-999.00,-999.00,80788.68,40.21,30.62,35.41,116.38,101.59,108.99,6,128.61,10.00,0.06,65.15,75.27,662.48,826.29
Rodentia,Sciuridae,Aeromys,tephromelas,aeromys tephromelas,1.00,1187.00,-999.00,378.86,-999.00,-999.00,-999.00,-999.00,-999.00,-999.00,-999.00,-999.00,-999.00,-999.00,-999.00,1.07,-999.00,-999.00,-999.00,-999.00,-999.00,-999.00,-999.00,-999.00,-999,-999.00,-999,-999.00,-999.00,-999.00,1971;2152;2655;2844,-999.00,-999.00,-999.00,-999.00,283378.84,7.03,-1.85,2.59,117.88,98.00,107.94,2,96.45,4.00,0.17,239.02,246.03,1675.18,1753.56
Rodentia,Sciuridae,Aeromys,thomasi,aeromys thomasi,1.00,1430.19,-999.00,340.50,-999.00,-999.00,-999.00,-999.00,-999.00,-999.00,-999.00,-999.00,-999.00,-999.00,-999.00,-999.00,-999.00,-999.00,-999.00,-999.00,-999.00,-999.00,-999.00,-999.00,-999,-999.00,-999,-999.00,-999.00,-999.00,2152;2655,-999.00,-999.00,-999.00,-999.00,122621.55,6.49,-1.08,2.70,117.84,110.02,113.93,1,18.59,2.00,0.20,285.05,243.11,1689.44,1711.46
Chiroptera,Pteropodidae,Aethalops,aequalis,aethalops aequalis,-999.00,-999.00,44.00,-999.00,-999.00,-999.00,-999.00,-999.00,-999.00,-999.00,-999.00,-999.00,-999.00,-999.00,-999.00,-999.00,-999.00,-999.00,-999.00,-999.00,-999.00,-999.00,-999.00,-999.00,-999,-999.00,-999,-999.00,-999.00,-999.00,396,12.80,-999.00,-999.00,-999.00,20667.22,6.40,3.81,5.11,117.13,115.04,116.08,3,26.26,3.00,0.25,270.73,225.80,1794.08,1862.13
Chiroptera,Pteropodidae,Aethalops,alecto,aethalops alecto,-999.00,15.00,46.49,-999.00,-999.00,-999.00,-999.00,-999.00,-999.00,-999.00,-999.00,1.00,-999.00,-999.00,-999.00,0.99,-999.00,-999.00,-999.00,-999.00,-999.00,-999.00,-999.00,-999.00,-999,2.00,-999,-999.00,-999.00,-999.00,396;1343;1621;1658;2017;2151;2622;2655,-999.00,-999.00,-999.00,-999.00,110914.61,5.16,-8.96,-1.89,116.73,99.87,108.30,12,282.32,17.00,0.11,250.35,242.64,1724.94,1820.80
Rodentia,Muridae,Aethomys,bocagei,aethomys bocagei,-999.00,-999.00,-999.00,-999.00,-999.00,-999.00,-999.00,-999.00,-999.00,-999.00,-999.00,-999.00,-999.00,-999.00,-999.00,-999.00,-999.00,-999.00,-999.00,-999.00,-999.00,-999.00,-999.00,-999.00,-999,-999.00,-999,-999.00,-999.00,-999.00,-999,-999.00,-999.00,-999.00,-999.00,133883.67,-7.75,-13.00,-10.38,15.86,12.98,14.42,5,40.77,5.00,0.15,82.98,217.57,971.52,1543.16
Rodentia,Sciuridae,Spermophilus,erythrogenys,spermophilus erythrogenys,-999.00,-999.00,-999.00,-999.00,-999.00,-999.00,-999.00,-999.00,-999.00,-999.00,-999.00,-999.00,-999.00,-999.00,-999.00,7.77,1.00,-999.00,-999.00,-999.00,-999.00,-999.00,-999.00,-999.00,-999,-999.00,-999,-999.00,-999.00,-999.00,1297,-999.00,-999.00,-999.00,-999.00,1325545.76,55.42,43.15,49.29,90.26,65.55,77.91,0,10.73,1.00,6.22859204685071e-04,24.74,29.72,319.86,523.06
Rodentia,Sciuridae,Spermophilus,franklinii,spermophilus franklinii,-999.00,457.64,-999.00,245.61,20.00,-999.00,-999.00,-999.00,-999.00,-999.00,28.00,-999.00,0.13,0.12,-999.00,8.69,1.00,-999.00,8.99,-999.00,442.88,-999.00,329.87,-999.00,-999,-999.00,-999,29.11,-999.00,-999.00,730;1297;1457;1573;1977;2081;2082;2655;2684;2876,-999.00,-999.00,-999.00,-999.00,1657927.29,55.48,37.26,46.37,-86.42,-114.97,-100.69,0,23.62,0.00,0.01,50.27,65.14,589.35,670.83
Rodentia,Sciuridae,Spermophilus,fulvus,spermophilus fulvus,-999.00,778.38,-999.00,-999.00,-999.00,-999.00,-999.00,-999.00,-999.00,-999.00,30.41,-999.00,-999.00,-999.00,-999.00,5.99,1.00,-999.00,-999.00,-999.00,423.39,-999.00,-999.00,-999.00,-999,-999.00,-999,-999.00,-999.00,-999.00,730;1297;2655,-999.00,-999.00,-999.00,-999.00,2147696.03,51.67,31.68,41.67,77.47,45.82,61.65,0,17.61,0.00,0.05,16.71,84.20,243.24,736.68
Rodentia,Sciuridae,Spermophilus,lateralis,spermophilus lateralis,-999.00,175.10,-999.00,214.38,27.00,-999.00,204.67,224.30,4.00,-999.00,28.42,-999.00,-999.00,-999.00,-999.00,5.18,1.00,-999.00,6.09,-999.00,-999.00,-999.00,420.91,-999.00,10,-999.00,2,41.99,85.36,-999.00,204;530;636;1215;1297;1577;1822;1849;1937;1977;2082;2620;2655;2974;3055,-999.00,-999.00,-999.00,-999.00,1705582.39,56.38,32.63,44.51,-104.01,-124.53,-114.27,0,9.82,0.00,0.11,33.72,56.81,364.51,829.87
Rodentia,Sciuridae,Spermophilus,madrensis,spermophilus madrensis,-999.00,207.12,-999.00,171.48,-999.00,-999.00,-999.00,-999.00,-999.00,-999.00,-999.00,-999.00,-999.00,-999.00,-999.00,4.34,-999.00,-999.00,-999.00,-999.00,-999.00,-999.00,-999.00,-999.00,-999,-999.00,-999,-999.00,-999.00,-999.00,310;1297;2655,-999.00,-999.00,-999.00,-999.00,48758.56,28.93,25.41,27.17,-105.99,-108.40,-107.20,2,6.82,2.00,0.11,34.24,119.11,706.82,1339.47
Rodentia,Sciuridae,Spermophilus,major,spermophilus major,-999.00,-999.00,-999.00,-999.00,-999.00,-999.00,-999.00,-999.00,-999.00,-999.00,-999.00,-999.00,-999.00,-999.00,-999.00,-999.00,-999.00,-999.00,-999.00,-999.00,-999.00,-999.00,-999.00,-999.00,-999,-999.00,-999,-999.00,-999.00,-999.00,-999,-999.00,-999.00,-999.00,-999.00,622837.23,57.92,50.70,54.31,68.80,47.61,58.20,3,30.89,5.00,0.01,31.70,18.99,349.45,445.96
Rodentia,Sciuridae,Spermophilus,mexicanus,spermophilus mexicanus,-999.00,177.49,-999.00,193.40,-999.00,-999.00,-999.00,-999.00,5.00,-999.00,-999.00,2.00,-999.00,-999.00,-999.00,5.91,-999.00,-999.00,4.31,52.60,-999.00,-999.00,-999.00,1.00,4,1.00,2,-999.00,-999.00,-999.00,876;1297;2655;3117,-999.00,-999.00,-999.00,-999.00,718436.33,34.33,18.45,26.39,-96.39,-106.51,-101.45,0,60.09,0.00,0.08,46.83,191.94,646.58,1218.78
Rodentia,Sciuridae,Spermophilus,mohavensis,spermophilus mohavensis,3.00,213.18,-999.00,156.53,30.50,-999.00,112.80,240.00,2.00,-999.00,24.31,2.00,0.01,0.01,-999.00,6.50,-999.00,-999.00,4.50,-999.00,301.99,-999.00,-999.00,1.00,-999,1.00,1,31.81,-999.00,-999.00,340;509;1297;1822;1849;2655,-999.00,-999.00,-999.00,-999.00,18167.56,36.23,34.37,35.30,-116.80,-118.25,-117.52,0,59.07,0.00,0.15,28.05,115.00,262.40,1191.51
Rodentia,Sciuridae,Spermophilus,mollis,spermophilus mollis,-999.00,165.40,-999.00,-999.00,20.50,-999.00,-999.00,-999.00,-999.00,-999.00,-999.00,-999.00,9.57999e-04,1.357e-03,-999.00,7.97,-999.00,-999.00,3.86,-999.00,2179.42,-999.00,-999.00,-999.00,-999,-999.00,-999,40.79,-999.00,-999.00,2444;2445;2655,-999.00,-999.00,-999.00,-999.00,364932.53,47.09,36.57,41.83,-113.70,-122.02,-117.86,0,2.68,0.00,0.06,24.56,70.97,280.28,889.93
Rodentia,Sciuridae,Spermophilus,musicus,spermophilus musicus,-999.00,-999.00,-999.00,-999.00,-999.00,-999.00,-999.00,-999.00,-999.00,-999.00,-999.00,-999.00,-999.00,-999.00,-999.00,-999.00,-999.00,-999.00,-999.00,-999.00,-999.00,-999.00,-999.00,-999.00,-999,-999.00,-999,-999.00,-999.00,-999.00,-999,-999.00,-999.00,-999.00,-999.00,1698.02,43.73,43.24,43.49,43.64,43.15,43.40,39,71.59,39.00,0.02,48.51,-7.90,617.30,656.81
Rodentia,Sciuridae,Spermophilus,pallidicauda,spermophilus pallidicauda,-999.00,-999.00,-999.00,-999.00,-999.00,-999.00,-999.00,-999.00,-999.00,-999.00,-999.00,-999.00,-999.00,-999.00,-999.00,-999.00,-999.00,-999.00,-999.00,-999.00,-999.00,-999.00,-999.00,-999.00,-999,-999.00,-999,-999.00,-999.00,-999.00,-999,-999.00,-999.00,-999.00,-999.00,552357.33,51.06,41.70,46.38,115.42,89.25,102.33,0,1.92,0.00,0.05,19.35,-16.49,239.95,537.29
Rodentia,Sciuridae,Spermophilus,parryii,spermophilus parryii,-999.00,747.09,-999.00,278.92,-999.00,-999.00,-999.00,-999.00,-999.00,-999.00,25.16,-999.00,0.02,0.02,-999.00,6.50,1.00,-999.00,11.00,-999.00,-999.00,-999.00,420.91,-999.00,-999,-999.00,-999,28.00,-999.00,-999.00,1297;1573;1905;1977;2082;2655;2974;3091,-999.00,-999.00,-999.00,-999.00,3944909.10,72.00,54.79,63.39,149.89,-168.12,-9.11,0,0.13,0.00,0.04,28.63,-103.60,195.15,227.53
Rodentia,Sciuridae,Spermophilus,perotensis,spermophilus perotensis,-999.00,140.00,-999.00,179.00,-999.00,-999.00,-999.00,-999.00,-999.00,-999.00,-999.00,-999.00,-999.00,-999.00,-999.00,6.07,-999.00,-999.00,-999.00,-999.00,-999.00,-999.00,-999.00,-999.00,-999,-999.00,-999,-999.00,-999.00,-999.00,341;1297;2655,-999.00,-999.00,-999.00,-999.00,3089.88,19.74,18.95,19.34,-97.03,-97.67,-97.35,92,131.20,92.00,0.08,127.83,127.66,1051.35,1373.26
Rodentia,Sciuridae,Spermophilus,pygmaeus,spermophilus pygmaeus,-999.00,173.46,-999.00,-999.00,-999.00,-999.00,-999.00,-999.00,-999.00,-999.00,26.48,-999.00,-999.00,-999.00,-999.00,7.08,1.00,-999.00,-999.00,-999.00,1107.21,-999.00,-999.00,-999.00,-999,-999.00,-999,15.59,-999.00,-999.00,730;1297;2655,-999.00,-999.00,-999.00,-999.00,1831060.38,52.93,43.01,47.97,71.64,31.59,51.62,0,19.94,0.00,1.77052324723002e-03,22.39,59.22,308.83,583.35
Rodentia,Sciuridae,Spermophilus,ralli,spermophilus ralli,-999.00,-999.00,-999.00,-999.00,-999.00,-999.00,-999.00,-999.00,-999.00,-999.00,-999.00,-999.00,-999.00,-999.00,-999.00,-999.00,-999.00,-999.00,-999.00,-999.00,-999.00,-999.00,-999.00,-999.00,-999,-999.00,-999,-999.00,-999.00,-999.00,-999,-999.00,-999.00,-999.00,-999.00,86182.73,44.24,41.71,42.98,84.10,76.28,80.19,6,31.20,7.00,0.04,28.10,-17.58,334.00,728.58
Rodentia,Sciuridae,Spermophilus,relictus,spermophilus relictus,-999.00,599.99,-999.00,-999.00,-999.00,-999.00,-999.00,-999.00,-999.00,-999.00,-999.00,-999.00,-999.00,-999.00,-999.00,4.89,-999.00,-999.00,-999.00,-999.00,244.94,-999.00,-999.00,-999.00,-999,-999.00,-999,-999.00,-999.00,-999.00,1849;2655,-999.00,-999.00,-999.00,-999.00,171697.01,44.21,39.57,41.89,84.20,70.41,77.30,6,49.74,6.00,0.04,26.21,-11.79,316.81,775.40
Rodentia,Sciuridae,Spermophilus,richardsonii,spermophilus richardsonii,3.00,325.10,-999.00,210.97,22.80,365.00,161.47,252.30,3.00,70.00,22.80,1.00,4.02332e-03,4.810859e-03,-999.00,7.59,1.00,-999.00,6.24,55.70,374.69,-999.00,340.29,-999.00,10,1.00,1,29.33,105.00,-999.00,32;637;638;730;753;780;1297;1594;1822;1849;1977;2010;2011;2012;2013;2014;2015;2082;2122;2249;2655;2974,-999.00,-999.00,-999.00,-999.00,899734.88,55.22,43.56,49.39,-94.87,-115.36,-105.11,0,6.06,0.00,-1.04468419331555e-03,34.09,34.22,438.30,546.48
Rodentia,Sciuridae,Spermophilus,saturatus,spermophilus saturatus,-999.00,-999.00,-999.00,-999.00,-999.00,-999.00,-999.00,-999.00,-999.00,-999.00,-999.00,-999.00,-999.00,-999.00,-999.00,-999.00,-999.00,-999.00,-999.00,-999.00,-999.00,-999.00,-999.00,-999.00,-999,-999.00,-999,-999.00,-999.00,-999.00,-999,-999.00,-999.00,-999.00,-999.00,74865.20,50.16,45.72,47.94,-119.89,-122.94,-121.41,0,58.78,0.00,0.07,82.05,47.08,418.63,646.14
Rodentia,Sciuridae,Spermophilus,spilosoma,spermophilus spilosoma,3.00,106.64,-999.00,145.50,27.00,-999.00,111.78,180.30,6.00,-999.00,-999.00,2.00,9.534137e-03,9.570426e-03,-999.00,6.94,2.00,-999.00,-999.00,-999.00,124.53,-999.00,371.23,-999.00,-999,1.00,2,47.64,45.00,-999.00,32;376;730;1297;1401;1573;1822;2473;2655;2746,-999.00,-999.00,-999.00,-999.00,1716956.00,43.69,21.16,32.42,-97.05,-113.76,-105.40,0,13.72,0.00,0.09,32.64,142.51,502.85,1081.93
Rodentia,Sciuridae,Spermophilus,suslicus,spermophilus suslicus,-999.00,252.00,-999.00,-999.00,-999.00,-999.00,-999.00,-999.00,-999.00,-999.00,22.44,-999.00,-999.00,-999.00,-999.00,5.49,1.00,-999.00,-999.00,-999.00,-999.00,-999.00,-999.00,-999.00,-999,-999.00,-999,31.50,-999.00,-999.00,1297;2655,-999.00,-999.00,-999.00,-999.00,873419.70,55.89,45.10,50.49,49.71,21.29,35.50,6,69.36,12.00,4.80638912425373e-03,41.15,54.89,423.54,516.50
Rodentia,Sciuridae,Spermophilus,tereticaudus,spermophilus tereticaudus,3.00,147.57,-999.00,154.53,28.00,-999.00,93.52,167.00,4.00,-999.00,27.57,2.00,0.01,0.01,-999.00,6.32,1.00,-999.00,3.84,-999.00,1456.02,-999.00,324.83,-999.00,10,1.00,2,34.80,-999.00,-999.00,808;831;911;1020;1297;1822;1849;1977;2111;2418;2655,-999.00,-999.00,-999.00,-999.00,315363.67,37.02,27.07,32.04,-109.56,-117.36,-113.46,0,24.88,0.00,0.16,17.01,180.35,289.46,1143.83
Rodentia,Sciuridae,Spermophilus,townsendii,spermophilus townsendii,3.00,207.29,-999.00,173.15,-999.00,-999.00,129.36,231.00,5.00,-999.00,22.05,2.00,-999.00,-999.00,-999.00,8.49,1.00,-999.00,3.70,46.30,759.22,-999.00,413.84,1.00,-999,1.00,2,32.55,42.15,-999.00,41;1215;1297;1496;1822;1977;2082;2445;2558;2655;2909,-999.00,-999.00,-999.00,-999.00,11270.71,46.91,45.73,46.32,-119.10,-120.81,-119.95,1,17.78,1.00,0.17,21.33,99.31,267.45,705.88
Rodentia,Sciuridae,Spermophilus,tridecemlineatus,spermophilus tridecemlineatus,3.00,174.91,-999.00,137.50,26.00,-999.00,103.74,182.00,5.00,-999.00,27.50,2.00,0.01,0.02,-999.00,8.08,1.00,-999.00,3.00,-999.00,386.61,-999.00,264.16,1.00,-999,1.00,2,27.81,-999.00,-999.00,32;701;730;919;1297;1573;1822;1849;1919;1977;2082;2476;2655;2746;2958;3132;3133,-999.00,-999.00,-999.00,-999.00,3681287.81,54.90,27.33,41.11,-81.75,-114.70,-98.22,0,23.28,0.00,0.03,46.70,80.37,569.55,768.96
Rodentia,Sciuridae,Spermophilus,undulatus,spermophilus undulatus,-999.00,742.91,-999.00,-999.00,20.00,-999.00,667.08,680.00,-999.00,-999.00,25.33,-999.00,0.02,0.02,-999.00,7.77,1.00,-999.00,10.80,-999.00,292.30,-999.00,-999.00,-999.00,-999,-999.00,-999,54.07,109.90,-999.00,730;1002;1297;1822;1849;1906;2039;2249;2655,-999.00,-999.00,-999.00,-999.00,2431243.43,64.77,42.22,53.49,132.20,77.45,104.83,0,6.13,0.00,0.02,24.18,-51.42,313.25,475.80
Rodentia,Sciuridae,Spermophilus,variegatus,spermophilus variegatus,3.00,714.58,-999.00,273.50,-999.00,-999.00,-999.00,-999.00,6.00,-999.00,30.00,2.00,0.03,0.03,-999.00,4.93,1.25,-999.00,7.80,-999.00,136.99,-999.00,420.91,-999.00,10,1.00,2,52.38,-999.00,-999.00,1297;1573;2156;2188;2189;2614;2655;2974,-999.00,-999.00,-999.00,-999.00,2421559.89,41.86,18.13,29.99,-97.06,-117.42,-107.24,0,31.12,0.00,0.11,34.28,148.87,509.99,1149.57
Rodentia,Sciuridae,Spermophilus,washingtoni,spermophilus washingtoni,3.00,215.09,-999.00,166.00,-999.00,-999.00,-999.00,-999.00,7.00,-999.00,-999.00,2.00,-999.00,-999.00,-999.00,7.88,1.00,-999.00,-999.00,-999.00,18500.00,-999.00,-999.00,-999.00,10,1.00,2,-999.00,32.99,-999.00,1297;2447;2558;2655,-999.00,-999.00,-999.00,-999.00,17288.55,47.57,45.26,46.42,-118.02,-120.41,-119.22,1,10.28,1.00,0.12,24.37,100.46,266.10,727.52
Rodentia,Sciuridae,Spermophilus,xanthoprymnus,spermophilus xanthoprymnus,-999.00,-999.00,-999.00,-999.00,-999.00,-999.00,-999.00,-999.00,-999.00,-999.00,-999.00,-999.00,-999.00,-999.00,-999.00,4.99,-999.00,-999.00,-999.00,-999.00,-999.00,-999.00,-999.00,-999.00,-999,-999.00,-999,-999.00,-999.00,140.00,1297,-999.00,-999.00,-999.00,76.27,442235.84,41.10,36.42,38.76,45.80,29.48,37.64,19,62.48,26.00,0.07,42.85,90.96,426.83,961.10
Chiroptera,Pteropodidae,Sphaerias,blanfordi,sphaerias blanfordi,-999.00,28.88,53.76,-999.00,-999.00,-999.00,-999.00,-999.00,-999.00,-999.00,-999.00,1.00,-999.00,-999.00,-999.00,-999.00,-999.00,-999.00,-999.00,-999.00,-999.00,-999.00,-999.00,-999.00,-999,2.00,-999,-999.00,-999.00,-999.00,196;1658;1982;2151;2622;2655,-999.00,-999.00,-999.00,-999.00,444062.24,32.03,18.53,25.28,100.63,76.84,88.74,1,152.95,2.00,0.09,134.32,165.71,997.08,1303.43
Chiroptera,Phyllostomidae,Sphaeronycteris,toxophyllum,sphaeronycteris toxophyllum,-999.00,16.06,38.49,-999.00,-999.00,-999.00,-999.00,-999.00,1.00,-999.00,-999.00,1.00,-999.00,-999.00,-999.00,-999.00,-999.00,-999.00,-999.00,-999.00,-999.00,-999.00,-999.00,-999.00,-999,2.00,1,-999.00,-999.00,-999.00,196;1658;2151;2622;2655;2719,-999.00,-999.00,-999.00,-999.00,4763066.63,12.19,-16.78,-2.29,-58.55,-75.36,-66.96,0,11.71,0.00,0.14,173.21,245.88,1440.01,1593.99
Rodentia,Erethizontidae,Sphiggurus,ichillus,sphiggurus ichillus,-999.00,-999.00,-999.00,-999.00,-999.00,-999.00,-999.00,-999.00,-999.00,-999.00,-999.00,-999.00,-999.00,-999.00,-999.00,-999.00,-999.00,-999.00,-999.00,-999.00,-999.00,-999.00,-999.00,-999.00,-999,-999.00,-999,-999.00,-999.00,-999.00,-999,-999.00,-999.00,-999.00,-999.00,-999.00,-999.00,-999.00,-999.00,-999.00,-999.00,-999.00,-999,-999.00,-999.00,-999.00,-999.00,-999.00,-999.00,-999.00
Rodentia,Erethizontidae,Sphiggurus,insidiosus,sphiggurus insidiosus,1.00,998.32,-999.00,-999.00,-999.00,-999.00,-999.00,-999.00,3.00,-999.00,-999.00,1.00,-999.00,-999.00,-999.00,0.97,-999.00,-999.00,-999.00,-999.00,26.30,-999.00,-999.00,-999.00,5,2.00,2,-999.00,-999.00,-999.00,730;2151;2655,-999.00,-999.00,-999.00,-999.00,1080607.65,-7.08,-23.55,-15.31,-36.61,-46.85,-41.73,3,71.21,4.00,0.06,100.43,221.70,1071.72,1403.78
Rodentia,Erethizontidae,Sphiggurus,melanurus,sphiggurus melanurus,-999.00,1900.00,-999.00,398.80,-999.00,-999.00,-999.00,-999.00,-999.00,-999.00,-999.00,-999.00,-999.00,-999.00,-999.00,-999.00,-999.00,-999.00,-999.00,-999.00,-999.00,-999.00,-999.00,-999.00,-999,-999.00,-999,-999.00,-999.00,-999.00,2431,-999.00,-999.00,-999.00,-999.00,287506.93,6.66,1.28,3.97,-51.68,-59.68,-55.68,0,3.22,0.00,0.07,167.14,254.83,1504.81,1718.72
Artiodactyla,Bovidae,Addax,nasomaculatus,addax nasomaculatus,1.00,96077.36,-999.00,-999.00,-999.00,1066.86,-999.00,-999.00,5.00,-999.00,262.74,1.00,-999.00,-999.00,360.00,1.00,-999.00,308.04,5633.76,-999.00,-999.00,61.25,-999.00,12.62,4,1.00,1,-999.00,-999.00,-999.00,511;543;899;1297;1525;1848;2655;2693,-999.00,1.10,-999.00,-999.00,1168708.88,26.45,14.60,20.52,32.63,-16.77,7.93,0,1.49,0.00,0.08,5.51,264.48,130.78,1382.39
Rodentia,Cricetidae,Aepeomys,lugens,aepeomys lugens,-999.00,37.00,-999.00,-999.00,-999.00,-999.00,-999.00,-999.00,-999.00,-999.00,-999.00,1.00,-999.00,-999.00,-999.00,-999.00,-999.00,-999.00,-999.00,-999.00,-999.00,-999.00,-999.00,-999.00,-999,1.00,-999,-999.00,-999.00,-999.00,2151;2655,-999.00,-999.00,-999.00,-999.00,83652.35,9.49,1.39,5.44,-69.76,-76.35,-73.05,2,76.30,5.00,0.09,104.03,191.50,1406.36,1535.31
Rodentia,Cricetidae,Aepeomys,reigi,aepeomys reigi,-999.00,-999.00,-999.00,-999.00,-999.00,-999.00,-999.00,-999.00,-999.00,-999.00,-999.00,-999.00,-999.00,-999.00,-999.00,-999.00,-999.00,-999.00,-999.00,-999.00,-999.00,-999.00,-999.00,-999.00,-999,-999.00,-999,-999.00,-999.00,-999.00,-999,-999.00,-999.00,-999.00,-999.00,-999.00,-999.00,-999.00,-999.00,-999.00,-999.00,-999.00,-999,-999.00,-999.00,-999.00,-999.00,-999.00,-999.00,-999.00
Rodentia,Muridae,Aethomys,chrysophilus,aethomys chrysophilus,-999.00,80.85,-999.00,141.52,11.25,138.00,-999.00,-999.00,-999.00,-999.00,26.17,-999.00,-999.00,-999.00,-999.00,3.09,-999.00,-999.00,4.43,-999.00,66.18,-999.00,96.05,-999.00,-999,-999.00,-999,24.88,30.99,-999.00,456;475;730;1244;1297;1798;2655;3054,-999.00,-999.00,-999.00,-999.00,5508479.37,-0.06,-33.43,-16.74,40.84,11.71,26.27,0,27.39,1.00,0.14,66.56,210.53,756.84,1442.80
Rodentia,Muridae,Aethomys,hindei,aethomys hindei,-999.00,140.65,-999.00,-999.00,-999.00,-999.00,-999.00,-999.00,-999.00,-999.00,24.66,-999.00,6.09998e-04,7.77976e-04,-999.00,2.05,-999.00,-999.00,-999.00,-999.00,2191.47,-999.00,59.11,-999.00,-999,-999.00,-999,-999.00,-999.00,-999.00,456;730;1297;2175;2655,-999.00,-999.00,-999.00,-999.00,2209180.32,10.07,-4.58,2.74,40.54,11.65,26.09,0,29.39,1.00,0.09,101.33,242.37,1118.11,1603.00
Rodentia,Muridae,Aethomys,ineptus,aethomys ineptus,-999.00,133.16,-999.00,142.00,-999.00,-999.00,-999.00,-999.00,-999.00,-999.00,-999.00,-999.00,-999.00,-999.00,-999.00,-999.00,-999.00,-999.00,-999.00,-999.00,-999.00,-999.00,-999.00,-999.00,-999,-999.00,-999,-999.00,-999.00,-999.00,456;608,-999.00,-999.00,-999.00,-999.00,-999.00,-999.00,-999.00,-999.00,-999.00,-999.00,-999.00,-999,-999.00,-999.00,-999.00,-999.00,-999.00,-999.00,-999.00
Rodentia,Muridae,Aethomys,kaiseri,aethomys kaiseri,-999.00,89.99,-999.00,-999.00,-999.00,-999.00,-999.00,-999.00,-999.00,-999.00,27.00,-999.00,-999.00,-999.00,-999.00,3.00,-999.00,-999.00,6.09,-999.00,-999.00,-999.00,-999.00,-999.00,-999,-999.00,-999,26.00,39.52,-999.00,1297;2655,-999.00,-999.00,-999.00,-999.00,2751633.59,-0.54,-17.04,-8.79,36.88,16.11,26.49,1,26.34,2.00,0.20,97.00,218.70,948.67,1485.93
Rodentia,Muridae,Aethomys,nyikae,aethomys nyikae,-999.00,-999.00,-999.00,-999.00,-999.00,-999.00,-999.00,-999.00,-999.00,-999.00,-999.00,-999.00,-999.00,-999.00,-999.00,3.56,-999.00,-999.00,-999.00,-999.00,-999.00,-999.00,-999.00,-999.00,-999,-999.00,-999,-999.00,-999.00,-999.00,1297,-999.00,-999.00,-999.00,-999.00,1442818.13,-6.90,-19.85,-13.37,35.41,16.48,25.94,1,16.83,2.00,0.18,100.31,221.21,910.84,1451.97
Rodentia,Muridae,Aethomys,silindensis,aethomys silindensis,-999.00,-999.00,-999.00,-999.00,-999.00,-999.00,-999.00,-999.00,-999.00,-999.00,-999.00,-999.00,-999.00,-999.00,-999.00,-999.00,-999.00,-999.00,-999.00,-999.00,-999.00,-999.00,-999.00,-999.00,-999,-999.00,-999,-999.00,-999.00,-999.00,-999,-999.00,-999.00,-999.00,-999.00,77194.26,-17.40,-21.31,-19.36,34.43,31.74,33.09,5,28.27,5.00,0.20,89.00,220.69,932.92,1411.12
Rodentia,Muridae,Aethomys,stannarius,aethomys stannarius,-999.00,-999.00,-999.00,-999.00,-999.00,-999.00,-999.00,-999.00,-999.00,-999.00,-999.00,-999.00,-999.00,-999.00,-999.00,-999.00,-999.00,-999.00,-999.00,-999.00,-999.00,-999.00,-999.00,-999.00,-999,-999.00,-999,-999.00,-999.00,-999.00,-999,-999.00,-999.00,-999.00,-999.00,285522.83,12.57,7.47,10.02,13.87,7.55,10.71,5,79.16,8.00,0.12,88.53,258.70,842.93,1658.52
Rodentia,Muridae,Aethomys,thomasi,aethomys thomasi,-999.00,-999.00,-999.00,-999.00,-999.00,-999.00,-999.00,-999.00,-999.00,-999.00,-999.00,-999.00,-999.00,-999.00,-999.00,-999.00,-999.00,-999.00,-999.00,-999.00,-999.00,-999.00,-999.00,-999.00,-999,-999.00,-999,-999.00,-999.00,-999.00,-999,-999.00,-999.00,-999.00,-999.00,189059.96,-9.48,-15.65,-12.57,18.00,13.42,15.71,1,16.37,1.00,0.13,98.49,201.86,923.19,1345.29
Carnivora,Ursidae,Ailuropoda,melanoleuca,ailuropoda melanoleuca,2.00,117999.99,-999.00,1345.98,-999.00,-999.00,-999.00,-999.00,3.00,540.00,134.99,1.00,3.55,3.76,638.75,1.62,-999.00,360.00,104.39,-999.00,0.18,-999.00,2413.02,-999.00,-999,1.00,1,178.98,21999.99,-999.00,543;679;730;1113;1297;1573;2655,-999.00,0.82,-999.00,-999.00,36206.89,34.01,27.51,30.76,108.79,100.77,104.78,7,103.55,8.00,0.05,101.81,65.51,757.25,907.75
Diprotodontia,Phalangeridae,Ailurops,melanotis,ailurops melanotis,-999.00,-999.00,-999.00,-999.00,-999.00,-999.00,-999.00,-999.00,-999.00,-999.00,-999.00,-999.00,-999.00,-999.00,-999.00,-999.00,-999.00,-999.00,-999.00,-999.00,-999.00,-999.00,-999.00,-999.00,-999,-999.00,-999,-999.00,-999.00,-999.00,-999,-999.00,-999.00,-999.00,-999.00,-999.00,-999.00,-999.00,-999.00,-999.00,-999.00,-999.00,-999,-999.00,-999.00,-999.00,-999.00,-999.00,-999.00,-999.00
Diprotodontia,Phalangeridae,Ailurops,ursinus,ailurops ursinus,1.00,10000.00,-999.00,-999.00,-999.00,-999.00,-999.00,-999.00,1.00,-999.00,-999.00,1.00,-999.00,-999.00,-999.00,-999.00,-999.00,-999.00,-999.00,-999.00,-999.00,-999.00,-999.00,-999.00,-999,2.00,1,-999.00,-999.00,-999.00,1760;2655,-999.00,-999.00,-999.00,-999.00,175900.06,1.75,-5.70,-1.97,125.29,118.75,122.02,17,93.46,17.00,0.08,229.47,215.95,1812.60,1909.15
Carnivora,Ailuridae,Ailurus,fulgens,ailurus fulgens,2.00,5170.08,-999.00,582.32,18.00,760.41,838.36,5345.00,3.00,270.00,131.50,1.00,1.43,1.52,365.00,1.70,1.00,168.00,104.04,-999.00,-999.00,-999.00,604.05,-999.00,4,1.00,1,136.87,-999.00,-999.00,367;543;1113;1297;1573;1822;2655,-999.00,-999.00,-999.00,-999.00,1075406.59,35.36,21.41,28.38,106.15,82.62,94.38,1,51.80,2.00,0.07,131.93,44.73,828.72,1043.82
Rodentia,Cricetidae,Akodon,aerosus,akodon aerosus,-999.00,59.99,-999.00,-999.00,-999.00,-999.00,-999.00,-999.00,-999.00,-999.00,-999.00,-999.00,-999.00,-999.00,-999.00,-999.00,-999.00,-999.00,-999.00,-999.00,-999.00,-999.00,-999.00,-999.00,-999,-999.00,-999,-999.00,-999.00,-999.00,2655,-999.00,-999.00,-999.00,-999.00,160799.50,-1.49,-16.20,-8.85,-67.65,-78.17,-72.91,1,10.09,1.00,0.11,200.29,194.43,1341.01,1442.62
Diprotodontia,Phalangeridae,Spilocuscus,maculatus,spilocuscus maculatus,1.00,4060.46,-999.00,457.96,-999.00,-999.00,1062.50,4250.00,3.00,-999.00,12.99,1.00,-999.00,-999.00,365.00,1.26,-999.00,132.00,-999.00,-999.00,-999.00,-999.00,221.76,-999.00,4,2.00,1,240.75,1700.00,-999.00,543;955;975;977;1297;1412;1822;1848;1991;2152;2655,-999.00,1.10,-999.00,-999.00,782259.13,-0.34,-10.70,-5.52,150.87,130.93,140.90,1,6.57,1.00,0.15,241.75,240.11,1664.73,1715.26
Diprotodontia,Phalangeridae,Spilocuscus,papuensis,spilocuscus papuensis,-999.00,-999.00,-999.00,-999.00,-999.00,-999.00,-999.00,-999.00,-999.00,-999.00,-999.00,-999.00,-999.00,-999.00,-999.00,-999.00,-999.00,-999.00,-999.00,-999.00,-999.00,-999.00,-999.00,-999.00,-999,-999.00,-999,-999.00,-999.00,-999.00,-999,-999.00,-999.00,-999.00,-999.00,3163.91,-7.690123e-03,-0.45,-0.23,131.33,130.20,130.77,5,5.00,5.00,0.00,219.00,251.00,-999.00,-999.00
Diprotodontia,Phalangeridae,Spilocuscus,rufoniger,spilocuscus rufoniger,2.00,5999.99,-999.00,-999.00,-999.00,-999.00,-999.00,-999.00,-999.00,-999.00,-999.00,-999.00,-999.00,-999.00,-999.00,1.02,-999.00,-999.00,-999.00,-999.00,-999.00,-999.00,-999.00,-999.00,-999,-999.00,-999,-999.00,-999.00,-999.00,975;1848;2655,-999.00,-999.00,-999.00,-999.00,113157.49,-2.27,-6.66,-4.47,147.76,137.88,142.82,2,8.25,5.00,0.12,252.11,260.15,1688.05,1718.09
Carnivora,Mephitidae,Spilogale,angustifrons,spilogale angustifrons,-999.00,-999.00,-999.00,-999.00,-999.00,-999.00,-999.00,-999.00,-999.00,-999.00,-999.00,-999.00,-999.00,-999.00,-999.00,-999.00,-999.00,-999.00,-999.00,-999.00,-999.00,-999.00,-999.00,-999.00,-999,-999.00,-999,-999.00,-999.00,-999.00,-999,-999.00,-999.00,-999.00,-999.00,-999.00,-999.00,-999.00,-999.00,-999.00,-999.00,-999.00,-999,-999.00,-999.00,-999.00,-999.00,-999.00,-999.00,-999.00
Carnivora,Mephitidae,Spilogale,gracilis,spilogale gracilis,-999.00,-999.00,-999.00,-999.00,-999.00,-999.00,-999.00,-999.00,-999.00,-999.00,-999.00,-999.00,-999.00,-999.00,-999.00,-999.00,-999.00,-999.00,-999.00,-999.00,-999.00,-999.00,-999.00,-999.00,-999,-999.00,-999,-999.00,-999.00,-999.00,-999,-999.00,-999.00,-999.00,-999.00,3831634.70,51.59,21.59,36.59,-97.73,-126.30,-112.01,0,22.96,0.00,0.10,34.13,117.65,418.03,1007.45
Carnivora,Mephitidae,Spilogale,putorius,spilogale putorius,1.00,566.49,-999.00,299.49,30.07,-999.00,261.00,550.00,6.00,-999.00,32.99,1.00,0.29,0.31,243.33,5.07,-999.00,120.00,12.29,-999.00,4.70,-999.00,196.96,-999.00,8,1.00,2,55.68,-999.00,-999.00,367;543;730;1113;1297;1573;2655,-999.00,1.35,-999.00,-999.00,2957350.08,49.34,24.94,37.14,-77.41,-106.85,-92.13,0,32.08,1.00,0.04,72.47,134.16,795.02,944.25
Carnivora,Mephitidae,Spilogale,pygmaea,spilogale pygmaea,2.00,365.00,-999.00,-999.00,28.00,-999.00,-999.00,-999.00,6.00,-999.00,47.22,1.00,-999.00,-999.00,-999.00,4.00,-999.00,-999.00,6.90,62.99,-999.00,-999.00,-999.00,-999.00,8,1.00,2,-999.00,-999.00,-999.00,1113;1297;2655,-999.00,-999.00,-999.00,-999.00,95598.41,23.33,15.64,19.49,-94.40,-106.45,-100.42,6,36.44,8.00,0.06,97.20,217.13,888.37,1676.63
Rodentia,Muridae,Srilankamys,ohiensis,srilankamys ohiensis,-999.00,-999.00,-999.00,-999.00,-999.00,-999.00,-999.00,-999.00,-999.00,-999.00,-999.00,-999.00,-999.00,-999.00,-999.00,-999.00,-999.00,-999.00,-999.00,-999.00,-999.00,-999.00,-999.00,-999.00,-999,-999.00,-999,-999.00,-999.00,-999.00,-999,-999.00,-999.00,-999.00,-999.00,8580.23,7.60,6.29,6.95,81.62,80.80,81.21,100,200.51,100.00,0.04,148.28,252.29,1516.81,1540.30
Rodentia,Nesomyidae,Steatomys,bocagei,steatomys bocagei,-999.00,-999.00,-999.00,-999.00,-999.00,-999.00,-999.00,-999.00,-999.00,-999.00,-999.00,-999.00,-999.00,-999.00,-999.00,-999.00,-999.00,-999.00,-999.00,-999.00,-999.00,-999.00,-999.00,-999.00,-999,-999.00,-999,-999.00,-999.00,-999.00,-999,-999.00,-999.00,-999.00,-999.00,-999.00,-999.00,-999.00,-999.00,-999.00,-999.00,-999.00,-999,-999.00,-999.00,-999.00,-999.00,-999.00,-999.00,-999.00
Rodentia,Nesomyidae,Steatomys,caurinus,steatomys caurinus,-999.00,-999.00,-999.00,-999.00,-999.00,-999.00,-999.00,-999.00,-999.00,-999.00,-999.00,-999.00,-999.00,-999.00,-999.00,-999.00,-999.00,-999.00,-999.00,-999.00,-999.00,-999.00,-999.00,-999.00,-999,-999.00,-999,-999.00,-999.00,-999.00,-999,-999.00,-999.00,-999.00,-999.00,1223000.70,15.20,5.80,10.50,9.51,-17.11,-3.79,3,46.76,7.00,0.13,105.79,268.27,968.31,1585.17
Rodentia,Nesomyidae,Steatomys,cuppedius,steatomys cuppedius,-999.00,-999.00,-999.00,-999.00,-999.00,-999.00,-999.00,-999.00,-999.00,-999.00,-999.00,-999.00,-999.00,-999.00,-999.00,-999.00,-999.00,-999.00,-999.00,-999.00,-999.00,-999.00,-999.00,-999.00,-999,-999.00,-999,-999.00,-999.00,-999.00,-999,-999.00,-999.00,-999.00,-999.00,490786.66,16.32,5.37,10.85,9.08,-16.66,-3.79,3,100.72,10.00,0.10,139.33,262.06,1096.60,1571.68
Rodentia,Nesomyidae,Steatomys,jacksoni,steatomys jacksoni,-999.00,-999.00,-999.00,-999.00,-999.00,-999.00,-999.00,-999.00,-999.00,-999.00,-999.00,-999.00,-999.00,-999.00,-999.00,-999.00,-999.00,-999.00,-999.00,-999.00,-999.00,-999.00,-999.00,-999.00,-999,-999.00,-999,-999.00,-999.00,-999.00,-999,-999.00,-999.00,-999.00,-999.00,5980.85,7.90,7.08,7.49,-1.08,-1.93,-1.50,38,68.51,38.00,0.21,113.75,264.99,1276.26,1663.74
Rodentia,Nesomyidae,Steatomys,krebsii,steatomys krebsii,-999.00,20.67,-999.00,-999.00,-999.00,-999.00,-999.00,-999.00,-999.00,-999.00,-999.00,-999.00,-999.00,-999.00,-999.00,4.62,-999.00,-999.00,-999.00,-999.00,-999.00,-999.00,-999.00,-999.00,-999,-999.00,-999,-999.00,-999.00,-999.00,1297;2655,-999.00,-999.00,-999.00,-999.00,1170401.63,-11.41,-34.83,-23.12,31.01,13.43,22.22,1,20.92,1.00,0.17,63.88,196.03,714.70,1352.51
Rodentia,Nesomyidae,Steatomys,opimus,steatomys opimus,1.00,40.00,-999.00,116.15,-999.00,-999.00,-999.00,-999.00,1.00,-999.00,-999.00,2.00,-999.00,-999.00,-999.00,-999.00,-999.00,-999.00,1.55,-999.00,-999.00,-999.00,-999.00,-999.00,-999,1.00,3,-999.00,-999.00,-999.00,1078,-999.00,-999.00,-999.00,-999.00,-999.00,-999.00,-999.00,-999.00,-999.00,-999.00,-999.00,-999,-999.00,-999.00,-999.00,-999.00,-999.00,-999.00,-999.00
Rodentia,Nesomyidae,Steatomys,parvus,steatomys parvus,-999.00,4.99,-999.00,-999.00,-999.00,-999.00,-999.00,-999.00,-999.00,-999.00,-999.00,-999.00,-999.00,-999.00,-999.00,-999.00,-999.00,-999.00,-999.00,-999.00,-999.00,-999.00,-999.00,-999.00,-999,-999.00,-999,-999.00,-999.00,-999.00,2655,-999.00,-999.00,-999.00,-999.00,1086781.25,5.55,-28.27,-11.36,37.24,13.30,25.27,0,15.94,0.00,0.12,64.02,217.92,784.25,1489.22
Rodentia,Nesomyidae,Steatomys,pratensis,steatomys pratensis,-999.00,30.58,-999.00,-999.00,-999.00,-999.00,18.77,37.54,-999.00,-999.00,-999.00,-999.00,-999.00,-999.00,-999.00,3.96,-999.00,-999.00,1.55,-999.00,27.57,-999.00,-999.00,-999.00,-999,-999.00,-999,-999.00,-999.00,-999.00,1297;1798;1822;2655,-999.00,-999.00,-999.00,-999.00,-999.00,-999.00,-999.00,-999.00,-999.00,-999.00,-999.00,-999,-999.00,-999.00,-999.00,-999.00,-999.00,-999.00,-999.00
Cetacea,Delphinidae,Stenella,attenuata,stenella attenuata,-999.00,65733.59,-999.00,2135.00,-999.00,-999.00,-999.00,-999.00,2.00,-999.00,345.19,1.00,-999.00,-999.00,1883.55,0.99,-999.00,552.00,10000.00,-999.00,-999.00,509.00,2773.10,-999.00,-999,-999.00,3,340.66,-999.00,-999.00,5;29;56;93;172;218;543;890;1217;1297;1577;2151;2655,-999.00,0.48,-999.00,-999.00,-999.00,-999.00,-999.00,-999.00,-999.00,-999.00,-999.00,-999,-999.00,-999.00,-999.00,-999.00,-999.00,-999.00,-999.00
Cetacea,Delphinidae,Stenella,clymene,stenella clymene,-999.00,-999.00,-999.00,-999.00,-999.00,-999.00,-999.00,-999.00,1.00,-999.00,-999.00,1.00,-999.00,-999.00,-999.00,-999.00,-999.00,-999.00,-999.00,-999.00,-999.00,-999.00,-999.00,-999.00,-999,-999.00,3,-999.00,-999.00,-999.00,511;2151,-999.00,-999.00,-999.00,-999.00,-999.00,-999.00,-999.00,-999.00,-999.00,-999.00,-999.00,-999,-999.00,-999.00,-999.00,-999.00,-999.00,-999.00,-999.00
Cetacea,Delphinidae,Stenella,coeruleoalba,stenella coeruleoalba,2.00,142102.96,-999.00,2300.84,-999.00,-999.00,-999.00,-999.00,2.00,-999.00,386.05,1.00,-999.00,-999.00,1277.50,1.75,-999.00,600.00,11300.00,993.27,0.21,47.50,3724.60,-999.00,-999,-999.00,3,456.25,10369.94,1650.00,5;28;30;56;104;145;172;528;529;543;890;1217;1297;2151;2655,-999.00,0.58,-999.00,-999.00,-999.00,-999.00,-999.00,-999.00,-999.00,-999.00,-999.00,-999,-999.00,-999.00,-999.00,-999.00,-999.00,-999.00,-999.00
Cetacea,Delphinidae,Stenella,frontalis,stenella frontalis,-999.00,109999.99,-999.00,2130.00,-999.00,-999.00,-999.00,-999.00,-999.00,-999.00,-999.00,1.00,-999.00,-999.00,-999.00,-999.00,-999.00,-999.00,-999.00,-999.00,-999.00,-999.00,-999.00,-999.00,-999,-999.00,-999,-999.00,-999.00,-999.00,1217;2151;2655,-999.00,-999.00,-999.00,-999.00,-999.00,-999.00,-999.00,-999.00,-999.00,-999.00,-999.00,-999,-999.00,-999.00,-999.00,-999.00,-999.00,-999.00,-999.00
Cetacea,Delphinidae,Stenella,longirostris,stenella longirostris,2.00,50500.00,-999.00,2130.00,-999.00,-999.00,-999.00,-999.00,2.00,-999.00,322.41,1.00,-999.00,-999.00,790.22,0.97,-999.00,-999.00,-999.00,-999.00,-999.00,190.50,2458.56,-999.00,-999,-999.00,3,465.88,-999.00,-999.00,56;93;171;172;890;1217;1297;2151;2655,-999.00,0.74,-999.00,-999.00,-999.00,-999.00,-999.00,-999.00,-999.00,-999.00,-999.00,-999,-999.00,-999.00,-999.00,-999.00,-999.00,-999.00,-999.00
Cetacea,Delphinidae,Steno,bredanensis,steno bredanensis,-999.00,130000.00,-999.00,2439.99,-999.00,-999.00,-999.00,-999.00,-999.00,-999.00,-999.00,1.00,-999.00,-999.00,-999.00,-999.00,-999.00,384.00,-999.00,-999.00,-999.00,30.00,-999.00,-999.00,-999,-999.00,-999,-999.00,-999.00,-999.00,172;543;1217;2151;2655,-999.00,-999.00,-999.00,-999.00,-999.00,-999.00,-999.00,-999.00,-999.00,-999.00,-999.00,-999,-999.00,-999.00,-999.00,-999.00,-999.00,-999.00,-999.00
Rodentia,Muridae,Stenocephalemys,albipes,stenocephalemys albipes,-999.00,-999.00,-999.00,-999.00,-999.00,-999.00,-999.00,-999.00,-999.00,-999.00,-999.00,-999.00,-999.00,-999.00,-999.00,4.41,-999.00,-999.00,-999.00,-999.00,-999.00,-999.00,-999.00,-999.00,10,-999.00,-999,-999.00,-999.00,-999.00,233,-999.00,-999.00,-999.00,-999.00,393242.25,15.43,3.54,9.49,42.25,34.20,38.22,2,87.57,4.00,0.15,88.33,180.63,986.57,1433.86
Rodentia,Muridae,Stenocephalemys,albocaudata,stenocephalemys albocaudata,-999.00,144.00,-999.00,-999.00,-999.00,-999.00,-999.00,-999.00,-999.00,-999.00,-999.00,-999.00,-999.00,-999.00,-999.00,-999.00,-999.00,-999.00,-999.00,-999.00,-999.00,-999.00,-999.00,-999.00,-999,-999.00,-999,-999.00,-999.00,-999.00,2655,-999.00,-999.00,-999.00,-999.00,64708.89,10.00,6.19,8.09,40.26,38.13,39.19,8,110.27,13.00,0.15,77.76,115.19,936.98,1424.93
Rodentia,Muridae,Stenocephalemys,griseicauda,stenocephalemys griseicauda,-999.00,85.75,-999.00,-999.00,-999.00,-999.00,-999.00,-999.00,-999.00,-999.00,-999.00,-999.00,-999.00,-999.00,-999.00,-999.00,-999.00,-999.00,-999.00,-999.00,-999.00,-999.00,-999.00,-999.00,-999,-999.00,-999,-999.00,-999.00,-999.00,2655,-999.00,-999.00,-999.00,-999.00,117886.45,13.78,5.92,9.85,40.59,37.32,38.95,4,105.58,13.00,0.15,88.04,133.05,933.83,1440.99
Rodentia,Muridae,Stenocephalemys,ruppi,stenocephalemys ruppi,-999.00,48.99,-999.00,-999.00,-999.00,-999.00,-999.00,-999.00,-999.00,-999.00,-999.00,-999.00,-999.00,-999.00,-999.00,-999.00,-999.00,-999.00,-999.00,-999.00,-999.00,-999.00,-999.00,-999.00,-999,-999.00,-999,-999.00,-999.00,-999.00,2655,-999.00,-999.00,-999.00,-999.00,10289.98,6.72,5.37,6.05,37.85,36.90,37.37,38,102.66,38.00,0.14,68.48,199.90,1152.73,1267.26
Chiroptera,Phyllostomidae,Stenoderma,rufum,stenoderma rufum,-999.00,21.10,49.37,61.87,0.00,-999.00,-999.00,-999.00,1.00,-999.00,-999.00,1.00,-999.00,-999.00,-999.00,0.99,-999.00,-999.00,7.00,45.00,-999.00,-999.00,-999.00,-999.00,-999,2.00,1,-999.00,-999.00,-999.00,890;1297;1658;2143;2151;2655;2796,-999.00,-999.00,-999.00,-999.00,8961.11,18.52,17.92,18.22,-64.66,-67.26,-65.96,92,306.66,92.00,0.05,104.75,240.00,-999.00,-999.00
Rodentia,Muridae,Stochomys,longicaudatus,stochomys longicaudatus,1.00,70.95,-999.00,-999.00,-999.00,-999.00,97.50,84.20,-999.00,-999.00,-999.00,2.00,-999.00,-999.00,-999.00,2.38,-999.00,-999.00,-999.00,-999.00,83.26,-999.00,-999.00,-999.00,-999,2.00,-999,-999.00,-999.00,-999.00,730;904;1297;1822;2399;2655,-999.00,-999.00,-999.00,-999.00,2229944.82,6.64,-5.93,0.35,30.26,8.15,19.21,0,18.52,1.00,0.12,151.47,242.84,1402.80,1561.43
Diprotodontia,Phalangeridae,Strigocuscus,celebensis,strigocuscus celebensis,1.00,-999.00,-999.00,-999.00,-999.00,-999.00,-999.00,-999.00,-999.00,-999.00,-999.00,-999.00,-999.00,-999.00,-999.00,-999.00,-999.00,-999.00,-999.00,-999.00,-999.00,-999.00,-999.00,-999.00,-999,-999.00,-999,-999.00,-999.00,-999.00,1848,-999.00,-999.00,-999.00,-999.00,179049.44,3.74,-5.70,-0.98,128.16,118.75,123.45,5,92.96,17.00,0.07,230.23,216.45,1812.60,1909.15
Diprotodontia,Phalangeridae,Strigocuscus,pelengensis,strigocuscus pelengensis,1.00,-999.00,-999.00,-999.00,-999.00,-999.00,-999.00,-999.00,1.00,-999.00,-999.00,1.00,-999.00,-999.00,-999.00,-999.00,-999.00,-999.00,-999.00,-999.00,-999.00,-999.00,-999.00,-999.00,-999,2.00,1,-999.00,-999.00,-999.00,1760,-999.00,-999.00,-999.00,-999.00,6454.39,-1.15,-2.02,-1.59,126.34,122.78,124.56,5,15.91,5.00,0.04,250.99,238.66,-999.00,-999.00
Chiroptera,Phyllostomidae,Sturnira,aratathomasi,sturnira aratathomasi,-999.00,49.67,58.59,89.27,-999.00,-999.00,-999.00,-999.00,1.00,-999.00,-999.00,1.00,-999.00,-999.00,-999.00,0.99,-999.00,-999.00,13.60,41.03,-999.00,-999.00,-999.00,-999.00,-999,2.00,1,-999.00,-999.00,-999.00,889;1297;1658;2151;2268;2655;2677;2835,-999.00,-999.00,-999.00,-999.00,450907.36,9.34,-3.03,3.15,-69.93,-77.71,-73.82,0,51.41,1.00,0.12,188.57,227.58,1456.30,1533.95
Chiroptera,Phyllostomidae,Sturnira,bidens,sturnira bidens,-999.00,18.05,41.49,-999.00,-999.00,-999.00,-999.00,-999.00,1.00,-999.00,-999.00,1.00,-999.00,-999.00,-999.00,0.99,2.00,-999.00,-999.00,25.02,-999.00,-999.00,-999.00,-999.00,-999,2.00,1,-999.00,-999.00,-999.00,889;1050;1297;1658;2046;2151;2655;3023,-999.00,-999.00,1.29,-999.00,381210.45,8.93,-12.83,-1.95,-69.71,-79.11,-74.41,1,47.83,2.00,0.10,145.74,191.00,1295.76,1481.68
Chiroptera,Phyllostomidae,Sturnira,bogotensis,sturnira bogotensis,-999.00,19.94,-999.00,-999.00,-999.00,-999.00,-999.00,-999.00,1.00,-999.00,-999.00,1.00,-999.00,-999.00,-999.00,0.98,-999.00,-999.00,-999.00,-999.00,-999.00,-999.00,-999.00,-999.00,-999,2.00,1,-999.00,-999.00,-999.00,889;1297;2151;2622;2655,-999.00,-999.00,-999.00,-999.00,707990.74,9.91,-11.82,-0.95,-69.95,-81.00,-75.48,1,48.76,2.00,0.12,143.22,207.19,1263.68,1473.80
Chiroptera,Phyllostomidae,Sturnira,erythromos,sturnira erythromos,-999.00,15.53,41.74,-999.00,-999.00,-999.00,-999.00,-999.00,1.00,-999.00,-999.00,1.00,-999.00,-999.00,-999.00,0.99,-999.00,-999.00,-999.00,22.52,-999.00,-999.00,-999.00,-999.00,-999,2.00,1,-999.00,-999.00,-999.00,889;1050;1297;1658;2151;2622;2655,-999.00,-999.00,0.99,-999.00,3121221.48,12.46,-28.19,-7.86,-60.78,-80.02,-70.40,0,37.36,1.00,0.11,126.41,197.44,1167.28,1496.62
Chiroptera,Phyllostomidae,Sturnira,lilium,sturnira lilium,1.00,20.19,40.50,65.96,-999.00,-999.00,39.20,21.90,3.00,-999.00,107.97,1.00,-999.00,-999.00,-999.00,0.99,2.00,-999.00,5.25,35.04,-999.00,-999.00,-999.00,-999.00,-999,2.00,2,-999.00,-999.00,-999.00,108;196;197;889;892;1041;1297;1325;1326;1334;1640;1658;1822;1948;2143;2151;2295;2383;2538;2622;2655;2719;3023;3037;3038,-999.00,-999.00,-999.00,-999.00,15518876.50,29.98,-34.94,-2.47,-34.79,-110.64,-72.71,0,28.95,0.00,0.11,142.56,232.46,1248.36,1501.14
Chiroptera,Phyllostomidae,Sturnira,ludovici,sturnira ludovici,-999.00,21.00,43.50,-999.00,-999.00,-999.00,-999.00,-999.00,1.00,-999.00,-999.00,1.00,-999.00,-999.00,-999.00,0.99,2.00,-999.00,-999.00,26.80,-999.00,-999.00,-999.00,-999.00,-999,2.00,1,-999.00,-999.00,-999.00,108;196;805;889;1297;1316;1635;1658;2143;2151;2655,-999.00,-999.00,1.54,-999.00,2756672.83,24.62,-4.34,10.13,-57.04,-106.62,-81.83,0,60.71,1.00,0.12,132.38,230.47,1271.50,1616.46
Chiroptera,Phyllostomidae,Sturnira,luisi,sturnira luisi,-999.00,-999.00,43.00,-999.00,-999.00,-999.00,-999.00,-999.00,1.00,-999.00,-999.00,1.00,-999.00,-999.00,-999.00,-999.00,-999.00,-999.00,-999.00,-999.00,-999.00,-999.00,-999.00,-999.00,-999,2.00,1,-999.00,-999.00,-999.00,889;1658;2151,11.99,-999.00,-999.00,-999.00,530510.11,10.50,-10.20,0.15,-76.30,-84.59,-80.44,0,47.30,2.00,0.10,174.37,210.48,1116.25,1473.71
Chiroptera,Phyllostomidae,Sturnira,magna,sturnira magna,-999.00,-999.00,57.50,-999.00,-999.00,-999.00,-999.00,-999.00,1.00,-999.00,-999.00,1.00,-999.00,-999.00,-999.00,0.98,-999.00,-999.00,-999.00,-999.00,-999.00,-999.00,-999.00,-999.00,-999,2.00,1,-999.00,-999.00,-999.00,889;1297;1658;2151,27.55,-999.00,-999.00,-999.00,1663098.75,1.82,-18.79,-8.48,-65.01,-79.74,-72.37,0,19.15,0.00,0.11,159.27,192.95,1176.97,1421.23
Chiroptera,Phyllostomidae,Sturnira,mistratensis,sturnira mistratensis,-999.00,-999.00,-999.00,-999.00,-999.00,-999.00,-999.00,-999.00,-999.00,-999.00,-999.00,-999.00,-999.00,-999.00,-999.00,-999.00,-999.00,-999.00,-999.00,-999.00,-999.00,-999.00,-999.00,-999.00,-999,-999.00,-999,-999.00,-999.00,-999.00,-999,-999.00,-999.00,-999.00,-999.00,318.63,5.46,5.28,5.37,-75.98,-76.16,-76.07,25,109.50,25.00,0.07,356.50,194.00,1549.00,1549.00
Chiroptera,Phyllostomidae,Sturnira,mordax,sturnira mordax,-999.00,11.79,46.50,-999.00,-999.00,-999.00,-999.00,-999.00,1.00,-999.00,-999.00,1.00,-999.00,-999.00,-999.00,0.98,-999.00,-999.00,-999.00,-999.00,-999.00,-999.00,-999.00,-999.00,-999,2.00,1,-999.00,-999.00,-999.00,889;1297;1658;2151;2622,-999.00,-999.00,-999.00,-999.00,36057.38,10.88,8.25,9.56,-81.23,-85.29,-83.26,9,53.04,9.00,0.10,248.50,247.78,1327.37,1785.64
Chiroptera,Phyllostomidae,Sturnira,nana,sturnira nana,-999.00,-999.00,34.99,-999.00,-999.00,-999.00,-999.00,-999.00,1.00,-999.00,-999.00,1.00,-999.00,-999.00,-999.00,0.98,-999.00,-999.00,-999.00,-999.00,-999.00,-999.00,-999.00,-999.00,-999,2.00,1,-999.00,-999.00,-999.00,889;1297;1658;2151,6.64,-999.00,-999.00,-999.00,134979.84,-10.62,-14.63,-12.62,-71.03,-74.58,-72.81,0,12.84,1.00,0.06,131.46,162.58,1028.30,1410.99
Chiroptera,Phyllostomidae,Sturnira,oporaphilum,sturnira oporaphilum,-999.00,21.99,45.99,-999.00,-999.00,-999.00,-999.00,-999.00,-999.00,-999.00,-999.00,-999.00,-999.00,-999.00,-999.00,-999.00,-999.00,-999.00,-999.00,-999.00,-999.00,-999.00,-999.00,-999.00,-999,-999.00,-999,-999.00,-999.00,-999.00,1658;2622,-999.00,-999.00,-999.00,-999.00,791859.53,-8.31,-25.12,-16.72,-63.00,-74.99,-68.99,0,8.03,0.00,0.12,137.90,196.40,1172.16,1483.77
Chiroptera,Phyllostomidae,Sturnira,thomasi,sturnira thomasi,-999.00,-999.00,47.00,-999.00,-999.00,-999.00,-999.00,-999.00,1.00,-999.00,-999.00,1.00,-999.00,-999.00,-999.00,-999.00,-999.00,-999.00,-999.00,-999.00,-999.00,-999.00,-999.00,-999.00,-999,2.00,1,-999.00,-999.00,-999.00,889;1658;2151,15.46,-999.00,-999.00,-999.00,1580.07,16.81,15.94,16.38,-61.16,-62.24,-61.70,104,221.77,104.00,0.06,-999.00,-999.00,-999.00,-999.00
Chiroptera,Phyllostomidae,Sturnira,tildae,sturnira tildae,-999.00,24.39,45.50,-999.00,-999.00,-999.00,39.97,20.50,1.00,-999.00,-999.00,1.00,-999.00,-999.00,-999.00,0.98,-999.00,-999.00,2.62,-999.00,-999.00,-999.00,-999.00,-999.00,-999,2.00,1,-999.00,-999.00,-999.00,196;706;889;1297;1658;2151;2622;2655;2719,-999.00,-999.00,-999.00,-999.00,11144679.00,10.74,-26.24,-7.74,-34.79,-78.82,-56.80,0,21.92,0.00,0.12,154.33,239.61,1303.06,1541.03
Chiroptera,Pteropodidae,Styloctenium,wallacei,styloctenium wallacei,-999.00,172.42,94.87,164.50,-999.00,-999.00,-999.00,-999.00,-999.00,-999.00,-999.00,1.00,-999.00,-999.00,-999.00,-999.00,-999.00,-999.00,-999.00,-999.00,-999.00,-999.00,-999.00,-999.00,-999,2.00,-999,-999.00,-999.00,-999.00,1658;2143;2149;2151;2655,-999.00,-999.00,-999.00,-999.00,113590.54,1.75,-4.17,-1.20,125.24,119.11,122.17,17,63.48,17.00,0.09,227.03,209.03,1812.60,1909.15
Rodentia,Dipodidae,Stylodipus,andrewsi,stylodipus andrewsi,1.00,-999.00,-999.00,-999.00,-999.00,-999.00,-999.00,-999.00,3.00,-999.00,-999.00,2.00,-999.00,-999.00,-999.00,-999.00,-999.00,-999.00,-999.00,-999.00,-999.00,-999.00,-999.00,-999.00,-999,1.00,1,-999.00,-999.00,-999.00,2151,-999.00,-999.00,-999.00,-999.00,597777.62,51.32,41.38,46.35,116.03,91.37,103.70,0,2.58,0.00,0.03,18.27,-8.86,241.06,543.53
Rodentia,Dipodidae,Stylodipus,sungorus,stylodipus sungorus,1.00,-999.00,-999.00,-999.00,-999.00,-999.00,-999.00,-999.00,3.00,-999.00,-999.00,2.00,-999.00,-999.00,-999.00,-999.00,-999.00,-999.00,-999.00,-999.00,-999.00,-999.00,-999.00,-999.00,-999,1.00,1,-999.00,-999.00,-999.00,2151,-999.00,-999.00,-999.00,-999.00,106238.21,47.26,44.09,45.68,96.19,86.80,91.49,1,2.09,1.00,0.08,12.05,12.77,161.93,588.33
Rodentia,Dipodidae,Stylodipus,telum,stylodipus telum,1.00,59.99,-999.00,-999.00,-999.00,-999.00,-999.00,-999.00,3.00,-999.00,-999.00,2.00,3.50188e-03,3.285385e-03,-999.00,3.49,1.00,-999.00,-999.00,-999.00,-999.00,-999.00,-999.00,-999.00,-999,1.00,1,-999.00,-999.00,-999.00,1297;1333;1573;2151,-999.00,-999.00,-999.00,-999.00,2127863.71,51.95,40.35,46.15,90.90,40.17,65.53,0,7.69,0.00,9.31541941186096e-03,18.83,64.73,261.33,595.40
Soricomorpha,Soricidae,Suncus,aequatorius,suncus aequatorius,-999.00,-999.00,-999.00,-999.00,-999.00,-999.00,-999.00,-999.00,-999.00,-999.00,-999.00,-999.00,-999.00,-999.00,-999.00,-999.00,-999.00,-999.00,-999.00,-999.00,-999.00,-999.00,-999.00,-999.00,-999,-999.00,-999,-999.00,-999.00,-999.00,-999,-999.00,-999.00,-999.00,-999.00,-999.00,-999.00,-999.00,-999.00,-999.00,-999.00,-999.00,-999,-999.00,-999.00,-999.00,-999.00,-999.00,-999.00,-999.00
Soricomorpha,Soricidae,Suncus,ater,suncus ater,-999.00,-999.00,-999.00,-999.00,-999.00,-999.00,-999.00,-999.00,-999.00,-999.00,-999.00,-999.00,-999.00,-999.00,-999.00,-999.00,-999.00,-999.00,-999.00,-999.00,-999.00,-999.00,-999.00,-999.00,-999,-999.00,-999,-999.00,-999.00,-999.00,-999,-999.00,-999.00,-999.00,-999.00,794.09,6.22,5.93,6.07,116.70,116.41,116.55,17,75.74,17.00,0.30,229.00,226.99,1840.00,1905.02
Soricomorpha,Soricidae,Suncus,dayi,suncus dayi,-999.00,-999.00,-999.00,-999.00,-999.00,-999.00,-999.00,-999.00,-999.00,-999.00,-999.00,-999.00,-999.00,-999.00,-999.00,-999.00,-999.00,-999.00,-999.00,-999.00,-999.00,-999.00,-999.00,-999.00,-999,-999.00,-999,-999.00,-999.00,-999.00,-999,-999.00,-999.00,-999.00,-999.00,9522.82,10.66,9.93,10.29,77.82,76.18,77.00,233,585.56,233.00,0.04,166.68,270.10,1148.11,1474.23
Soricomorpha,Soricidae,Suncus,etruscus,suncus etruscus,-999.00,2.26,-999.00,-999.00,14.50,-999.00,-999.00,-999.00,-999.00,-999.00,27.50,-999.00,-999.00,-999.00,-999.00,4.00,3.40,32.40,0.20,14.80,-999.00,-999.00,-999.00,-999.00,-999,-999.00,-999,20.00,2.06,-999.00,543;626;995;1297;2655,-999.00,-999.00,-999.00,-999.00,5424319.83,48.83,7.57,28.20,102.32,-9.49,46.41,0,145.68,2.00,0.08,69.01,163.90,588.44,1153.01
Soricomorpha,Soricidae,Suncus,fellowesgordoni,suncus fellowesgordoni,-999.00,-999.00,-999.00,-999.00,-999.00,-999.00,-999.00,-999.00,-999.00,-999.00,-999.00,-999.00,-999.00,-999.00,-999.00,-999.00,-999.00,-999.00,-999.00,-999.00,-999.00,-999.00,-999.00,-999.00,-999,-999.00,-999,-999.00,-999.00,-999.00,-999,-999.00,-999.00,-999.00,-999.00,6493.32,7.59,6.67,7.13,81.18,80.39,80.79,104,353.90,104.00,0.02,174.28,246.85,1571.40,1594.12
Soricomorpha,Soricidae,Suncus,hosei,suncus hosei,-999.00,-999.00,-999.00,-999.00,-999.00,-999.00,-999.00,-999.00,-999.00,-999.00,-999.00,-999.00,-999.00,-999.00,-999.00,-999.00,-999.00,-999.00,-999.00,-999.00,-999.00,-999.00,-999.00,-999.00,-999,-999.00,-999,-999.00,-999.00,-999.00,-999,-999.00,-999.00,-999.00,-999.00,737548.00,7.03,-4.18,1.42,119.26,108.83,114.05,1,26.95,3.00,0.18,260.63,244.88,1681.05,1712.73
Soricomorpha,Soricidae,Suncus,infinitesimus,suncus infinitesimus,2.00,4.40,-999.00,-999.00,-999.00,-999.00,-999.00,-999.00,1.00,-999.00,-999.00,1.00,-999.00,-999.00,-999.00,-999.00,-999.00,-999.00,-999.00,-999.00,-999.00,-999.00,-999.00,1.00,-999,1.00,3,-999.00,-999.00,-999.00,626;2629;2655,-999.00,-999.00,-999.00,-999.00,3258419.73,7.40,-32.70,-12.64,41.44,11.90,26.67,1,38.71,3.00,0.16,76.89,219.28,889.71,1465.46
Soricomorpha,Soricidae,Suncus,lixus,suncus lixus,-999.00,8.00,-999.00,-999.00,-999.00,-999.00,-999.00,-999.00,1.00,-999.00,-999.00,-999.00,-999.00,-999.00,-999.00,2.99,-999.00,-999.00,-999.00,-999.00,-999.00,-999.00,-999.00,-999.00,-999,-999.00,3,-999.00,-999.00,-999.00,1297;2629;2655,-999.00,-999.00,-999.00,-999.00,-999.00,-999.00,-999.00,-999.00,-999.00,-999.00,-999.00,-999,-999.00,-999.00,-999.00,-999.00,-999.00,-999.00,-999.00
Soricomorpha,Soricidae,Suncus,madagascariensis,suncus madagascariensis,-999.00,2.47,-999.00,-999.00,-999.00,-999.00,-999.00,-999.00,-999.00,-999.00,-999.00,-999.00,-999.00,-999.00,-999.00,-999.00,-999.00,-999.00,-999.00,-999.00,-999.00,-999.00,-999.00,-999.00,-999,-999.00,-999,-999.00,-999.00,-999.00,1045;2655,-999.00,-999.00,-999.00,-999.00,593924.91,-11.94,-25.60,-18.77,50.48,43.22,46.85,2,25.75,3.00,0.19,120.91,219.78,1075.65,1581.19
Soricomorpha,Soricidae,Suncus,malayanus,suncus malayanus,-999.00,4.99,-999.00,-999.00,-999.00,-999.00,-999.00,-999.00,-999.00,-999.00,-999.00,-999.00,-999.00,-999.00,-999.00,-999.00,-999.00,-999.00,-999.00,-999.00,-999.00,-999.00,-999.00,-999.00,-999,-999.00,-999,-999.00,-999.00,-999.00,2655,-999.00,-999.00,-999.00,-999.00,70847.37,6.45,2.17,4.31,103.09,100.83,101.96,3,104.35,3.00,0.09,201.25,250.79,1677.62,1802.15
Soricomorpha,Soricidae,Suncus,megalura,suncus megalura,-999.00,5.38,-999.00,-999.00,-999.00,-999.00,-999.00,-999.00,-999.00,-999.00,-999.00,2.00,-999.00,-999.00,-999.00,1.89,-999.00,-999.00,-999.00,-999.00,977.00,-999.00,-999.00,-999.00,-999,2.00,-999,-999.00,-999.00,-999.00,730;1297;2629;2655,-999.00,-999.00,-999.00,-999.00,9171688.85,13.70,-22.42,-4.36,41.02,-13.42,13.79,0,41.54,2.00,0.15,114.32,231.73,1109.56,1522.82
Soricomorpha,Soricidae,Suncus,mertensi,suncus mertensi,-999.00,-999.00,-999.00,-999.00,-999.00,-999.00,-999.00,-999.00,-999.00,-999.00,-999.00,-999.00,-999.00,-999.00,-999.00,-999.00,-999.00,-999.00,-999.00,-999.00,-999.00,-999.00,-999.00,-999.00,-999,-999.00,-999,-999.00,-999.00,-999.00,-999,-999.00,-999.00,-999.00,-999.00,518.99,-8.54,-8.77,-8.66,121.26,121.02,121.14,41,41.00,41.00,0.02,199.00,230.00,-999.00,-999.00
Soricomorpha,Soricidae,Suncus,montanus,suncus montanus,-999.00,-999.00,-999.00,-999.00,-999.00,-999.00,-999.00,-999.00,-999.00,-999.00,-999.00,-999.00,-999.00,-999.00,-999.00,-999.00,-999.00,-999.00,-999.00,-999.00,-999.00,-999.00,-999.00,-999.00,-999,-999.00,-999,-999.00,-999.00,-999.00,-999,-999.00,-999.00,-999.00,-999.00,40185.65,11.87,6.61,9.24,81.17,76.39,78.78,104,441.70,129.00,0.04,148.78,257.81,1267.01,1574.79
Soricomorpha,Soricidae,Suncus,murinus,suncus murinus,-999.00,43.76,-999.00,126.36,8.50,-999.00,-999.00,-999.00,-999.00,-999.00,30.19,-999.00,-999.00,-999.00,56.20,3.10,9.80,30.00,2.44,-999.00,-999.00,-999.00,32.44,-999.00,-999,-999.00,-999,19.16,25.87,-999.00,472;543;626;840;841;1283;1297;1306;1819;2655;2723;3097,-999.00,-999.00,-999.00,-999.00,6024903.61,34.57,1.26,17.92,132.09,68.93,100.51,1,271.61,11.00,0.09,124.42,230.76,942.92,1431.95
Soricomorpha,Soricidae,Suncus,remyi,suncus remyi,-999.00,4.03,-999.00,-999.00,-999.00,-999.00,-999.00,-999.00,-999.00,-999.00,-999.00,-999.00,-999.00,-999.00,-999.00,-999.00,-999.00,-999.00,-999.00,-999.00,-999.00,-999.00,-999.00,-999.00,-999,-999.00,-999,-999.00,-999.00,-999.00,2655,-999.00,-999.00,-999.00,-999.00,75819.40,3.08,0.39,1.74,16.85,12.72,14.79,0,1.78,1.00,0.01,139.24,241.46,1393.87,1497.26
Soricomorpha,Soricidae,Suncus,stoliczkanus,suncus stoliczkanus,-999.00,-999.00,-999.00,-999.00,-999.00,-999.00,-999.00,-999.00,-999.00,-999.00,-999.00,-999.00,-999.00,-999.00,-999.00,-999.00,-999.00,-999.00,-999.00,-999.00,-999.00,-999.00,-999.00,-999.00,-999,-999.00,-999,-999.00,-999.00,-999.00,-999,-999.00,-999.00,-999.00,-999.00,893458.22,30.14,15.90,23.02,78.89,68.93,73.91,7,238.56,47.00,0.10,62.37,256.42,546.60,1428.15
Soricomorpha,Soricidae,Suncus,varilla,suncus varilla,-999.00,4.99,-999.00,-999.00,-999.00,-999.00,-999.00,-999.00,1.00,-999.00,-999.00,2.00,-999.00,-999.00,-999.00,3.49,-999.00,-999.00,-999.00,-999.00,-999.00,-999.00,253.75,-999.00,-999,2.00,3,-999.00,-999.00,-999.00,626;1297;2629;2655,-999.00,-999.00,-999.00,-999.00,2735848.60,10.81,-33.77,-11.48,39.55,8.27,23.91,1,34.17,4.00,0.15,76.31,206.37,820.01,1432.43
Soricomorpha,Soricidae,Suncus,zeylanicus,suncus zeylanicus,-999.00,-999.00,-999.00,-999.00,-999.00,-999.00,-999.00,-999.00,-999.00,-999.00,-999.00,-999.00,-999.00,-999.00,-999.00,-999.00,-999.00,-999.00,-999.00,-999.00,-999.00,-999.00,-999.00,-999.00,-999,-999.00,-999,-999.00,-999.00,-999.00,-999,-999.00,-999.00,-999.00,-999.00,5784.30,7.61,6.72,7.16,81.22,80.41,80.82,104,353.90,104.00,0.02,174.28,246.85,1571.40,1594.12
Rodentia,Muridae,Sundamys,infraluteus,sundamys infraluteus,-999.00,418.50,-999.00,-999.00,-999.00,-999.00,-999.00,-999.00,-999.00,-999.00,-999.00,-999.00,-999.00,-999.00,-999.00,-999.00,-999.00,-999.00,-999.00,-999.00,-999.00,-999.00,-999.00,-999.00,-999,-999.00,-999,-999.00,-999.00,-999.00,2655,-999.00,-999.00,-999.00,-999.00,139160.38,6.49,-5.90,0.29,117.23,97.05,107.14,4,102.95,17.00,0.14,244.69,242.41,1744.69,1821.50
Rodentia,Muridae,Sundamys,maxi,sundamys maxi,-999.00,-999.00,-999.00,-999.00,-999.00,-999.00,-999.00,-999.00,-999.00,-999.00,-999.00,-999.00,-999.00,-999.00,-999.00,-999.00,-999.00,-999.00,-999.00,-999.00,-999.00,-999.00,-999.00,-999.00,-999,-999.00,-999,-999.00,-999.00,-999.00,-999,-999.00,-999.00,-999.00,-999.00,849.10,-7.01,-7.31,-7.16,107.53,107.23,107.38,570,634.00,570.00,0.06,253.50,203.00,1619.00,1785.50
Chiroptera,Molossidae,Tadarida,fulminans,tadarida fulminans,-999.00,33.89,59.00,-999.00,-999.00,-999.00,-999.00,-999.00,1.00,-999.00,104.29,1.00,-999.00,-999.00,-999.00,1.00,2.00,-999.00,-999.00,-999.00,-999.00,-999.00,-999.00,-999.00,-999,2.00,3,-999.00,-999.00,-999.00,44;691;1297;1658;2143;2151;2622;2655;2900,-999.00,-999.00,-999.00,-999.00,1162426.19,0.41,-23.01,-11.29,47.35,25.93,36.64,2,39.28,4.00,0.15,73.87,212.88,859.95,1485.78
Chiroptera,Molossidae,Tadarida,insignis,tadarida insignis,-999.00,-999.00,-999.00,-999.00,-999.00,-999.00,-999.00,-999.00,-999.00,-999.00,-999.00,-999.00,-999.00,-999.00,-999.00,-999.00,-999.00,-999.00,-999.00,-999.00,-999.00,-999.00,-999.00,-999.00,-999,-999.00,-999,-999.00,-999.00,-999.00,-999,-999.00,-999.00,-999.00,-999.00,546642.59,45.52,21.90,33.71,145.82,116.00,130.91,56,373.82,73.00,0.02,122.92,101.60,804.00,880.93
Chiroptera,Molossidae,Tadarida,kuboriensis,tadarida kuboriensis,-999.00,26.80,-999.00,-999.00,-999.00,-999.00,-999.00,-999.00,-999.00,-999.00,-999.00,-999.00,-999.00,-999.00,-999.00,-999.00,-999.00,-999.00,-999.00,-999.00,-999.00,-999.00,-999.00,-999.00,-999,-999.00,-999,-999.00,-999.00,-999.00,2622,-999.00,-999.00,-999.00,-999.00,182715.75,-3.33,-10.12,-6.72,149.62,137.82,143.72,1,9.51,2.00,0.14,269.77,208.03,1678.34,1681.47
Artiodactyla,Bovidae,Tragelaphus,scriptus,tragelaphus scriptus,2.00,43250.39,-999.00,1247.10,-999.00,644.15,-999.00,-999.00,4.00,-999.00,182.50,2.00,0.02,0.02,235.72,1.00,-999.00,156.00,3027.79,-999.00,1.52,-999.00,431.61,1.00,-999,1.00,1,-999.00,-999.00,-999.00,57;200;730;854;869;1297;1525;1573;1848;2629;2655;2693;2986;3057,-999.00,1.37,-999.00,-999.00,13167565.73,16.11,-34.83,-9.36,45.58,-17.53,14.02,0,41.29,1.00,0.13,94.18,237.61,934.54,1541.54
Artiodactyla,Bovidae,Tragelaphus,spekii,tragelaphus spekii,2.00,75554.25,-999.00,1520.84,-999.00,608.33,-999.00,-999.00,2.00,-999.00,241.15,2.00,-999.00,-999.00,352.83,1.00,-999.00,258.00,4000.00,-999.00,1.66,-999.00,619.06,6.00,-999,1.00,1,-999.00,-999.00,-999.00,543;730;869;904;1297;1525;1844;1848;2629;2655;2693;2986,-999.00,1.12,-999.00,-999.00,5256068.76,14.37,-20.93,-3.27,35.23,-16.82,9.20,0,30.39,1.00,0.14,124.21,236.28,1157.01,1543.12
Artiodactyla,Bovidae,Tragelaphus,strepsiceros,tragelaphus strepsiceros,3.00,206056.41,-999.00,2199.99,-999.00,912.50,-999.00,-999.00,2.00,-999.00,220.94,1.00,835.10,783.47,365.00,1.00,-999.00,276.00,15366.57,-999.00,1.06,-999.00,665.38,12.00,-999,1.00,1,182.50,-999.00,-999.00,453;543;730;854;869;1297;1525;1573;1577;1848;2629;2655;2693;2986,-999.00,1.10,-999.00,-999.00,6476879.55,20.14,-34.05,-6.95,47.94,12.44,30.19,0,24.17,1.00,0.14,61.83,215.34,732.24,1469.28
Artiodactyla,Tragulidae,Tragulus,javanicus,tragulus javanicus,1.00,1889.93,-999.00,514.29,-999.00,-999.00,872.10,1618.00,3.00,-999.00,158.55,-999.00,-999.00,-999.00,-999.00,0.98,-999.00,144.00,-999.00,-999.00,-999.00,-999.00,157.32,1.00,4,-999.00,1,21.00,-999.00,-999.00,200;543;1297;1561;1822;1848;2152;2655,-999.00,-999.00,-999.00,-999.00,-999.00,-999.00,-999.00,-999.00,-999.00,-999.00,-999.00,-999,-999.00,-999.00,-999.00,-999.00,-999.00,-999.00,-999.00
Artiodactyla,Tragulidae,Tragulus,kanchil,tragulus kanchil,-999.00,-999.00,-999.00,-999.00,-999.00,-999.00,-999.00,-999.00,-999.00,-999.00,-999.00,-999.00,-999.00,-999.00,-999.00,-999.00,-999.00,-999.00,-999.00,-999.00,-999.00,-999.00,-999.00,-999.00,-999,-999.00,-999,-999.00,-999.00,-999.00,-999,-999.00,-999.00,-999.00,-999.00,3708821.44,24.14,-5.94,9.09,123.67,72.61,98.14,1,181.55,5.00,0.11,169.24,252.55,1207.55,1629.84
Artiodactyla,Tragulidae,Tragulus,napu,tragulus napu,1.00,5273.67,-999.00,562.36,-999.00,250.93,-999.00,-999.00,3.00,-999.00,154.24,-999.00,-999.00,-999.00,152.08,0.96,1.00,195.96,372.99,-999.00,-999.00,-999.00,156.25,-999.00,4,-999.00,1,84.86,-999.00,-999.00,200;543;1297;1848;2152;2655;3000,-999.00,-999.00,-999.00,-999.00,1593229.34,14.30,-5.94,4.18,119.26,95.18,107.22,1,91.44,4.00,0.14,233.98,250.86,1615.97,1742.06
Artiodactyla,Tragulidae,Tragulus,nigricans,tragulus nigricans,-999.00,-999.00,-999.00,-999.00,-999.00,-999.00,-999.00,-999.00,-999.00,-999.00,-999.00,-999.00,-999.00,-999.00,-999.00,-999.00,-999.00,-999.00,-999.00,-999.00,-999.00,-999.00,-999.00,-999.00,-999,-999.00,-999,-999.00,-999.00,-999.00,-999,-999.00,-999.00,-999.00,-999.00,11882.48,11.42,7.80,9.61,119.71,116.93,118.32,22,44.59,23.50,0.21,224.00,249.78,-999.00,-999.00
Artiodactyla,Tragulidae,Tragulus,versicolor,tragulus versicolor,-999.00,-999.00,-999.00,-999.00,-999.00,-999.00,-999.00,-999.00,-999.00,-999.00,-999.00,-999.00,-999.00,-999.00,-999.00,-999.00,-999.00,-999.00,-999.00,-999.00,-999.00,-999.00,-999.00,-999.00,-999,-999.00,-999,-999.00,-999.00,-999.00,-999,-999.00,-999.00,-999.00,-999.00,-999.00,-999.00,-999.00,-999.00,-999.00,-999.00,-999.00,-999,-999.00,-999.00,-999.00,-999.00,-999.00,-999.00,-999.00
Artiodactyla,Tragulidae,Tragulus,williamsoni,tragulus williamsoni,-999.00,-999.00,-999.00,-999.00,-999.00,-999.00,-999.00,-999.00,-999.00,-999.00,-999.00,-999.00,-999.00,-999.00,-999.00,-999.00,-999.00,-999.00,-999.00,-999.00,-999.00,-999.00,-999.00,-999.00,-999,-999.00,-999,-999.00,-999.00,-999.00,-999,-999.00,-999.00,-999.00,-999.00,-999.00,-999.00,-999.00,-999.00,-999.00,-999.00,-999.00,-999,-999.00,-999.00,-999.00,-999.00,-999.00,-999.00,-999.00
Carnivora,Ursidae,Tremarctos,ornatus,tremarctos ornatus,2.00,123176.97,-999.00,1766.58,-999.00,-999.00,-999.00,-999.00,5.00,-999.00,215.00,1.00,-999.00,-999.00,-999.00,1.44,-999.00,437.00,320.00,-999.00,-999.00,-999.00,-999.00,-999.00,-999,1.00,2,173.44,-999.00,-999.00,543;890;1113;1297;2655,-999.00,-999.00,-999.00,-999.00,409517.73,11.25,-22.30,-5.52,-63.19,-80.06,-71.63,1,35.22,2.00,0.11,125.36,179.82,1182.37,1482.17
Chiroptera,Hipposideridae,Triaenops,auritus,triaenops auritus,-999.00,-999.00,-999.00,-999.00,-999.00,-999.00,-999.00,-999.00,-999.00,-999.00,-999.00,-999.00,-999.00,-999.00,-999.00,-999.00,-999.00,-999.00,-999.00,-999.00,-999.00,-999.00,-999.00,-999.00,-999,-999.00,-999,-999.00,-999.00,-999.00,-999,-999.00,-999.00,-999.00,-999.00,25.57,-12.27,-12.32,-12.30,49.30,49.25,49.27,43,43.00,43.00,0.16,81.00,265.00,-999.00,-999.00
Chiroptera,Hipposideridae,Triaenops,furculus,triaenops furculus,2.00,5.56,43.99,67.50,-999.00,-999.00,-999.00,-999.00,1.00,-999.00,-999.00,1.00,-999.00,-999.00,-999.00,-999.00,-999.00,-999.00,-999.00,-999.00,-999.00,-999.00,-999.00,-999.00,-999,2.00,3,-999.00,-999.00,-999.00,1048;1658;2151,-999.00,-999.00,-999.00,-999.00,133107.81,-9.34,-19.13,-14.23,50.48,43.92,47.20,0,17.63,2.00,0.17,126.86,237.05,1102.41,1637.52
Chiroptera,Hipposideridae,Triaenops,persicus,triaenops persicus,-999.00,13.18,53.00,-999.00,-999.00,-999.00,-999.00,-999.00,1.00,-999.00,-999.00,1.00,-999.00,-999.00,-999.00,-999.00,-999.00,-999.00,-999.00,-999.00,-999.00,-999.00,-999.00,-999.00,-999,2.00,3,-999.00,-999.00,-999.00,196;1388;1658;1861;2143;2151;2622;2655;2719,-999.00,-999.00,-999.00,-999.00,6093243.08,30.56,-23.03,3.76,59.83,13.10,36.46,0,35.66,1.00,0.15,89.15,227.28,949.46,1534.56
Chiroptera,Hipposideridae,Triaenops,rufus,triaenops rufus,1.00,9.10,52.50,87.49,-999.00,-999.00,-999.00,-999.00,1.00,-999.00,-999.00,-999.00,-999.00,-999.00,-999.00,-999.00,-999.00,-999.00,-999.00,-999.00,-999.00,100.00,-999.00,-999.00,-999,-999.00,3,-999.00,-999.00,-999.00,1045;1048,-999.00,-999.00,-999.00,-999.00,241046.33,-12.53,-25.20,-18.86,50.48,43.92,47.20,2,28.69,3.00,0.19,148.85,220.69,1184.84,1602.53
Sirenia,Trichechidae,Trichechus,inunguis,trichechus inunguis,2.00,418001.19,-999.00,2751.93,-999.00,-999.00,11565.61,165223.00,3.00,-999.00,372.74,1.00,-999.00,-999.00,-999.00,1.00,-999.00,360.00,-999.00,-999.00,-999.00,-999.00,1520.78,1.00,-999,-999.00,1,516.18,67500.00,-999.00,543;890;905;1015;1297;1421;1822;2151;2655,-999.00,-999.00,-999.00,-999.00,-999.00,-999.00,-999.00,-999.00,-999.00,-999.00,-999.00,-999,-999.00,-999.00,-999.00,-999.00,-999.00,-999.00,-999.00
Sirenia,Trichechidae,Trichechus,manatus,trichechus manatus,2.00,467324.83,-999.00,3494.78,-999.00,-999.00,-999.00,-999.00,6.00,-999.00,334.58,1.00,-999.00,-999.00,1003.75,1.22,-999.00,360.00,29636.99,125.00,-999.00,-999.00,1887.88,1.45,2,-999.00,2,266.74,-999.00,-999.00,543;890;899;905;1297;1422;2151;2192;2193;2320;2419;2655,-999.00,0.66,-999.00,-999.00,-999.00,-999.00,-999.00,-999.00,-999.00,-999.00,-999.00,-999,-999.00,-999.00,-999.00,-999.00,-999.00,-999.00,-999.00
Sirenia,Trichechidae,Trichechus,senegalensis,trichechus senegalensis,-999.00,454000.00,-999.00,3499.99,-999.00,-999.00,-999.00,-999.00,5.00,-999.00,380.20,1.00,-999.00,-999.00,-999.00,1.00,-999.00,-999.00,-999.00,-999.00,-999.00,-999.00,-999.00,4.00,2,-999.00,2,-999.00,-999.00,-999.00,890;899;1297;1423;2151;2655,-999.00,-999.00,-999.00,-999.00,-999.00,-999.00,-999.00,-999.00,-999.00,-999.00,-999.00,-999,-999.00,-999.00,-999.00,-999.00,-999.00,-999.00,-999.00
Diprotodontia,Phalangeridae,Trichosurus,arnhemensis,trichosurus arnhemensis,1.00,1540.74,-999.00,-999.00,-999.00,-999.00,-999.00,-999.00,2.00,-999.00,-999.00,1.00,-999.00,-999.00,-999.00,1.01,1.80,-999.00,-999.00,-999.00,-999.00,-999.00,-999.00,-999.00,-999,2.00,1,181.46,470.00,-999.00,1297;1760;2644;2655,-999.00,-999.00,-999.00,-999.00,495415.72,-11.11,-23.12,-17.12,136.97,114.75,125.86,0,0.83,0.00,5.01253804495775e-03,73.91,268.59,793.12,1773.15
Diprotodontia,Phalangeridae,Trichosurus,caninus,trichosurus caninus,1.00,3115.06,-999.00,-999.00,112.00,1003.75,-999.00,-999.00,1.00,821.25,16.20,1.00,0.02,0.03,363.00,1.02,1.00,204.00,-999.00,-999.00,100.00,-999.00,1095.00,-999.00,2,2.00,1,241.95,757.06,-999.00,543;730;955;1297;1760;1789;1848;2644;2655;2880,-999.00,-999.00,-999.00,-999.00,187766.76,-26.52,-39.13,-32.83,153.63,144.70,149.16,1,55.67,1.00,0.07,77.62,143.39,747.08,1127.16
Diprotodontia,Phalangeridae,Trichosurus,cunninghami,trichosurus cunninghami,-999.00,-999.00,-999.00,-999.00,-999.00,-999.00,-999.00,-999.00,-999.00,-999.00,-999.00,-999.00,-999.00,-999.00,-999.00,-999.00,-999.00,-999.00,-999.00,-999.00,-999.00,-999.00,-999.00,-999.00,-999,-999.00,-999,-999.00,-999.00,-999.00,-999,-999.00,-999.00,-999.00,-999.00,-999.00,-999.00,-999.00,-999.00,-999.00,-999.00,-999.00,-999,-999.00,-999.00,-999.00,-999.00,-999.00,-999.00,-999.00
Diprotodontia,Phalangeridae,Trichosurus,johnstonii,trichosurus johnstonii,-999.00,-999.00,-999.00,-999.00,-999.00,-999.00,-999.00,-999.00,-999.00,-999.00,-999.00,-999.00,-999.00,-999.00,-999.00,-999.00,-999.00,-999.00,-999.00,-999.00,-999.00,-999.00,-999.00,-999.00,-999,-999.00,-999,-999.00,-999.00,-999.00,-999,-999.00,-999.00,-999.00,-999.00,35590.32,-15.45,-19.47,-17.46,146.79,144.74,145.76,0,9.56,0.00,0.06,131.02,216.36,1126.18,1729.71
Diprotodontia,Phalangeridae,Trichosurus,vulpecula,trichosurus vulpecula,1.00,2685.39,-999.00,472.78,105.00,547.50,624.33,1982.00,1.00,-999.00,17.50,1.00,0.03,0.03,273.87,1.02,1.50,176.40,0.20,-999.00,124.00,-999.00,420.91,1.00,2,2.00,1,191.59,675.27,-999.00,543;730;955;1297;1412;1573;1760;1822;1848;2483;2484;2620;2644;2655;2880;3109,-999.00,-999.00,-999.00,-999.00,2305316.93,-12.27,-43.64,-27.96,153.63,114.94,134.29,0,9.55,0.00,0.03,55.54,182.67,602.57,1261.86
Rodentia,Hystricidae,Trichys,fasciculata,trichys fasciculata,1.00,1750.00,-999.00,414.99,-999.00,-999.00,-999.00,-999.00,-999.00,-999.00,-999.00,2.00,-999.00,-999.00,-999.00,-999.00,-999.00,121.20,-999.00,-999.00,-999.00,-999.00,-999.00,-999.00,-999,2.00,-999,-999.00,-999.00,-999.00,543;2151;2152;2655,-999.00,-999.00,-999.00,-999.00,823588.66,7.03,-4.64,1.19,119.26,98.08,108.67,1,44.98,4.00,0.17,253.48,246.08,1677.16,1725.29
Rodentia,Echimyidae,Trinomys,albispinus,trinomys albispinus,-999.00,284.99,-999.00,-999.00,-999.00,-999.00,-999.00,-999.00,-999.00,-999.00,-999.00,-999.00,-999.00,-999.00,-999.00,-999.00,-999.00,-999.00,-999.00,-999.00,-999.00,-999.00,-999.00,-999.00,-999,-999.00,-999,-999.00,-999.00,-999.00,2655,-999.00,-999.00,-999.00,-999.00,60927.75,-10.86,-13.84,-12.35,-37.72,-40.36,-39.04,16,158.75,18.00,0.08,107.94,236.31,1175.51,1511.97
Chiroptera,Molossidae,Tadarida,latouchei,tadarida latouchei,-999.00,-999.00,-999.00,-999.00,-999.00,-999.00,-999.00,-999.00,-999.00,-999.00,-999.00,-999.00,-999.00,-999.00,-999.00,-999.00,-999.00,-999.00,-999.00,-999.00,-999.00,-999.00,-999.00,-999.00,-999,-999.00,-999,-999.00,-999.00,-999.00,-999,-999.00,-999.00,-999.00,-999.00,200951.08,44.86,15.17,30.01,135.22,100.38,117.80,2,229.52,3.00,0.02,66.77,126.32,737.46,996.61
Perissodactyla,Tapiridae,Tapirus,pinchaque,tapirus pinchaque,2.00,156923.40,-999.00,-999.00,-999.00,-999.00,-999.00,-999.00,4.00,-999.00,393.99,1.00,6.38,7.67,-999.00,1.00,-999.00,-999.00,4720.00,-999.00,0.27,1.00,1113.70,-999.00,-999,1.00,1,339.47,-999.00,-999.00,10;511;828;829;830;899;992;1297;1799;1800;2151;2532;2655,-999.00,-999.00,-999.00,-999.00,178168.26,5.30,-5.35,-0.02,-72.47,-79.76,-76.11,1,57.11,2.00,0.12,148.68,214.12,1361.82,1463.08
Perissodactyla,Tapiridae,Tapirus,terrestris,tapirus terrestris,2.00,169496.64,-999.00,2004.97,-999.00,-999.00,-999.00,-999.00,5.00,-999.00,395.41,1.00,-999.00,-999.00,-999.00,1.00,-999.00,420.00,4507.91,-999.00,0.85,-999.00,862.17,1.00,2,1.00,2,277.49,-999.00,-999.00,392;393;394;543;730;905;1297;1322;1426;1594;1800;2151;2208;2532;2655,-999.00,-999.00,-999.00,-999.00,13663839.27,12.46,-30.80,-9.17,-34.79,-78.86,-56.82,0,23.24,0.00,0.11,145.25,233.30,1265.75,1501.80
Diprotodontia,Tarsipedidae,Tarsipes,rostratus,tarsipes rostratus,2.00,9.66,-999.00,77.34,-999.00,182.50,29.00,10.00,1.00,-999.00,61.27,2.00,8.14137e-04,8.72424e-04,122.00,2.93,3.00,24.00,4.3e-03,-999.00,29699.99,-999.00,177.20,1.00,4,2.00,1,89.74,4.31,-999.00,543;955;1297;1412;1466;1760;1822;1848;2108;2437;2484;2644;2655;2880;2967;2969;3080;3081;3082,-999.00,-999.00,-999.00,-999.00,211836.34,-27.47,-35.13,-31.30,125.56,114.08,119.82,0,7.58,0.00,0.06,45.23,160.77,412.71,1144.04
Primates,Tarsiidae,Tarsius,bancanus,tarsius bancanus,1.00,114.39,-999.00,106.59,-999.00,919.80,-999.00,-999.00,3.00,-999.00,125.84,1.00,0.01,0.02,240.29,1.00,-999.00,144.00,23.93,-999.00,62.24,-999.00,658.68,1.00,-999,2.00,2,78.55,-999.00,-999.00,223;511;543;1297;1544;1547;1767;1768;1848;2137;2151;2344;2493;2655;2973;2986,-999.00,1.36,-999.00,-999.00,848019.79,7.03,-5.90,0.56,119.26,102.60,110.93,1,39.41,4.00,0.17,256.39,246.61,1702.76,1734.70
Primates,Tarsiidae,Tarsius,dentatus,tarsius dentatus,-999.00,110.42,-999.00,117.50,-999.00,-999.00,-999.00,-999.00,-999.00,-999.00,-999.00,-999.00,3.855591e-03,6.5e-03,-999.00,1.01,-999.00,-999.00,-999.00,-999.00,129.00,-999.00,-999.00,1.00,-999,-999.00,-999,-999.00,-999.00,-999.00,1203;1544;1547;1848;2139;2151;2344;2655,-999.00,-999.00,-999.00,-999.00,5028.57,-0.67,-1.65,-1.16,120.47,119.83,120.15,32,45.33,32.00,0.13,205.99,186.00,1813.49,1927.25
Primates,Tarsiidae,Tarsius,pelengensis,tarsius pelengensis,-999.00,165.00,-999.00,-999.00,-999.00,-999.00,-999.00,-999.00,-999.00,-999.00,-999.00,-999.00,-999.00,-999.00,-999.00,1.02,-999.00,-999.00,-999.00,-999.00,-999.00,-999.00,-999.00,-999.00,-999,-999.00,-999,-999.00,-999.00,-999.00,2138;2151,-999.00,-999.00,-999.00,-999.00,2364.95,-1.15,-1.64,-1.40,123.55,122.78,123.17,31,31.00,31.00,0.10,245.00,240.50,-999.00,-999.00
Primates,Tarsiidae,Tarsius,pumilus,tarsius pumilus,-999.00,-999.00,-999.00,100.00,-999.00,-999.00,-999.00,-999.00,-999.00,-999.00,-999.00,-999.00,-999.00,-999.00,-999.00,1.01,-999.00,-999.00,-999.00,-999.00,-999.00,-999.00,-999.00,1.00,-999,-999.00,-999,-999.00,-999.00,-999.00,1544;1547;1848;2151,31.03,-999.00,-999.00,-999.00,111.58,-1.47,-3.55,-2.51,120.50,120.04,120.27,17,44.14,17.00,0.10,222.32,201.98,1810.39,1934.93
Rodentia,Erethizontidae,Sphiggurus,mexicanus,sphiggurus mexicanus,1.00,2000.00,-999.00,-999.00,-999.00,-999.00,-999.00,-999.00,2.00,-999.00,-999.00,1.00,-999.00,-999.00,-999.00,0.98,-999.00,-999.00,-999.00,-999.00,-999.00,-999.00,-999.00,2.00,12,2.00,1,-999.00,-999.00,-999.00,905;1297;2151;2655,-999.00,-999.00,-999.00,-999.00,741576.19,22.59,8.02,15.31,-81.58,-99.49,-90.54,3,64.23,5.00,0.13,133.12,230.49,1233.22,1602.82
Rodentia,Erethizontidae,Sphiggurus,pruinosus,sphiggurus pruinosus,-999.00,-999.00,-999.00,-999.00,-999.00,-999.00,-999.00,-999.00,-999.00,-999.00,-999.00,-999.00,-999.00,-999.00,-999.00,-999.00,-999.00,-999.00,-999.00,-999.00,-999.00,-999.00,-999.00,-999.00,-999,-999.00,-999,-999.00,-999.00,-999.00,-999,-999.00,-999.00,-999.00,-999.00,4489.82,8.35,7.68,8.02,-71.32,-72.15,-71.73,8,78.83,8.00,0.08,106.84,213.50,1426.15,1588.15
Rodentia,Erethizontidae,Sphiggurus,roosmalenorum,sphiggurus roosmalenorum,-999.00,-999.00,-999.00,-999.00,-999.00,-999.00,-999.00,-999.00,-999.00,-999.00,-999.00,-999.00,-999.00,-999.00,-999.00,-999.00,-999.00,-999.00,-999.00,-999.00,-999.00,-999.00,-999.00,-999.00,-999,-999.00,-999,-999.00,-999.00,-999.00,-999,-999.00,-999.00,-999.00,-999.00,-999.00,-999.00,-999.00,-999.00,-999.00,-999.00,-999.00,-999,-999.00,-999.00,-999.00,-999.00,-999.00,-999.00,-999.00
Rodentia,Erethizontidae,Sphiggurus,spinosus,sphiggurus spinosus,1.00,750.78,-999.00,-999.00,-999.00,-999.00,-999.00,-999.00,-999.00,-999.00,-999.00,1.00,-999.00,-999.00,-999.00,-999.00,-999.00,-999.00,-999.00,-999.00,-999.00,-999.00,-999.00,-999.00,-999,2.00,-999,-999.00,-999.00,-999.00,2151;2655,-999.00,-999.00,-999.00,-999.00,1192308.04,-11.94,-33.28,-22.61,-46.39,-57.86,-52.13,0,14.86,1.00,0.11,123.81,221.40,1196.08,1371.79
Rodentia,Erethizontidae,Sphiggurus,vestitus,sphiggurus vestitus,1.00,736.00,-999.00,-999.00,-999.00,-999.00,-999.00,-999.00,-999.00,-999.00,-999.00,1.00,-999.00,-999.00,-999.00,-999.00,-999.00,-999.00,-999.00,-999.00,-999.00,-999.00,-999.00,-999.00,-999,2.00,-999,-999.00,-999.00,-999.00,2151;2655,-999.00,-999.00,-999.00,-999.00,5697.25,5.26,4.29,4.78,-74.99,-75.69,-75.34,56,153.29,56.00,0.07,183.83,180.57,1465.57,1499.01
Rodentia,Erethizontidae,Sphiggurus,villosus,sphiggurus villosus,1.00,1750.01,-999.00,-999.00,-999.00,-999.00,-999.00,-999.00,-999.00,-999.00,-999.00,1.00,-999.00,-999.00,-999.00,1.00,-999.00,-999.00,-999.00,-999.00,-999.00,-999.00,-999.00,-999.00,-999,2.00,-999,-999.00,-999.00,-999.00,1297;2151;2655,-999.00,-999.00,-999.00,-999.00,-999.00,-999.00,-999.00,-999.00,-999.00,-999.00,-999.00,-999,-999.00,-999.00,-999.00,-999.00,-999.00,-999.00,-999.00
Diprotodontia,Phalangeridae,Spilocuscus,kraemeri,spilocuscus kraemeri,1.00,-999.00,-999.00,-999.00,-999.00,-999.00,-999.00,-999.00,-999.00,-999.00,-999.00,1.00,-999.00,-999.00,-999.00,1.02,-999.00,-999.00,-999.00,-999.00,-999.00,-999.00,-999.00,-999.00,-999,2.00,-999,-999.00,-999.00,-999.00,975;1848,-999.00,-999.00,-999.00,-999.00,29.60,-2.36,-2.44,-2.40,147.38,147.30,147.34,17,17.00,17.00,0.06,-999.00,-999.00,-999.00,-999.00
Rodentia,Muridae,Acomys,cahirinus,acomys cahirinus,1.00,41.16,-999.00,-999.00,7.00,103.00,-999.00,-999.00,-999.00,-999.00,38.54,-999.00,8.80412e-04,8.10023e-04,34.00,2.43,7.60,60.00,5.49,43.00,2366.22,-999.00,51.90,-999.00,-999,-999.00,-999,14.00,12.31,-999.00,456;543;771;1244;1297;1542;2593;2655;2978,-999.00,-999.00,-999.00,-999.00,-999.00,-999.00,-999.00,-999.00,-999.00,-999.00,-999.00,-999,-999.00,-999.00,-999.00,-999.00,-999.00,-999.00,-999.00
Rodentia,Muridae,Acomys,chudeaui,acomys chudeaui,-999.00,-999.00,-999.00,-999.00,-999.00,-999.00,-999.00,-999.00,-999.00,-999.00,-999.00,-999.00,-999.00,-999.00,-999.00,-999.00,-999.00,-999.00,-999.00,-999.00,-999.00,-999.00,-999.00,-999.00,-999,-999.00,-999,-999.00,-999.00,-999.00,-999,-999.00,-999.00,-999.00,-999.00,-999.00,-999.00,-999.00,-999.00,-999.00,-999.00,-999.00,-999,-999.00,-999.00,-999.00,-999.00,-999.00,-999.00,-999.00
Rodentia,Muridae,Acomys,cilicicus,acomys cilicicus,-999.00,-999.00,-999.00,-999.00,-999.00,-999.00,-999.00,-999.00,-999.00,-999.00,-999.00,-999.00,-999.00,-999.00,-999.00,-999.00,-999.00,-999.00,-999.00,-999.00,-999.00,-999.00,-999.00,-999.00,-999,-999.00,-999,-999.00,-999.00,-999.00,-999,-999.00,-999.00,-999.00,-999.00,404.16,37.01,36.79,36.90,34.73,34.50,34.62,92,93.50,92.00,0.14,48.02,154.10,362.00,1241.33
Rodentia,Muridae,Acomys,cineraceus,acomys cineraceus,-999.00,-999.00,-999.00,84.74,8.00,-999.00,-999.00,-999.00,-999.00,-999.00,-999.00,-999.00,-999.00,-999.00,-999.00,-999.00,-999.00,-999.00,-999.00,-999.00,-999.00,-999.00,-999.00,-999.00,-999,-999.00,-999,-999.00,-999.00,-999.00,1399,19.24,-999.00,-999.00,-999.00,-999.00,-999.00,-999.00,-999.00,-999.00,-999.00,-999.00,-999,-999.00,-999.00,-999.00,-999.00,-999.00,-999.00,-999.00
Rodentia,Muridae,Acomys,dimidiatus,acomys dimidiatus,-999.00,-999.00,-999.00,-999.00,-999.00,-999.00,-999.00,-999.00,-999.00,-999.00,-999.00,-999.00,-999.00,-999.00,-999.00,-999.00,-999.00,-999.00,-999.00,-999.00,-999.00,-999.00,-999.00,-999.00,-999,-999.00,-999,-999.00,-999.00,-999.00,-999,-999.00,-999.00,-999.00,-999.00,3325550.32,38.08,12.59,25.33,61.47,31.27,46.37,0,36.24,0.00,0.15,11.93,221.51,171.20,1301.83
Rodentia,Muridae,Acomys,ignitus,acomys ignitus,-999.00,-999.00,-999.00,-999.00,-999.00,-999.00,-999.00,-999.00,-999.00,-999.00,-999.00,-999.00,-999.00,-999.00,-999.00,-999.00,-999.00,-999.00,-999.00,-999.00,-999.00,-999.00,-999.00,-999.00,-999,-999.00,-999,-999.00,-999.00,-999.00,-999,-999.00,-999.00,-999.00,-999.00,156581.97,-0.54,-5.80,-3.17,40.81,36.26,38.54,2,76.82,4.00,0.16,64.98,239.82,941.97,1662.28
Rodentia,Muridae,Acomys,johannis,acomys johannis,-999.00,-999.00,-999.00,-999.00,-999.00,-999.00,-999.00,-999.00,-999.00,-999.00,-999.00,-999.00,-999.00,-999.00,-999.00,-999.00,-999.00,-999.00,-999.00,-999.00,-999.00,-999.00,-999.00,-999.00,-999,-999.00,-999,-999.00,-999.00,-999.00,-999,-999.00,-999.00,-999.00,-999.00,-999.00,-999.00,-999.00,-999.00,-999.00,-999.00,-999.00,-999,-999.00,-999.00,-999.00,-999.00,-999.00,-999.00,-999.00
Rodentia,Muridae,Acomys,kempi,acomys kempi,-999.00,21.99,-999.00,-999.00,-999.00,-999.00,-999.00,-999.00,-999.00,-999.00,-999.00,-999.00,-999.00,-999.00,-999.00,-999.00,-999.00,-999.00,-999.00,-999.00,-999.00,-999.00,-999.00,-999.00,-999,-999.00,-999,-999.00,-999.00,-999.00,2655,-999.00,-999.00,-999.00,-999.00,358017.73,4.33,-4.70,-0.18,44.16,38.34,41.25,1,19.54,1.00,0.07,42.35,271.57,622.27,1739.37
Rodentia,Muridae,Acomys,louisae,acomys louisae,-999.00,20.19,-999.00,-999.00,-999.00,-999.00,-999.00,-999.00,-999.00,-999.00,-999.00,-999.00,-999.00,-999.00,-999.00,-999.00,-999.00,-999.00,-999.00,-999.00,-999.00,-999.00,-999.00,-999.00,-999,-999.00,-999,-999.00,-999.00,-999.00,2655,-999.00,-999.00,-999.00,-999.00,320804.61,11.78,5.80,8.79,50.56,42.74,46.65,1,9.89,3.00,0.06,14.54,248.35,232.32,1758.07
Rodentia,Muridae,Acomys,minous,acomys minous,-999.00,62.50,-999.00,-999.00,-999.00,-999.00,-999.00,-999.00,-999.00,-999.00,-999.00,-999.00,-999.00,-999.00,-999.00,-999.00,-999.00,-999.00,-999.00,-999.00,-999.00,-999.00,-999.00,-999.00,-999,-999.00,-999,-999.00,-999.00,-999.00,2655,-999.00,-999.00,-999.00,-999.00,8190.70,35.69,34.92,35.31,26.31,23.52,24.91,0,48.69,0.00,0.02,51.80,163.80,-999.00,-999.00
Rodentia,Muridae,Acomys,mullah,acomys mullah,-999.00,-999.00,-999.00,-999.00,-999.00,-999.00,-999.00,-999.00,-999.00,-999.00,-999.00,-999.00,-999.00,-999.00,-999.00,-999.00,-999.00,-999.00,-999.00,-999.00,-999.00,-999.00,-999.00,-999.00,-999,-999.00,-999,-999.00,-999.00,-999.00,-999,-999.00,-999.00,-999.00,-999.00,152076.39,11.42,7.63,9.52,46.16,41.76,43.96,4,24.68,6.00,0.09,32.60,231.82,506.10,1706.27
Rodentia,Muridae,Acomys,nesiotes,acomys nesiotes,-999.00,-999.00,-999.00,-999.00,-999.00,-999.00,-999.00,-999.00,-999.00,-999.00,-999.00,-999.00,-999.00,-999.00,-999.00,-999.00,-999.00,-999.00,-999.00,-999.00,-999.00,-999.00,-999.00,-999.00,-999,-999.00,-999,-999.00,-999.00,-999.00,-999,-999.00,-999.00,-999.00,-999.00,9293.99,35.70,34.56,35.13,34.59,32.27,33.43,43,72.41,43.00,0.09,40.19,183.55,-999.00,-999.00
Rodentia,Muridae,Acomys,percivali,acomys percivali,-999.00,21.99,-999.00,-999.00,-999.00,-999.00,-999.00,-999.00,-999.00,-999.00,-999.00,-999.00,-999.00,-999.00,-999.00,-999.00,-999.00,-999.00,-999.00,-999.00,-999.00,-999.00,-999.00,-999.00,-999,-999.00,-999,-999.00,-999.00,-999.00,2655,-999.00,-999.00,-999.00,-999.00,686807.37,6.29,-1.77,2.25,42.49,32.11,37.30,1,29.12,1.00,0.08,54.73,240.95,825.98,1524.06
Rodentia,Muridae,Acomys,russatus,acomys russatus,3.00,42.35,-999.00,111.08,-999.00,-999.00,-999.00,-999.00,-999.00,-999.00,-999.00,-999.00,4.88186e-04,4.48138e-04,-999.00,2.50,-999.00,-999.00,-999.00,-999.00,3487.07,-999.00,-999.00,-999.00,5,-999.00,-999,-999.00,-999.00,-999.00,1297;1542;1765;2593;2655;2978,-999.00,-999.00,-999.00,-999.00,800320.84,33.09,12.59,22.84,48.41,30.59,39.50,0,104.38,1.00,0.18,9.20,214.39,140.58,1406.50
Rodentia,Muridae,Acomys,seurati,acomys seurati,-999.00,-999.00,-999.00,-999.00,-999.00,-999.00,-999.00,-999.00,-999.00,-999.00,-999.00,-999.00,-999.00,-999.00,-999.00,-999.00,-999.00,-999.00,-999.00,-999.00,-999.00,-999.00,-999.00,-999.00,-999,-999.00,-999,-999.00,-999.00,-999.00,-999,-999.00,-999.00,-999.00,-999.00,-999.00,-999.00,-999.00,-999.00,-999.00,-999.00,-999.00,-999,-999.00,-999.00,-999.00,-999.00,-999.00,-999.00,-999.00
Rodentia,Muridae,Acomys,spinosissimus,acomys spinosissimus,-999.00,26.50,-999.00,-999.00,-999.00,-999.00,44.12,27.02,-999.00,-999.00,-999.00,-999.00,-999.00,-999.00,-999.00,2.71,-999.00,-999.00,-999.00,-999.00,204.07,-999.00,-999.00,-999.00,-999,-999.00,-999,-999.00,-999.00,-999.00,730;1297;1798;1822;2655,-999.00,-999.00,-999.00,-999.00,2826979.35,-2.87,-27.30,-15.08,40.84,23.93,32.38,0,30.43,2.00,0.16,73.43,218.60,827.26,1462.67
Rodentia,Muridae,Acomys,subspinosus,acomys subspinosus,1.00,21.92,-999.00,-999.00,-999.00,-999.00,83.43,32.25,-999.00,-999.00,-999.00,-999.00,-999.00,-999.00,-999.00,-999.00,-999.00,-999.00,-999.00,-999.00,3543.88,-999.00,-999.00,-999.00,-999,-999.00,-999,-999.00,-999.00,-999.00,730;1822;2442;2655,-999.00,-999.00,-999.00,-999.00,126595.80,-30.84,-34.83,-32.84,24.78,17.84,21.31,0,47.95,1.00,0.08,30.22,155.89,433.76,1135.82
Rodentia,Muridae,Acomys,wilsoni,acomys wilsoni,-999.00,18.50,-999.00,79.76,-999.00,-999.00,-999.00,-999.00,-999.00,-999.00,-999.00,-999.00,-999.00,-999.00,-999.00,2.29,7.90,-999.00,3.49,40.00,-999.00,-999.00,-999.00,-999.00,-999,-999.00,-999,-999.00,10.00,-999.00,1297;1399;2655,-999.00,-999.00,-999.00,-999.00,1322637.93,11.98,-6.04,2.96,51.41,31.01,41.21,1,30.65,1.00,0.09,46.08,251.31,659.51,1664.72
Rodentia,Octodontidae,Aconaemys,fuscus,aconaemys fuscus,2.00,129.95,-999.00,-999.00,-999.00,-999.00,120.96,112.00,2.00,-999.00,-999.00,2.00,-999.00,-999.00,-999.00,3.23,-999.00,-999.00,-999.00,-999.00,-999.00,-999.00,-999.00,-999.00,-999,1.00,1,-999.00,-999.00,-999.00,890;1297;1822;2151;2242;2655,-999.00,-999.00,-999.00,-999.00,-999.00,-999.00,-999.00,-999.00,-999.00,-999.00,-999.00,-999,-999.00,-999.00,-999.00,-999.00,-999.00,-999.00,-999.00
Rodentia,Octodontidae,Aconaemys,porteri,aconaemys porteri,-999.00,-999.00,-999.00,-999.00,-999.00,-999.00,-999.00,-999.00,-999.00,-999.00,-999.00,-999.00,-999.00,-999.00,-999.00,-999.00,-999.00,-999.00,-999.00,-999.00,-999.00,-999.00,-999.00,-999.00,-999,-999.00,-999,-999.00,-999.00,-999.00,-999,-999.00,-999.00,-999.00,-999.00,-999.00,-999.00,-999.00,-999.00,-999.00,-999.00,-999.00,-999,-999.00,-999.00,-999.00,-999.00,-999.00,-999.00,-999.00
Rodentia,Octodontidae,Aconaemys,sagei,aconaemys sagei,3.00,96.49,-999.00,-999.00,-999.00,-999.00,-999.00,-999.00,-999.00,-999.00,-999.00,2.00,-999.00,-999.00,-999.00,-999.00,-999.00,-999.00,-999.00,-999.00,-999.00,-999.00,-999.00,-999.00,-999,1.00,-999,-999.00,-999.00,-999.00,890;2151;2655,-999.00,-999.00,-999.00,-999.00,10262.34,-38.66,-40.15,-39.41,-71.09,-73.04,-72.06,2,20.25,2.00,0.11,91.85,83.77,703.44,903.46
Diprotodontia,Acrobatidae,Acrobates,pygmaeus,acrobates pygmaeus,-999.00,13.84,-999.00,-999.00,65.00,212.91,14938.00,14.00,3.00,-999.00,-999.00,-999.00,5.959065e-03,-999.00,183.00,2.80,2.00,86.40,0.01,-999.00,899.99,-999.00,272.11,25.00,4,-999.00,2,97.50,3.44,-999.00,543;955;1297;1412;1466;1760;1789;1822;1848;2484;2644;2655;2880;2966;2967;2969,-999.00,-999.00,-999.00,-999.00,1691398.78,-10.69,-39.13,-24.91,153.63,138.09,145.86,0,12.18,0.00,0.04,61.57,185.70,673.13,1288.68
Rodentia,Muridae,Sundamys,muelleri,sundamys muelleri,-999.00,356.48,-999.00,239.00,-999.00,-999.00,-999.00,-999.00,-999.00,-999.00,-999.00,-999.00,-999.00,-999.00,-999.00,-999.00,-999.00,24.00,-999.00,-999.00,-999.00,-999.00,-999.00,-999.00,-999,-999.00,-999,-999.00,-999.00,-999.00,456;543;2152;2655,-999.00,-999.00,-999.00,-999.00,854971.22,12.33,-5.94,3.19,120.34,96.36,108.35,1,75.57,4.00,0.16,245.45,247.71,1682.71,1754.30
Rodentia,Sciuridae,Sundasciurus,brookei,sundasciurus brookei,-999.00,114.05,-999.00,186.14,-999.00,-999.00,-999.00,-999.00,-999.00,-999.00,-999.00,-999.00,-999.00,-999.00,-999.00,-999.00,-999.00,-999.00,-999.00,-999.00,-999.00,-999.00,-999.00,-999.00,5,-999.00,-999,-999.00,-999.00,-999.00,2152;2655;2844,-999.00,-999.00,-999.00,-999.00,157725.81,5.45,-0.23,2.60,117.15,110.85,114.00,1,7.57,2.00,0.19,281.40,222.95,1673.94,1679.38
Rodentia,Sciuridae,Sundasciurus,davensis,sundasciurus davensis,-999.00,-999.00,-999.00,210.00,-999.00,-999.00,-999.00,-999.00,-999.00,-999.00,-999.00,-999.00,-999.00,-999.00,-999.00,-999.00,-999.00,-999.00,-999.00,-999.00,-999.00,-999.00,-999.00,-999.00,5,-999.00,-999,-999.00,-999.00,-999.00,2152,264.30,-999.00,-999.00,-999.00,19.48,7.50,7.45,7.48,125.84,125.79,125.82,109,226.56,109.00,0.12,166.99,254.50,1555.00,1897.50
Rodentia,Sciuridae,Sundasciurus,fraterculus,sundasciurus fraterculus,-999.00,-999.00,-999.00,-999.00,-999.00,-999.00,-999.00,-999.00,-999.00,-999.00,-999.00,-999.00,-999.00,-999.00,-999.00,-999.00,-999.00,-999.00,-999.00,-999.00,-999.00,-999.00,-999.00,-999.00,-999,-999.00,-999,-999.00,-999.00,-999.00,-999,-999.00,-999.00,-999.00,-999.00,5140.87,-0.91,-2.85,-1.88,100.22,98.58,99.40,43,56.87,43.00,0.08,340.00,259.00,-999.00,-999.00
Rodentia,Sciuridae,Sundasciurus,hippurus,sundasciurus hippurus,-999.00,357.79,-999.00,227.98,-999.00,-999.00,-999.00,-999.00,5.00,-999.00,-999.00,1.00,-999.00,-999.00,-999.00,-999.00,-999.00,-999.00,-999.00,-999.00,177.15,-999.00,-999.00,-999.00,5,2.00,2,-999.00,-999.00,-999.00,32;730;2152;2655;2844;2848,-999.00,-999.00,-999.00,-999.00,1193705.93,7.56,-5.94,0.80,119.26,95.18,107.22,1,75.22,4.00,0.15,244.99,247.36,1686.53,1737.31
Rodentia,Sciuridae,Sundasciurus,hoogstraali,sundasciurus hoogstraali,-999.00,-999.00,-999.00,210.00,-999.00,-999.00,-999.00,-999.00,-999.00,-999.00,-999.00,-999.00,-999.00,-999.00,-999.00,-999.00,-999.00,-999.00,-999.00,-999.00,-999.00,-999.00,-999.00,-999.00,5,-999.00,-999,-999.00,-999.00,-999.00,2152,264.30,-999.00,-999.00,-999.00,949.39,12.33,11.96,12.14,120.34,119.84,120.09,29,36.99,29.00,0.21,-999.00,-999.00,-999.00,-999.00
Rodentia,Sciuridae,Sundasciurus,jentinki,sundasciurus jentinki,-999.00,-999.00,-999.00,210.00,-999.00,-999.00,-999.00,-999.00,-999.00,-999.00,-999.00,-999.00,-999.00,-999.00,-999.00,-999.00,-999.00,-999.00,-999.00,-999.00,-999.00,-999.00,-999.00,-999.00,5,-999.00,-999,-999.00,-999.00,-999.00,2152,264.30,-999.00,-999.00,-999.00,3662.22,5.21,4.76,4.98,116.59,115.71,116.15,4,15.49,4.00,0.32,277.83,229.16,1795.82,1883.15
Rodentia,Sciuridae,Sundasciurus,juvencus,sundasciurus juvencus,-999.00,-999.00,-999.00,210.00,-999.00,-999.00,-999.00,-999.00,-999.00,-999.00,-999.00,-999.00,-999.00,-999.00,-999.00,-999.00,-999.00,-999.00,-999.00,-999.00,-999.00,-999.00,-999.00,-999.00,5,-999.00,-999,-999.00,-999.00,-999.00,2152,264.30,-999.00,-999.00,-999.00,5587.90,11.42,9.57,10.50,119.71,118.51,119.11,26,51.67,26.00,0.20,219.66,253.66,-999.00,-999.00
Rodentia,Sciuridae,Sundasciurus,lowii,sundasciurus lowii,3.00,84.99,-999.00,137.56,-999.00,-999.00,-999.00,-999.00,5.00,-999.00,-999.00,2.00,-999.00,-999.00,-999.00,2.46,-999.00,-999.00,-999.00,-999.00,-999.00,-999.00,-999.00,-999.00,5,2.00,2,-999.00,-999.00,-999.00,679;1297;2152;2655;2844;3013,-999.00,-999.00,-999.00,-999.00,1322864.62,7.45,-5.94,0.75,119.26,95.18,107.22,1,71.36,4.00,0.15,243.54,248.52,1686.88,1743.09
Rodentia,Sciuridae,Sundasciurus,mindanensis,sundasciurus mindanensis,-999.00,-999.00,-999.00,210.00,-999.00,-999.00,-999.00,-999.00,-999.00,-999.00,-999.00,-999.00,-999.00,-999.00,-999.00,-999.00,-999.00,-999.00,-999.00,-999.00,-999.00,-999.00,-999.00,-999.00,5,-999.00,-999,-999.00,-999.00,-999.00,2152,264.30,-999.00,-999.00,-999.00,94772.99,9.82,5.55,7.69,126.60,121.89,124.24,33,161.12,47.00,0.12,170.68,236.39,1567.81,1734.24
Rodentia,Sciuridae,Sundasciurus,moellendorffi,sundasciurus moellendorffi,-999.00,-999.00,-999.00,210.00,-999.00,-999.00,-999.00,-999.00,-999.00,-999.00,-999.00,-999.00,-999.00,-999.00,-999.00,-999.00,-999.00,-999.00,-999.00,-999.00,-999.00,-999.00,-999.00,-999.00,5,-999.00,-999,-999.00,-999.00,-999.00,2152,264.30,-999.00,-999.00,-999.00,1467.72,12.33,11.26,11.79,120.34,119.65,120.00,29,39.39,29.00,0.21,-999.00,-999.00,-999.00,-999.00
Rodentia,Sciuridae,Sundasciurus,philippinensis,sundasciurus philippinensis,-999.00,-999.00,-999.00,210.00,-999.00,-999.00,-999.00,-999.00,-999.00,-999.00,-999.00,-999.00,-999.00,-999.00,-999.00,-999.00,-999.00,-999.00,-999.00,-999.00,-999.00,-999.00,-999.00,-999.00,5,-999.00,-999,-999.00,-999.00,-999.00,2152,264.30,-999.00,-999.00,-999.00,99812.67,10.17,5.55,7.86,126.60,121.79,124.19,33,171.84,55.00,0.11,169.61,238.66,1565.18,1739.39
Rodentia,Sciuridae,Sundasciurus,rabori,sundasciurus rabori,-999.00,-999.00,-999.00,210.00,-999.00,-999.00,-999.00,-999.00,-999.00,-999.00,-999.00,-999.00,-999.00,-999.00,-999.00,-999.00,-999.00,-999.00,-999.00,-999.00,-999.00,-999.00,-999.00,-999.00,5,-999.00,-999,-999.00,-999.00,-999.00,2152,264.30,-999.00,-999.00,-999.00,11562.34,11.42,8.32,9.87,119.71,117.17,118.44,22,42.93,22.00,0.21,224.00,249.78,-999.00,-999.00
Rodentia,Sciuridae,Sundasciurus,samarensis,sundasciurus samarensis,-999.00,225.00,-999.00,210.00,-999.00,-999.00,-999.00,-999.00,-999.00,-999.00,-999.00,-999.00,-999.00,-999.00,-999.00,-999.00,-999.00,-999.00,-999.00,-999.00,-999.00,-999.00,-999.00,-999.00,5,-999.00,-999,-999.00,-999.00,-999.00,2152;2655,-999.00,-999.00,-999.00,-999.00,19683.01,12.58,10.00,11.29,125.76,124.26,125.01,55,179.23,63.00,0.11,251.02,255.87,-999.00,-999.00
Rodentia,Sciuridae,Sundasciurus,steerii,sundasciurus steerii,-999.00,-999.00,-999.00,210.00,-999.00,-999.00,-999.00,-999.00,-999.00,-999.00,-999.00,-999.00,-999.00,-999.00,-999.00,-999.00,-999.00,-999.00,-999.00,-999.00,-999.00,-999.00,-999.00,-999.00,5,-999.00,-999,-999.00,-999.00,-999.00,2152,264.30,-999.00,-999.00,-999.00,6201.41,9.74,7.80,8.77,118.66,116.93,117.80,22,40.84,22.00,0.21,227.33,245.99,-999.00,-999.00
Rodentia,Sciuridae,Sundasciurus,tenuis,sundasciurus tenuis,-999.00,74.87,-999.00,168.37,-999.00,-999.00,-999.00,-999.00,5.00,-999.00,-999.00,1.00,-999.00,-999.00,-999.00,3.11,-999.00,-999.00,-999.00,-999.00,141.72,-999.00,-999.00,-999.00,5,2.00,2,-999.00,-999.00,-999.00,730;1297;2152;2655;2844,-999.00,-999.00,-999.00,-999.00,1174126.61,7.73,-5.94,0.89,118.18,95.18,106.68,1,75.36,4.00,0.14,240.93,248.44,1682.53,1733.08
Soricomorpha,Soricidae,Surdisorex,norae,surdisorex norae,-999.00,23.57,-999.00,95.99,-999.00,-999.00,-999.00,-999.00,-999.00,-999.00,-999.00,-999.00,-999.00,-999.00,-999.00,1.41,-999.00,-999.00,-999.00,-999.00,-999.00,-999.00,-999.00,-999.00,-999,-999.00,-999,-999.00,-999.00,-999.00,852;1297;2655,-999.00,-999.00,-999.00,-999.00,5920.86,0.04,-1.02,-0.49,37.08,36.28,36.68,52,268.69,52.00,0.17,66.28,159.99,1005.71,1507.85
Soricomorpha,Soricidae,Surdisorex,polulus,surdisorex polulus,-999.00,8.99,-999.00,-999.00,-999.00,-999.00,-999.00,-999.00,-999.00,-999.00,-999.00,-999.00,-999.00,-999.00,-999.00,1.49,-999.00,-999.00,-999.00,-999.00,-999.00,-999.00,-999.00,-999.00,-999,-999.00,-999,-999.00,-999.00,-999.00,1297;2655,-999.00,-999.00,-999.00,-999.00,1579.95,0.03,-0.37,-0.17,37.51,37.13,37.32,28,131.66,28.00,0.14,58.00,165.66,942.33,1510.00
Carnivora,Herpestidae,Suricata,suricatta,suricata suricatta,3.00,729.99,-999.00,285.71,11.97,365.00,290.12,790.00,1.00,-999.00,77.00,1.00,11.76,14.06,365.00,3.86,1.00,150.00,30.50,-999.00,-999.00,-999.00,377.37,-999.00,-999,1.00,3,55.68,225.50,-999.00,367;543;1113;1297;1740;1822;2655,-999.00,-999.00,-999.00,-999.00,1720747.74,-15.77,-33.77,-24.77,30.87,11.71,21.29,0,10.05,0.00,0.09,26.55,175.81,405.45,1237.75
Artiodactyla,Suidae,Sus,ahoenobarbus,sus ahoenobarbus,-999.00,-999.00,-999.00,-999.00,-999.00,-999.00,-999.00,-999.00,-999.00,-999.00,-999.00,-999.00,-999.00,-999.00,-999.00,-999.00,-999.00,-999.00,-999.00,-999.00,-999.00,-999.00,-999.00,-999.00,-999,-999.00,-999,-999.00,-999.00,-999.00,-999,-999.00,-999.00,-999.00,-999.00,108626.43,12.33,5.04,8.68,126.60,116.93,121.76,22,128.88,28.00,0.14,177.32,238.06,1567.81,1734.24
Artiodactyla,Suidae,Sus,barbatus,sus barbatus,2.00,135805.95,-999.00,1349.99,-999.00,-999.00,-999.00,-999.00,6.00,-999.00,114.63,1.00,-999.00,-999.00,-999.00,6.59,1.00,-999.00,-999.00,-999.00,-999.00,-999.00,362.50,6.25,12,1.00,2,105.85,-999.00,-999.00,511;645;1297;2152;2180;2655,-999.00,-999.00,-999.00,-999.00,970249.80,7.03,-5.94,0.54,119.26,96.84,108.05,1,54.83,4.00,0.16,243.91,247.00,1673.32,1729.20
Artiodactyla,Suidae,Sus,bucculentus,sus bucculentus,-999.00,-999.00,-999.00,-999.00,-999.00,-999.00,-999.00,-999.00,-999.00,-999.00,-999.00,-999.00,-999.00,-999.00,-999.00,-999.00,-999.00,-999.00,-999.00,-999.00,-999.00,-999.00,-999.00,-999.00,-999,-999.00,-999,-999.00,-999.00,-999.00,-999,-999.00,-999.00,-999.00,-999.00,2834.16,18.64,17.70,18.17,105.41,104.78,105.09,9,92.29,9.00,0.11,150.27,202.74,1091.86,1386.11
Artiodactyla,Suidae,Sus,cebifrons,sus cebifrons,2.00,190792.30,-999.00,1349.99,-999.00,-999.00,-999.00,-999.00,6.00,-999.00,125.14,-999.00,-999.00,-999.00,-999.00,4.58,1.00,-999.00,-999.00,-999.00,-999.00,-999.00,283.18,4.50,12,-999.00,2,105.85,-999.00,-999.00,2152;2180,-999.00,-999.00,-999.00,-999.00,27761.56,12.60,9.03,10.82,124.07,121.84,122.96,103,266.95,118.00,0.08,160.41,254.91,1479.27,1759.33
Artiodactyla,Suidae,Sus,celebensis,sus celebensis,2.00,53813.21,-999.00,-999.00,-999.00,-999.00,-999.00,-999.00,5.00,-999.00,126.00,-999.00,-999.00,-999.00,-999.00,3.24,-999.00,-999.00,-999.00,-999.00,-999.00,-999.00,-999.00,-999.00,12,-999.00,2,-999.00,-999.00,-999.00,2180,-999.00,-999.00,-999.00,-999.00,173576.36,1.75,-6.49,-2.37,125.29,118.75,122.02,17,94.75,17.00,0.08,229.41,215.47,1812.60,1909.15
Artiodactyla,Suidae,Sus,oliveri,sus oliveri,-999.00,-999.00,-999.00,-999.00,-999.00,-999.00,-999.00,-999.00,-999.00,-999.00,-999.00,-999.00,-999.00,-999.00,-999.00,-999.00,-999.00,-999.00,-999.00,-999.00,-999.00,-999.00,-999.00,-999.00,-999,-999.00,-999,-999.00,-999.00,-999.00,-999,-999.00,-999.00,-999.00,-999.00,-999.00,-999.00,-999.00,-999.00,-999.00,-999.00,-999.00,-999,-999.00,-999.00,-999.00,-999.00,-999.00,-999.00,-999.00
Artiodactyla,Suidae,Sus,philippensis,sus philippensis,2.00,190792.30,-999.00,1349.99,-999.00,-999.00,-999.00,-999.00,6.00,-999.00,125.14,-999.00,-999.00,-999.00,-999.00,6.24,1.00,-999.00,-999.00,-999.00,-999.00,-999.00,283.18,3.75,12,-999.00,2,105.85,-999.00,-999.00,645;2152;2180,-999.00,-999.00,-999.00,-999.00,237934.97,18.65,5.55,12.10,126.60,119.74,123.17,19,225.88,33.00,0.10,208.67,240.84,1470.06,1728.00
Artiodactyla,Suidae,Sus,salvanius,sus salvanius,2.00,7974.13,-999.00,599.66,-999.00,-999.00,-999.00,-999.00,4.00,-999.00,110.50,1.00,0.15,-999.00,-999.00,3.66,-999.00,144.00,-999.00,-999.00,-999.00,-999.00,-999.00,5.00,9,1.00,2,-999.00,-999.00,-999.00,511;543;645;899;1297;1848;2180;2655,-999.00,-999.00,-999.00,-999.00,25728.78,27.06,26.33,26.70,93.44,87.93,90.69,37,339.50,44.00,0.09,162.48,203.49,1037.05,1239.08
Artiodactyla,Suidae,Sus,scrofa,sus scrofa,2.00,84471.54,-999.00,1349.99,-999.00,312.00,-999.00,-999.00,5.00,-999.00,115.20,-999.00,1.18,5.80,230.00,4.52,1.50,252.00,807.77,239.99,3.54,-999.00,350.76,13.00,11,-999.00,2,97.88,6469.99,419.99,136;506;543;645;679;730;789;1052;1297;1573;1594;1848;2180;2338;2620;2655,-999.00,-999.00,-999.00,-999.00,25951693.02,59.99,-8.78,25.60,138.36,-9.89,64.23,0,145.57,1.00,0.06,64.68,116.91,567.82,964.89
Artiodactyla,Suidae,Sus,verrucosus,sus verrucosus,-999.00,89406.23,-999.00,1250.00,-999.00,-999.00,-999.00,-999.00,3.00,-999.00,121.66,-999.00,-999.00,-999.00,-999.00,5.47,-999.00,168.00,-999.00,-999.00,-999.00,-999.00,-999.00,5.00,12,-999.00,2,-999.00,-999.00,-999.00,543;645;1015;1848;2180;2655,-999.00,-999.00,-999.00,-999.00,97964.63,-5.72,-8.78,-7.25,114.60,106.05,110.32,270,777.30,407.00,0.04,190.85,242.83,1361.71,1641.83
Chiroptera,Pteropodidae,Syconycteris,australis,syconycteris australis,-999.00,17.60,41.90,67.38,-999.00,-999.00,24.76,17.00,2.00,-999.00,-999.00,1.00,-999.00,-999.00,-999.00,1.00,2.00,-999.00,-999.00,-999.00,-999.00,-999.00,-999.00,1.00,-999,2.00,1,89.99,-999.00,-999.00,196;206;360;406;679;1067;1297;1334;1658;1746;1747;1752;1822;1950;2017;2143;2150;2151;2622;2655;2719;2744;3131,-999.00,-999.00,-999.00,-999.00,813131.41,0.04,-33.15,-16.55,154.28,125.99,140.13,0,11.69,0.00,0.10,198.72,221.73,1353.73,1645.94
Chiroptera,Pteropodidae,Syconycteris,carolinae,syconycteris carolinae,-999.00,39.67,60.16,-999.00,-999.00,-999.00,-999.00,-999.00,1.00,-999.00,-999.00,1.00,-999.00,-999.00,-999.00,-999.00,-999.00,-999.00,-999.00,-999.00,-999.00,-999.00,-999.00,-999.00,-999,2.00,1,-999.00,-999.00,-999.00,679;1658;2151;2501;2655,-999.00,-999.00,-999.00,-999.00,20131.34,2.22,-0.92,0.65,128.90,127.28,128.09,5,26.08,5.00,0.04,192.66,250.11,-999.00,-999.00
Chiroptera,Pteropodidae,Syconycteris,hobbit,syconycteris hobbit,-999.00,20.06,47.88,68.87,-999.00,-999.00,-999.00,-999.00,1.00,-999.00,-999.00,1.00,-999.00,-999.00,-999.00,0.98,-999.00,-999.00,-999.00,-999.00,-999.00,-999.00,-999.00,-999.00,-999,2.00,1,-999.00,-999.00,-999.00,406;1658;1752;1895;2017;2151;2655;3131,-999.00,-999.00,-999.00,-999.00,97642.01,-3.78,-7.77,-5.78,146.86,138.49,142.68,1,11.62,1.00,0.15,315.00,186.27,1673.09,1676.77
Artiodactyla,Bovidae,Sylvicapra,grimmia,sylvicapra grimmia,2.00,15639.15,-999.00,960.71,-999.00,608.33,-999.00,-999.00,4.00,-999.00,174.89,1.00,-999.00,-999.00,234.00,0.98,2.00,171.96,1581.45,-999.00,2.42,-999.00,293.14,1.00,4,1.00,1,60.83,4955.54,-999.00,543;730;869;1297;1525;1763;1848;2629;2655;2693;2986;3046,-999.00,-999.00,-999.00,-999.00,14120906.18,16.39,-34.83,-9.22,46.19,-17.53,14.33,0,33.95,1.00,0.13,80.82,227.72,847.89,1495.94
Lagomorpha,Leporidae,Sylvilagus,aquaticus,sylvilagus aquaticus,-999.00,2133.34,-999.00,457.55,2.50,-999.00,-999.00,-999.00,2.00,-999.00,37.24,1.00,0.01,0.01,-999.00,3.00,2.94,-999.00,55.70,-999.00,82.44,-999.00,154.71,-999.00,8,1.00,1,20.88,-999.00,-999.00,95;594;596;1237;1297;1363;1419;1573;1594;1824;2124;2151;2314;2655;2675;2773;2856,-999.00,-999.00,-999.00,-999.00,884825.38,37.97,28.32,33.14,-82.77,-98.35,-90.56,1,39.82,5.00,0.05,99.29,178.15,974.41,1116.57
Lagomorpha,Leporidae,Sylvilagus,audubonii,sylvilagus audubonii,-999.00,880.88,-999.00,325.24,-999.00,-999.00,437.73,672.40,2.00,-999.00,28.00,1.00,0.03,0.03,-999.00,3.00,-999.00,-999.00,34.36,80.00,290.00,-999.00,90.70,-999.00,-999,1.00,1,24.50,-999.00,-999.00,592;596;730;802;1297;1822;2124;2151;2655;2685;2743,-999.00,-999.00,-999.00,-999.00,3671590.57,48.42,18.72,33.57,-97.41,-123.12,-110.26,0,29.06,0.00,0.09,31.66,130.60,472.85,1042.81
Lagomorpha,Leporidae,Sylvilagus,bachmani,sylvilagus bachmani,1.00,714.53,-999.00,303.78,-999.00,-999.00,-999.00,-999.00,3.00,-999.00,27.00,2.00,2.2227e-03,2.828355e-03,29.50,3.35,4.50,-999.00,27.25,-999.00,568.00,-999.00,-999.00,-999.00,8,1.00,1,16.27,-999.00,-999.00,95;585;586;587;588;596;667;730;1297;2124;2151;2314;2655;3135,-999.00,-999.00,-999.00,-999.00,417293.45,46.18,22.86,34.52,-109.39,-124.56,-116.97,1,78.91,1.00,0.09,45.60,129.20,370.75,1008.33
Lagomorpha,Leporidae,Sylvilagus,brasiliensis,sylvilagus brasiliensis,2.00,986.74,-999.00,363.29,-999.00,-999.00,-999.00,-999.00,1.00,-999.00,42.50,1.00,-999.00,-999.00,-999.00,1.90,4.70,-999.00,-999.00,-999.00,3.54,-999.00,99.18,1.00,6,1.00,1,26.30,-999.00,-999.00,95;596;730;905;1136;1297;2124;2151;2314;2655,-999.00,-999.00,-999.00,-999.00,10234916.71,22.76,-29.38,-3.30,-34.79,-99.43,-67.11,0,30.44,0.00,0.11,137.67,229.99,1217.10,1472.94
Lagomorpha,Leporidae,Sylvilagus,cognatus,sylvilagus cognatus,-999.00,-999.00,-999.00,385.99,-999.00,-999.00,-999.00,-999.00,-999.00,-999.00,-999.00,-999.00,-999.00,-999.00,-999.00,-999.00,-999.00,-999.00,-999.00,-999.00,-999.00,-999.00,-999.00,-999.00,-999,-999.00,-999,-999.00,-999.00,-999.00,2124,1532.15,-999.00,-999.00,-999.00,2477.48,35.37,34.41,34.89,-106.09,-106.51,-106.30,1,11.96,1.00,0.12,21.81,103.61,412.88,1056.47
Lagomorpha,Leporidae,Sylvilagus,cunicularius,sylvilagus cunicularius,2.00,2489.54,-999.00,435.98,-999.00,-999.00,-999.00,-999.00,2.00,-999.00,30.00,1.00,-999.00,-999.00,-999.00,3.71,-999.00,-999.00,-999.00,-999.00,-999.00,-999.00,-999.00,-999.00,-999,1.00,1,-999.00,-999.00,-999.00,572;596;802;1297;2124;2151;2655,-999.00,-999.00,-999.00,-999.00,329697.97,23.99,15.64,19.81,-95.91,-106.69,-101.30,4,110.96,9.00,0.07,91.17,194.58,888.96,1512.31
Lagomorpha,Leporidae,Sylvilagus,dicei,sylvilagus dicei,-999.00,-999.00,-999.00,374.48,-999.00,-999.00,-999.00,-999.00,2.00,-999.00,30.41,1.00,-999.00,-999.00,-999.00,4.50,-999.00,108.00,-999.00,-999.00,-999.00,1.00,-999.00,-999.00,-999,1.00,1,31.32,-999.00,-999.00,1015;1136;2151,1403.92,-999.00,-999.00,-999.00,20643.01,10.55,8.63,9.59,-82.54,-84.67,-83.60,13,72.41,13.00,0.15,274.02,248.14,1391.73,1748.72
Lagomorpha,Leporidae,Sylvilagus,floridanus,sylvilagus floridanus,2.00,1207.19,-999.00,371.00,-999.00,-999.00,-999.00,-999.00,2.00,-999.00,27.00,1.00,0.01,0.01,30.45,4.62,4.81,108.00,34.15,112.91,680.83,-999.00,106.05,-999.00,8,1.00,1,22.78,112.00,-999.00,95;543;593;596;730;802;1004;1136;1237;1297;1573;1577;1824;1849;1869;2124;2151;2314;2338;2570;2655;2866;2867,-999.00,-999.00,-999.00,-999.00,7216258.28,52.18,4.16,28.17,-61.84,-123.10,-92.47,0,53.72,1.00,0.06,74.16,152.67,808.31,1097.30
Lagomorpha,Leporidae,Sylvilagus,graysoni,sylvilagus graysoni,-999.00,964.01,-999.00,428.60,-999.00,-999.00,-999.00,-999.00,-999.00,-999.00,-999.00,1.00,-999.00,-999.00,-999.00,-999.00,-999.00,-999.00,-999.00,-999.00,-999.00,-999.00,-999.00,-999.00,-999,1.00,-999,-999.00,-999.00,-999.00,802;2124;2151;2655,-999.00,-999.00,-999.00,-999.00,417.37,21.81,21.25,21.53,-106.20,-106.69,-106.45,7,7.00,7.00,0.00,-999.00,-999.00,-999.00,-999.00
Lagomorpha,Leporidae,Sylvilagus,insonus,sylvilagus insonus,-999.00,2999.98,-999.00,392.49,-999.00,-999.00,-999.00,-999.00,-999.00,-999.00,-999.00,1.00,-999.00,-999.00,-999.00,-999.00,-999.00,-999.00,-999.00,-999.00,-999.00,-999.00,-999.00,-999.00,-999,1.00,-999,-999.00,-999.00,-999.00,576;2151;2655,-999.00,-999.00,-999.00,-999.00,5755.87,17.77,17.00,17.38,-99.41,-100.22,-99.82,17,55.36,17.00,0.09,110.83,192.34,836.17,1668.05
Lagomorpha,Leporidae,Sylvilagus,mansuetus,sylvilagus mansuetus,-999.00,-999.00,-999.00,294.99,-999.00,-999.00,-999.00,-999.00,-999.00,-999.00,-999.00,1.00,-999.00,-999.00,-999.00,-999.00,-999.00,-999.00,-999.00,-999.00,-999.00,-999.00,-999.00,-999.00,-999,1.00,-999,-999.00,-999.00,-999.00,2124;2151;2840,705.00,-999.00,-999.00,-999.00,170.04,25.09,24.87,24.98,-110.53,-110.71,-110.62,7,10.50,7.00,0.08,13.00,206.00,-999.00,-999.00
Lagomorpha,Leporidae,Sylvilagus,nuttallii,sylvilagus nuttallii,-999.00,801.54,-999.00,324.46,-999.00,-999.00,-999.00,-999.00,1.00,-999.00,28.24,2.00,-999.00,-999.00,-999.00,4.79,3.50,-999.00,-999.00,-999.00,86.25,-999.00,102.04,-999.00,-999,2.00,1,31.26,-999.00,-999.00,590;596;730;1004;1297;2124;2151;2321;2655;2933,-999.00,-999.00,-999.00,-999.00,2068232.49,50.68,33.68,42.18,-102.58,-123.10,-112.84,0,5.16,0.00,0.08,28.63,61.48,363.82,811.78
Lagomorpha,Leporidae,Sylvilagus,obscurus,sylvilagus obscurus,-999.00,-999.00,-999.00,-999.00,-999.00,-999.00,-999.00,-999.00,-999.00,-999.00,-999.00,-999.00,-999.00,-999.00,-999.00,-999.00,-999.00,-999.00,-999.00,-999.00,-999.00,-999.00,-999.00,-999.00,-999,-999.00,-999,-999.00,-999.00,-999.00,-999,-999.00,-999.00,-999.00,-999.00,126801.20,41.73,33.49,37.61,-75.60,-87.23,-81.42,3,52.56,11.00,0.05,93.74,132.77,865.56,908.72
Lagomorpha,Leporidae,Sylvilagus,palustris,sylvilagus palustris,1.00,1355.23,-999.00,401.80,-999.00,-999.00,-999.00,-999.00,2.00,-999.00,33.46,1.00,0.03,0.02,-999.00,2.96,6.00,-999.00,-999.00,-999.00,-999.00,-999.00,180.00,-999.00,8,1.00,1,-999.00,-999.00,-999.00,95;596;1237;1297;1364;1573;2124;2151;2655;2933,-999.00,-999.00,-999.00,-999.00,360038.77,37.20,24.94,31.07,-75.71,-87.09,-81.40,0,79.55,5.00,0.08,104.53,193.10,1085.84,1200.19
Lagomorpha,Leporidae,Sylvilagus,robustus,sylvilagus robustus,-999.00,-999.00,-999.00,394.20,-999.00,-999.00,-999.00,-999.00,-999.00,-999.00,-999.00,-999.00,-999.00,-999.00,-999.00,-999.00,-999.00,-999.00,-999.00,-999.00,-999.00,-999.00,-999.00,-999.00,-999,-999.00,-999,-999.00,-999.00,-999.00,2124,1628.13,-999.00,-999.00,-999.00,89282.05,32.41,28.46,30.44,-102.73,-106.33,-104.53,0,7.76,0.00,0.13,26.23,188.65,371.45,1159.66
Lagomorpha,Leporidae,Sylvilagus,transitionalis,sylvilagus transitionalis,2.00,813.51,-999.00,362.99,-999.00,-999.00,-999.00,-999.00,3.00,-999.00,28.00,1.00,4.289748e-03,5.217085e-03,-999.00,4.41,-999.00,-999.00,-999.00,-999.00,-999.00,-999.00,-999.00,-999.00,-999,1.00,1,15.95,-999.00,-999.00,591;596;1237;1297;2124;2151;2655,-999.00,-999.00,-999.00,-999.00,73236.48,44.77,40.96,42.87,-69.02,-73.86,-71.44,8,263.34,10.00,8.98509171836224e-03,86.14,76.66,620.77,704.39
Lagomorpha,Leporidae,Sylvilagus,varynaensis,sylvilagus varynaensis,-999.00,-999.00,-999.00,-999.00,-999.00,-999.00,-999.00,-999.00,-999.00,-999.00,-999.00,-999.00,-999.00,-999.00,-999.00,-999.00,-999.00,-999.00,-999.00,-999.00,-999.00,-999.00,-999.00,-999.00,-999,-999.00,-999,-999.00,-999.00,-999.00,-999,-999.00,-999.00,-999.00,-999.00,119709.14,10.02,7.28,8.65,-64.79,-71.84,-68.31,1,19.57,3.00,0.13,113.64,254.56,1236.38,1667.66
Soricomorpha,Soricidae,Sylvisorex,camerunensis,sylvisorex camerunensis,-999.00,-999.00,-999.00,-999.00,-999.00,-999.00,-999.00,-999.00,-999.00,-999.00,-999.00,-999.00,-999.00,-999.00,-999.00,-999.00,-999.00,-999.00,-999.00,-999.00,-999.00,-999.00,-999.00,-999.00,-999,-999.00,-999,-999.00,-999.00,-999.00,-999,-999.00,-999.00,-999.00,-999.00,-999.00,-999.00,-999.00,-999.00,-999.00,-999.00,-999.00,-999,-999.00,-999.00,-999.00,-999.00,-999.00,-999.00,-999.00
Soricomorpha,Soricidae,Sylvisorex,granti,sylvisorex granti,-999.00,-999.00,-999.00,-999.00,-999.00,-999.00,-999.00,-999.00,-999.00,-999.00,-999.00,-999.00,-999.00,-999.00,-999.00,1.78,-999.00,-999.00,-999.00,-999.00,404.79,-999.00,-999.00,-999.00,-999,-999.00,-999,-999.00,-999.00,-999.00,730;1297,-999.00,-999.00,-999.00,-999.00,215046.63,1.68,-3.38,-0.85,38.00,28.50,33.25,5,135.58,10.00,0.15,85.53,194.48,1158.57,1517.83
Soricomorpha,Soricidae,Sylvisorex,howelli,sylvisorex howelli,-999.00,-999.00,-999.00,-999.00,-999.00,-999.00,-999.00,-999.00,-999.00,-999.00,-999.00,-999.00,-999.00,-999.00,-999.00,-999.00,-999.00,-999.00,-999.00,-999.00,-999.00,-999.00,-999.00,-999.00,-999,-999.00,-999,-999.00,-999.00,-999.00,-999,-999.00,-999.00,-999.00,-999.00,9854.66,-4.59,-7.42,-6.00,38.77,37.07,37.92,16,41.60,16.00,0.14,102.29,233.24,1027.83,1524.36
Soricomorpha,Soricidae,Sylvisorex,isabellae,sylvisorex isabellae,-999.00,-999.00,-999.00,-999.00,-999.00,-999.00,-999.00,-999.00,-999.00,-999.00,-999.00,-999.00,-999.00,-999.00,-999.00,-999.00,-999.00,-999.00,-999.00,-999.00,-999.00,-999.00,-999.00,-999.00,-999,-999.00,-999,-999.00,-999.00,-999.00,-999,-999.00,-999.00,-999.00,-999.00,1953.16,3.78,3.20,3.49,8.93,8.42,8.68,10,37.65,10.00,0.15,-999.00,-999.00,-999.00,-999.00
Soricomorpha,Soricidae,Sylvisorex,johnstoni,sylvisorex johnstoni,-999.00,3.19,-999.00,53.07,-999.00,-999.00,-999.00,-999.00,-999.00,-999.00,-999.00,-999.00,-999.00,-999.00,-999.00,-999.00,-999.00,-999.00,-999.00,-999.00,-999.00,-999.00,-999.00,-999.00,-999,-999.00,-999,-999.00,-999.00,-999.00,1743;2399,-999.00,-999.00,-999.00,-999.00,1900856.05,5.60,-4.38,0.60,30.37,8.42,19.39,0,21.21,1.00,0.12,152.70,241.40,1422.95,1561.27
Soricomorpha,Soricidae,Sylvisorex,konganensis,sylvisorex konganensis,-999.00,5.15,-999.00,-999.00,-999.00,-999.00,-999.00,-999.00,-999.00,-999.00,-999.00,-999.00,-999.00,-999.00,-999.00,-999.00,-999.00,-999.00,-999.00,-999.00,-999.00,-999.00,-999.00,-999.00,-999,-999.00,-999,-999.00,-999.00,-999.00,2399,-999.00,-999.00,-999.00,-999.00,-999.00,-999.00,-999.00,-999.00,-999.00,-999.00,-999.00,-999,-999.00,-999.00,-999.00,-999.00,-999.00,-999.00,-999.00
Soricomorpha,Soricidae,Sylvisorex,lunaris,sylvisorex lunaris,-999.00,18.78,-999.00,-999.00,-999.00,-999.00,-999.00,-999.00,-999.00,-999.00,-999.00,-999.00,-999.00,-999.00,-999.00,2.69,-999.00,-999.00,-999.00,-999.00,840.59,-999.00,-999.00,-999.00,-999,-999.00,-999,-999.00,-999.00,-999.00,730;1297;2655,-999.00,-999.00,-999.00,-999.00,116023.14,0.64,-4.21,-1.78,31.07,28.07,29.57,9,137.77,17.00,0.12,103.68,192.77,1332.56,1509.19
Soricomorpha,Soricidae,Sylvisorex,morio,sylvisorex morio,-999.00,-999.00,-999.00,-999.00,-999.00,-999.00,-999.00,-999.00,-999.00,-999.00,-999.00,-999.00,-999.00,-999.00,-999.00,1.99,-999.00,-999.00,-999.00,-999.00,-999.00,-999.00,-999.00,-999.00,-999,-999.00,-999,-999.00,-999.00,-999.00,1297,-999.00,-999.00,-999.00,-999.00,772.25,4.35,4.06,4.20,9.34,9.06,9.20,120,120.00,120.00,0.14,303.00,214.00,1279.00,1644.00
Soricomorpha,Soricidae,Sylvisorex,ollula,sylvisorex ollula,-999.00,16.59,-999.00,83.54,-999.00,-999.00,-999.00,-999.00,-999.00,-999.00,-999.00,-999.00,-999.00,-999.00,-999.00,-999.00,-999.00,-999.00,-999.00,-999.00,-999.00,-999.00,-999.00,-999.00,-999,-999.00,-999,-999.00,-999.00,-999.00,1743;2399,-999.00,-999.00,-999.00,-999.00,646814.06,6.16,-3.10,1.52,17.39,7.98,12.68,0,18.66,1.00,0.06,166.40,243.66,1331.91,1510.71
Soricomorpha,Soricidae,Sylvisorex,oriundus,sylvisorex oriundus,-999.00,-999.00,-999.00,-999.00,-999.00,-999.00,-999.00,-999.00,-999.00,-999.00,-999.00,-999.00,-999.00,-999.00,-999.00,-999.00,-999.00,-999.00,-999.00,-999.00,-999.00,-999.00,-999.00,-999.00,-999,-999.00,-999,-999.00,-999.00,-999.00,-999,-999.00,-999.00,-999.00,-999.00,40446.36,2.87,1.35,2.11,30.11,27.00,28.56,3,23.82,3.00,0.12,139.82,229.30,1513.00,1685.26
Soricomorpha,Soricidae,Sylvisorex,pluvialis,sylvisorex pluvialis,-999.00,-999.00,-999.00,-999.00,-999.00,-999.00,-999.00,-999.00,-999.00,-999.00,-999.00,-999.00,-999.00,-999.00,-999.00,-999.00,-999.00,-999.00,-999.00,-999.00,-999.00,-999.00,-999.00,-999.00,-999,-999.00,-999,-999.00,-999.00,-999.00,-999,-999.00,-999.00,-999.00,-999.00,-999.00,-999.00,-999.00,-999.00,-999.00,-999.00,-999.00,-999,-999.00,-999.00,-999.00,-999.00,-999.00,-999.00,-999.00
Soricomorpha,Soricidae,Sylvisorex,vulcanorum,sylvisorex vulcanorum,-999.00,3.49,-999.00,-999.00,-999.00,-999.00,-999.00,-999.00,-999.00,-999.00,-999.00,-999.00,-999.00,-999.00,-999.00,-999.00,-999.00,-999.00,-999.00,-999.00,-999.00,-999.00,-999.00,-999.00,-999,-999.00,-999,-999.00,-999.00,-999.00,2655,-999.00,-999.00,-999.00,-999.00,4435.24,-1.38,-2.57,-1.98,29.63,29.02,29.32,133,237.85,133.00,-0.08,93.57,168.28,1264.88,1474.55
Primates,Hylobatidae,Symphalangus,syndactylus,symphalangus syndactylus,3.00,10839.00,-999.00,824.99,-999.00,3255.80,-999.00,-999.00,4.00,-999.00,230.66,-999.00,0.22,0.32,1003.75,1.02,-999.00,456.00,517.00,-999.00,4.99,-999.00,3788.23,3.80,-999,-999.00,2,635.38,-999.00,-999.00,208;526;543;610;730;954;1297;1544;1547;1768;1848;2344;2453;2489;2493;2655;2660;2986,-999.00,0.66,-999.00,-999.00,113063.05,5.65,-5.36,0.14,104.91,96.52,100.71,7,97.72,16.00,0.11,226.72,241.68,1676.52,1761.04
Rodentia,Cricetidae,Synaptomys,borealis,synaptomys borealis,-999.00,21.30,-999.00,-999.00,-999.00,-999.00,-999.00,-999.00,-999.00,-999.00,-999.00,-999.00,-999.00,-999.00,-999.00,4.27,-999.00,-999.00,-999.00,-999.00,-999.00,-999.00,-999.00,-999.00,-999,-999.00,-999,-999.00,-999.00,-999.00,1297;2655,-999.00,-999.00,-999.00,-999.00,6756964.88,68.46,43.20,55.83,-55.61,-166.19,-110.90,0,2.29,0.00,0.03,46.85,-36.39,312.23,349.47
Rodentia,Cricetidae,Synaptomys,cooperi,synaptomys cooperi,-999.00,28.01,-999.00,105.50,11.25,-999.00,-999.00,-999.00,4.00,-999.00,23.30,-999.00,8.47162e-04,1.2e-03,-999.00,3.09,2.75,30.00,3.15,-999.00,1144.96,-999.00,-999.00,-999.00,-999,-999.00,1,20.41,20.00,-999.00,543;668;693;730;1297;1573;1797;2655;2717,-999.00,-999.00,-999.00,-999.00,3222697.98,51.30,34.67,42.99,-59.79,-101.54,-80.67,0,51.41,0.00,0.02,71.01,70.36,628.74,692.56
Artiodactyla,Bovidae,Syncerus,caffer,syncerus caffer,2.00,592665.98,-999.00,2525.86,-999.00,1460.00,-999.00,-999.00,1.00,-999.00,337.49,1.00,63.73,59.79,638.75,1.08,1.00,354.00,39843.11,-999.00,5.84,3000.00,1683.65,12.00,-999,1.00,1,319.37,151878.40,-999.00,543;730;854;869;904;1297;1525;1573;1763;1848;2338;2620;2629;2655;2986,-999.00,-999.00,-999.00,-999.00,11706834.65,15.85,-33.51,-8.82,43.95,-14.48,14.73,0,31.59,1.00,0.14,100.45,237.80,1004.99,1548.94
Rodentia,Sciuridae,Syntheosciurus,brochus,syntheosciurus brochus,2.00,-999.00,-999.00,162.00,-999.00,-999.00,-999.00,-999.00,3.00,-999.00,-999.00,2.00,-999.00,-999.00,-999.00,-999.00,-999.00,-999.00,-999.00,-999.00,-999.00,-999.00,-999.00,2.00,-999,2.00,1,-999.00,-999.00,-999.00,905;1107;2151;2992,124.94,-999.00,-999.00,-999.00,14181.81,10.41,8.62,9.51,-82.33,-84.33,-83.33,9,78.47,9.00,0.11,241.53,251.58,1424.04,1755.00
Monotremata,Tachyglossidae,Tachyglossus,aculeatus,tachyglossus aculeatus,2.00,4499.97,-999.00,375.00,-999.00,-999.00,414.04,2860.00,1.00,-999.00,17.72,2.00,0.44,0.62,1277.50,1.00,-999.00,600.00,0.37,-999.00,-999.00,-999.00,556.85,1.00,-999,1.00,3,170.08,620.83,-999.00,3;4;543;966;1180;1186;1187;1297;1573;1822;1848;1947;1991;2152;2452;2484;2655,-999.00,0.58,-999.00,-999.00,7829490.16,-0.89,-43.64,-22.26,153.63,113.14,133.39,0,3.53,0.00,0.04,44.83,209.86,476.82,1350.04
Rodentia,Spalacidae,Tachyoryctes,ankoliae,tachyoryctes ankoliae,-999.00,-999.00,-999.00,-999.00,-999.00,-999.00,-999.00,-999.00,-999.00,-999.00,-999.00,-999.00,-999.00,-999.00,-999.00,-999.00,-999.00,-999.00,-999.00,-999.00,-999.00,-999.00,-999.00,-999.00,-999,-999.00,-999,-999.00,-999.00,-999.00,-999,-999.00,-999.00,-999.00,-999.00,7394.18,-0.06,-0.90,-0.48,30.99,30.13,30.56,73,136.74,73.00,0.16,78.50,203.00,1283.00,1444.50
Rodentia,Spalacidae,Tachyoryctes,annectens,tachyoryctes annectens,-999.00,-999.00,-999.00,-999.00,-999.00,-999.00,-999.00,-999.00,-999.00,-999.00,-999.00,-999.00,-999.00,-999.00,-999.00,-999.00,-999.00,-999.00,-999.00,-999.00,-999.00,-999.00,-999.00,-999.00,-999,-999.00,-999,-999.00,-999.00,-999.00,-999,-999.00,-999.00,-999.00,-999.00,4773.98,-0.14,-0.83,-0.48,36.86,36.05,36.46,77,178.49,77.00,0.17,59.75,141.99,1030.24,1498.24
Rodentia,Spalacidae,Tachyoryctes,audax,tachyoryctes audax,-999.00,-999.00,-999.00,-999.00,-999.00,-999.00,-999.00,-999.00,-999.00,-999.00,-999.00,-999.00,-999.00,-999.00,-999.00,-999.00,-999.00,-999.00,-999.00,-999.00,-999.00,-999.00,-999.00,-999.00,-999,-999.00,-999,-999.00,-999.00,-999.00,-999,-999.00,-999.00,-999.00,-999.00,4787.22,-0.11,-0.85,-0.48,36.89,36.15,36.52,77,178.49,77.00,0.17,59.75,141.99,1030.24,1498.24
Rodentia,Spalacidae,Tachyoryctes,daemon,tachyoryctes daemon,-999.00,-999.00,-999.00,-999.00,-999.00,-999.00,-999.00,-999.00,-999.00,-999.00,-999.00,-999.00,-999.00,-999.00,-999.00,-999.00,-999.00,-999.00,-999.00,-999.00,-999.00,-999.00,-999.00,-999.00,-999,-999.00,-999,-999.00,-999.00,-999.00,-999,-999.00,-999.00,-999.00,-999.00,23196.34,-1.02,-3.85,-2.44,37.62,30.93,34.27,12,69.81,12.00,0.14,93.76,204.55,1032.10,1535.61
Rodentia,Spalacidae,Tachyoryctes,ibeanus,tachyoryctes ibeanus,-999.00,-999.00,-999.00,-999.00,-999.00,-999.00,-999.00,-999.00,-999.00,-999.00,-999.00,-999.00,-999.00,-999.00,-999.00,-999.00,-999.00,-999.00,-999.00,-999.00,-999.00,-999.00,-999.00,-999.00,-999,-999.00,-999,-999.00,-999.00,-999.00,-999,-999.00,-999.00,-999.00,-999.00,145588.45,0.84,-4.11,-1.63,37.75,33.80,35.77,5,131.65,9.00,0.19,72.04,196.69,1052.45,1550.73
Rodentia,Spalacidae,Tachyoryctes,macrocephalus,tachyoryctes macrocephalus,3.00,621.88,-999.00,209.00,-999.00,-999.00,-999.00,-999.00,2.00,-999.00,-999.00,2.00,-999.00,-999.00,-999.00,1.00,-999.00,-999.00,-999.00,-999.00,6299.99,-999.00,-999.00,1.00,-999,1.00,1,-999.00,-999.00,-999.00,2655;3096,-999.00,-999.00,-999.00,-999.00,11453.57,7.89,6.21,7.05,39.91,39.21,39.56,8,57.45,8.00,0.14,69.99,15.53,978.38,1411.87
Rodentia,Spalacidae,Tachyoryctes,naivashae,tachyoryctes naivashae,-999.00,-999.00,-999.00,-999.00,-999.00,-999.00,-999.00,-999.00,-999.00,-999.00,-999.00,-999.00,-999.00,-999.00,-999.00,-999.00,-999.00,-999.00,-999.00,-999.00,-999.00,-999.00,-999.00,-999.00,-999,-999.00,-999,-999.00,-999.00,-999.00,-999,-999.00,-999.00,-999.00,-999.00,16998.77,-0.60,-1.96,-1.28,37.90,36.07,36.99,15,176.31,15.00,0.17,59.60,194.29,988.20,1569.29
Rodentia,Spalacidae,Tachyoryctes,rex,tachyoryctes rex,-999.00,-999.00,-999.00,-999.00,-999.00,-999.00,-999.00,-999.00,-999.00,-999.00,-999.00,-999.00,-999.00,-999.00,-999.00,-999.00,-999.00,-999.00,-999.00,-999.00,-999.00,-999.00,-999.00,-999.00,-999,-999.00,-999,-999.00,-999.00,-999.00,-999,-999.00,-999.00,-999.00,-999.00,10308.67,0.56,-0.44,0.06,38.36,37.14,37.75,11,87.37,11.00,0.15,54.24,213.62,894.87,1495.00
Rodentia,Spalacidae,Tachyoryctes,ruandae,tachyoryctes ruandae,-999.00,-999.00,-999.00,-999.00,-999.00,-999.00,-999.00,-999.00,-999.00,-999.00,48.63,-999.00,-999.00,-999.00,-999.00,1.40,-999.00,-999.00,20.00,-999.00,-999.00,-999.00,-999.00,-999.00,-999,-999.00,-999,-999.00,-999.00,-999.00,2360;2361,-999.00,-999.00,-999.00,-999.00,45270.89,-1.23,-3.98,-2.60,31.02,28.31,29.67,29,178.85,30.00,0.06,97.93,184.07,1306.79,1501.56
Rodentia,Spalacidae,Tachyoryctes,ruddi,tachyoryctes ruddi,-999.00,-999.00,-999.00,-999.00,-999.00,-999.00,-999.00,-999.00,-999.00,-999.00,-999.00,-999.00,-999.00,-999.00,-999.00,-999.00,-999.00,-999.00,-999.00,-999.00,-999.00,-999.00,-999.00,-999.00,-999,-999.00,-999,-999.00,-999.00,-999.00,-999,-999.00,-999.00,-999.00,-999.00,45438.46,1.50,-0.93,0.28,35.92,33.74,34.83,16,227.31,60.00,0.16,98.00,194.13,1236.82,1530.45
Rodentia,Spalacidae,Tachyoryctes,spalacinus,tachyoryctes spalacinus,-999.00,-999.00,-999.00,-999.00,-999.00,-999.00,-999.00,-999.00,-999.00,-999.00,-999.00,-999.00,-999.00,-999.00,-999.00,-999.00,-999.00,-999.00,-999.00,-999.00,-999.00,-999.00,-999.00,-999.00,-999,-999.00,-999,-999.00,-999.00,-999.00,-999,-999.00,-999.00,-999.00,-999.00,5845.53,-0.05,-0.94,-0.49,37.89,37.21,37.55,86,203.24,86.00,0.12,56.49,188.49,970.74,1519.99
Rodentia,Spalacidae,Tachyoryctes,splendens,tachyoryctes splendens,-999.00,227.13,-999.00,197.65,24.50,-999.00,154.22,196.50,-999.00,-999.00,39.01,-999.00,7.80443e-05,7.32194e-05,173.00,1.41,2.00,-999.00,15.00,57.50,3385.42,-999.00,137.21,1.00,-999,-999.00,-999,35.07,-999.00,-999.00,230;245;730;1297;1478;1479;1573;1822;1849;1944;2655,-999.00,-999.00,-999.00,-999.00,396020.93,13.99,5.02,9.50,44.40,35.71,40.05,3,84.71,6.00,0.13,78.44,177.58,917.23,1457.81
Rodentia,Spalacidae,Tachyoryctes,storeyi,tachyoryctes storeyi,-999.00,-999.00,-999.00,-999.00,-999.00,-999.00,-999.00,-999.00,-999.00,-999.00,-999.00,-999.00,-999.00,-999.00,-999.00,-999.00,-999.00,-999.00,-999.00,-999.00,-999.00,-999.00,-999.00,-999.00,-999,-999.00,-999,-999.00,-999.00,-999.00,-999,-999.00,-999.00,-999.00,-999.00,-999.00,-999.00,-999.00,-999.00,-999.00,-999.00,-999.00,-999,-999.00,-999.00,-999.00,-999.00,-999.00,-999.00,-999.00
Chiroptera,Molossidae,Tadarida,aegyptiaca,tadarida aegyptiaca,-999.00,17.63,49.99,75.00,-999.00,343.70,-999.00,-999.00,1.00,-999.00,85.52,1.00,-999.00,-999.00,-999.00,0.99,1.00,-999.00,3.00,-999.00,-999.00,36.00,298.14,-999.00,-999,2.00,3,60.41,-999.00,-999.00,196;288;679;1297;1384;1528;1558;1658;1860;2143;2151;2622;2655;2900;3023,-999.00,-999.00,-999.00,-999.00,12943262.93,37.09,-34.83,1.12,88.34,-8.11,40.11,0,81.44,0.00,0.11,54.06,223.30,606.46,1446.10
Chiroptera,Molossidae,Tadarida,australis,tadarida australis,-999.00,36.40,45.11,-999.00,-999.00,365.00,-999.00,-999.00,-999.00,-999.00,-999.00,1.00,-999.00,-999.00,-999.00,1.00,1.00,-999.00,4.53,40.04,-999.00,-999.00,-999.00,-999.00,-999,2.00,-999,-999.00,-999.00,-999.00,1297;1620;1658;1835;2143;2151;2622;2655,-999.00,-999.00,-999.00,-999.00,5602874.26,-19.11,-39.13,-29.12,153.63,113.14,133.39,0,3.78,0.00,0.03,29.51,196.90,362.06,1240.56
Chiroptera,Molossidae,Tadarida,brasiliensis,tadarida brasiliensis,-999.00,12.61,42.26,41.49,0.00,-999.00,13.44,11.20,1.00,-999.00,89.99,1.00,-999.00,-999.00,-999.00,1.11,1.00,180.00,3.19,33.78,-999.00,500500.00,400.26,-999.00,-999,2.00,3,54.24,11.52,-999.00,168;185;543;657;671;743;744;943;1006;1297;1334;1487;1507;1658;1685;1703;1705;1820;1948;2038;2143;2151;2209;2215;2606;2622;2655;2753;3022;3023,-999.00,-999.00,-999.00,-999.00,13978029.11,44.20,-41.72,1.23,-37.67,-124.55,-81.11,0,45.59,0.00,0.08,81.68,169.87,834.71,1242.13
Chiroptera,Molossidae,Tadarida,lobata,tadarida lobata,-999.00,-999.00,59.50,-999.00,-999.00,-999.00,-999.00,-999.00,-999.00,-999.00,-999.00,1.00,-999.00,-999.00,-999.00,-999.00,-999.00,-999.00,-999.00,-999.00,-999.00,-999.00,-999.00,-999.00,-999,2.00,-999,-999.00,-999.00,-999.00,1658;2151,30.39,-999.00,-999.00,-999.00,151632.30,1.94,-18.12,-8.08,37.70,27.91,32.80,2,99.95,8.00,0.17,72.41,200.52,935.18,1452.15
Chiroptera,Molossidae,Tadarida,teniotis,tadarida teniotis,-999.00,28.07,59.99,84.00,-999.00,-999.00,-999.00,-999.00,1.00,-999.00,-999.00,1.00,-999.00,-999.00,-999.00,0.98,-999.00,-999.00,-999.00,-999.00,-999.00,-999.00,-999.00,-999.00,-999,2.00,3,-999.00,-999.00,-999.00,679;1297;1658;1860;2151;2622;2655;3110,-999.00,-999.00,-999.00,-999.00,4732754.69,48.73,22.08,35.40,104.53,-18.16,43.18,0,86.80,4.00,0.08,52.12,116.05,450.08,1006.99
Chiroptera,Molossidae,Tadarida,ventralis,tadarida ventralis,-999.00,-999.00,63.99,-999.00,-999.00,-999.00,-999.00,-999.00,-999.00,-999.00,-999.00,1.00,-999.00,-999.00,-999.00,-999.00,-999.00,-999.00,-999.00,-999.00,-999.00,-999.00,-999.00,-999.00,-999,2.00,-999,-999.00,-999.00,-999.00,1658;2151,37.43,-999.00,-999.00,-999.00,2868079.80,11.79,-26.34,-7.27,39.45,25.79,32.62,0,51.32,3.00,0.14,81.08,212.72,929.83,1482.38
Rodentia,Muridae,Taeromys,arcuatus,taeromys arcuatus,-999.00,-999.00,-999.00,-999.00,-999.00,-999.00,-999.00,-999.00,-999.00,-999.00,-999.00,-999.00,-999.00,-999.00,-999.00,-999.00,-999.00,-999.00,-999.00,-999.00,-999.00,-999.00,-999.00,-999.00,-999,-999.00,-999,-999.00,-999.00,-999.00,-999,-999.00,-999.00,-999.00,-999.00,610.45,-3.47,-3.72,-3.60,121.39,121.14,121.26,36,36.00,36.00,0.10,239.00,187.99,-999.00,-999.00
Rodentia,Muridae,Taeromys,callitrichus,taeromys callitrichus,-999.00,-999.00,-999.00,-999.00,-999.00,-999.00,-999.00,-999.00,-999.00,-999.00,-999.00,-999.00,-999.00,-999.00,-999.00,-999.00,-999.00,-999.00,-999.00,-999.00,-999.00,-999.00,-999.00,-999.00,-999,-999.00,-999,-999.00,-999.00,-999.00,-999,-999.00,-999.00,-999.00,-999.00,110913.13,1.75,-4.89,-1.56,125.24,119.28,122.26,17,64.07,17.00,0.09,227.89,212.51,1815.99,1866.31
Rodentia,Muridae,Taeromys,celebensis,taeromys celebensis,-999.00,-999.00,-999.00,-999.00,-999.00,-999.00,-999.00,-999.00,-999.00,-999.00,-999.00,-999.00,-999.00,-999.00,-999.00,-999.00,-999.00,-999.00,-999.00,-999.00,-999.00,-999.00,-999.00,-999.00,-999,-999.00,-999,-999.00,-999.00,-999.00,-999,-999.00,-999.00,-999.00,-999.00,110913.13,1.75,-4.89,-1.56,125.24,119.28,122.26,17,64.07,17.00,0.09,227.89,212.51,1815.99,1866.31
Rodentia,Muridae,Taeromys,hamatus,taeromys hamatus,-999.00,-999.00,-999.00,-999.00,-999.00,-999.00,-999.00,-999.00,-999.00,-999.00,-999.00,-999.00,-999.00,-999.00,-999.00,-999.00,-999.00,-999.00,-999.00,-999.00,-999.00,-999.00,-999.00,-999.00,-999,-999.00,-999,-999.00,-999.00,-999.00,-999,-999.00,-999.00,-999.00,-999.00,241.59,-1.49,-1.65,-1.57,120.40,120.25,120.33,37,39.00,37.00,0.11,212.49,160.00,1799.49,1917.51
Rodentia,Muridae,Taeromys,microbullatus,taeromys microbullatus,-999.00,-999.00,-999.00,-999.00,-999.00,-999.00,-999.00,-999.00,-999.00,-999.00,-999.00,-999.00,-999.00,-999.00,-999.00,-999.00,-999.00,-999.00,-999.00,-999.00,-999.00,-999.00,-999.00,-999.00,-999,-999.00,-999,-999.00,-999.00,-999.00,-999,-999.00,-999.00,-999.00,-999.00,-999.00,-999.00,-999.00,-999.00,-999.00,-999.00,-999.00,-999,-999.00,-999.00,-999.00,-999.00,-999.00,-999.00,-999.00
Rodentia,Muridae,Taeromys,punicans,taeromys punicans,-999.00,-999.00,-999.00,-999.00,-999.00,-999.00,-999.00,-999.00,-999.00,-999.00,-999.00,-999.00,-999.00,-999.00,-999.00,-999.00,-999.00,-999.00,-999.00,-999.00,-999.00,-999.00,-999.00,-999.00,-999,-999.00,-999,-999.00,-999.00,-999.00,-999,-999.00,-999.00,-999.00,-999.00,153.67,-1.54,-1.66,-1.60,120.40,120.27,120.33,37,37.00,37.00,0.12,216.00,156.00,1816.00,1830.00
Rodentia,Muridae,Taeromys,taerae,taeromys taerae,-999.00,-999.00,-999.00,-999.00,-999.00,-999.00,-999.00,-999.00,-999.00,-999.00,-999.00,-999.00,-999.00,-999.00,-999.00,4.37,-999.00,-999.00,-999.00,-999.00,-999.00,-999.00,-999.00,-999.00,-999,-999.00,-999,-999.00,-999.00,-999.00,1297,-999.00,-999.00,-999.00,-999.00,191.74,1.40,1.26,1.33,125.01,124.87,124.94,109,109.00,109.00,0.00,225.00,231.00,-999.00,-999.00
Soricomorpha,Talpidae,Talpa,altaica,talpa altaica,-999.00,-999.00,-999.00,169.50,-999.00,-999.00,-999.00,-999.00,1.00,-999.00,288.95,2.00,-999.00,-999.00,-999.00,4.59,-999.00,-999.00,-999.00,-999.00,-999.00,-999.00,-999.00,-999.00,-999,1.00,3,-999.00,-999.00,-999.00,1297;2131;2741,142.38,-999.00,-999.00,-999.00,2903036.81,69.90,49.55,59.73,129.83,68.18,99.01,0,6.62,0.00,-2.18985967942909e-03,30.69,-45.18,326.10,369.36
Soricomorpha,Talpidae,Talpa,caeca,talpa caeca,2.00,71.08,-999.00,120.00,-999.00,-999.00,-999.00,-999.00,1.00,-999.00,-999.00,2.00,-999.00,-999.00,-999.00,-999.00,-999.00,-999.00,-999.00,-999.00,4999.99,1.00,-999.00,-999.00,-999,1.00,3,-999.00,-999.00,-999.00,2131;2655,-999.00,-999.00,-999.00,-999.00,101761.83,46.97,38.47,42.72,29.42,7.13,18.28,30,194.22,38.00,2.601319581528e-03,76.88,94.66,571.04,839.91
Soricomorpha,Talpidae,Talpa,caucasica,talpa caucasica,2.00,-999.00,-999.00,-999.00,-999.00,-999.00,-999.00,-999.00,1.00,-999.00,-999.00,2.00,-999.00,-999.00,-999.00,-999.00,-999.00,-999.00,-999.00,-999.00,-999.00,-999.00,-999.00,-999.00,-999,1.00,3,-999.00,-999.00,-999.00,2131,-999.00,-999.00,-999.00,-999.00,41455.61,45.24,41.37,43.30,48.18,40.04,44.11,14,61.45,15.00,0.05,47.08,29.35,579.32,686.57
Soricomorpha,Talpidae,Talpa,davidiana,talpa davidiana,2.00,-999.00,-999.00,140.00,-999.00,-999.00,-999.00,-999.00,2.00,-999.00,-999.00,1.00,-999.00,-999.00,-999.00,3.49,1.00,-999.00,-999.00,-999.00,-999.00,-999.00,-999.00,-999.00,-999,1.00,3,-999.00,-999.00,-999.00,1015,81.98,-999.00,-999.00,-999.00,393.16,35.86,35.64,35.75,47.27,47.04,47.15,48,48.00,48.00,0.11,41.00,125.00,376.00,973.00
Soricomorpha,Talpidae,Talpa,europaea,talpa europaea,2.00,87.53,-999.00,129.99,-999.00,365.00,-999.00,-999.00,1.00,-999.00,30.41,2.00,2.281811e-03,2.199765e-03,-999.00,3.89,1.00,84.00,3.24,-999.00,925.63,1.00,335.48,-999.00,8,1.00,3,32.49,51.49,-999.00,543;562;730;949;966;1033;1120;1129;1159;1277;1297;1338;1451;1573;1847;1848;2060;2080;2131;2338;2620;2655;2736;2737;2786,-999.00,-999.00,-999.00,-999.00,7114720.32,64.41,41.24,52.82,76.88,-6.23,35.32,0,83.71,1.00,1.89443871789175e-03,48.51,49.35,420.58,482.81
Soricomorpha,Talpidae,Talpa,levantis,talpa levantis,2.00,-999.00,-999.00,-999.00,-999.00,-999.00,-999.00,-999.00,1.00,-999.00,-999.00,2.00,-999.00,-999.00,-999.00,-999.00,-999.00,-999.00,-999.00,-999.00,-999.00,-999.00,-999.00,-999.00,-999,1.00,3,-999.00,-999.00,-999.00,2131,-999.00,-999.00,-999.00,-999.00,752785.91,46.18,34.94,40.56,52.39,23.97,38.18,9,107.50,25.00,0.03,53.81,80.01,498.66,870.84
Soricomorpha,Talpidae,Talpa,occidentalis,talpa occidentalis,2.00,49.47,-999.00,-999.00,-999.00,-999.00,-999.00,-999.00,1.00,-999.00,-999.00,2.00,-999.00,-999.00,-999.00,-999.00,-999.00,-999.00,-999.00,-999.00,-999.00,-999.00,371.03,-999.00,-999,1.00,3,-999.00,-999.00,-999.00,1491;2131,-999.00,-999.00,-999.00,-999.00,279204.96,43.79,36.01,39.90,-0.40,-9.46,-4.93,3,102.37,10.00,-4.02529151516131e-03,53.93,130.67,487.87,955.17
Soricomorpha,Talpidae,Talpa,romana,talpa romana,2.00,92.50,-999.00,145.45,-999.00,-999.00,-999.00,-999.00,1.00,-999.00,-999.00,2.00,2.738746e-03,2.302655e-03,-999.00,-999.00,-999.00,-999.00,-999.00,-999.00,1157.05,1.00,-999.00,-999.00,-999,1.00,3,-999.00,-999.00,-999.00,255;1573;1826;1827;1828;2131;2655,-999.00,-999.00,-999.00,-999.00,88832.74,43.31,37.91,40.61,18.51,11.39,14.95,50,258.83,73.00,3.67964363391667e-03,69.79,138.16,554.89,972.55
Soricomorpha,Talpidae,Talpa,stankovici,talpa stankovici,2.00,71.12,-999.00,-999.00,-999.00,-999.00,-999.00,-999.00,1.00,-999.00,-999.00,2.00,-999.00,-999.00,-999.00,-999.00,-999.00,-999.00,-999.00,-999.00,4999.99,1.00,-999.00,-999.00,-999,1.00,3,-999.00,-999.00,-999.00,2131,-999.00,-999.00,-999.00,-999.00,32002.56,42.46,39.24,40.85,22.73,19.22,20.97,30,72.82,31.00,8.83023426028495e-03,68.91,89.89,551.93,900.97
Pilosa,Myrmecophagidae,Tamandua,mexicana,tamandua mexicana,2.00,4178.51,-999.00,-999.00,-999.00,-999.00,910.00,4210.00,1.00,-999.00,163.24,3.00,0.22,0.25,-999.00,-999.00,1.00,114.00,-999.00,-999.00,4.84,-999.00,-999.00,1.00,-999,2.00,3,-999.00,-999.00,-999.00,543;730;889;890;966;1822;1848;1947;2051;2151;2655,-999.00,-999.00,-999.00,-999.00,1290178.01,22.77,-5.33,8.71,-71.57,-101.88,-86.73,2,70.37,4.00,0.13,148.02,234.99,1242.27,1617.86
Pilosa,Myrmecophagidae,Tamandua,tetradactyla,tamandua tetradactyla,2.00,4800.00,-999.00,559.33,-999.00,-999.00,897.75,3500.00,1.00,-999.00,160.00,2.00,2.72,3.02,-999.00,1.00,1.00,108.00,-999.00,-999.00,5.31,-999.00,-999.00,1.00,-999,2.00,3,-999.00,-999.00,-999.00,543;730;889;890;1297;1822;1848;1947;2051;2151;2431;2655,-999.00,-999.00,-999.00,-999.00,12531429.90,12.20,-32.33,-10.06,-34.79,-78.21,-56.50,0,21.26,0.00,0.11,148.14,239.73,1281.33,1504.42
Rodentia,Sciuridae,Tamias,alpinus,tamias alpinus,-999.00,36.54,-999.00,104.65,-999.00,-999.00,-999.00,-999.00,1.00,-999.00,-999.00,2.00,-999.00,-999.00,-999.00,4.50,-999.00,-999.00,-999.00,-999.00,-999.00,-999.00,-999.00,-999.00,-999,2.00,1,-999.00,-999.00,-999.00,643;1781;2655,-999.00,-999.00,-999.00,-999.00,8880.39,37.93,35.97,36.95,-118.13,-119.50,-118.82,1,2.81,1.00,0.18,51.65,38.30,333.21,1195.70
Rodentia,Sciuridae,Tamias,amoenus,tamias amoenus,-999.00,50.63,-999.00,118.06,31.50,365.00,96.27,57.10,7.00,-999.00,30.46,2.00,8.434861e-03,0.01,365.00,4.99,1.00,62.00,2.62,-999.00,152.81,-999.00,350.01,-999.00,-999,2.00,2,41.99,-999.00,-999.00,32;275;379;464;467;730;1215;1297;1573;1577;1578;1781;1822;1849;1977;2599;2600;2601;2655;2764;2831;2870,-999.00,-999.00,-999.00,-999.00,1102083.78,54.41,35.74,45.07,-109.33,-127.49,-118.41,0,11.52,0.00,0.09,41.42,48.78,354.53,732.20
Rodentia,Sciuridae,Tamias,bulleri,tamias bulleri,-999.00,100.00,-999.00,135.85,-999.00,-999.00,-999.00,-999.00,-999.00,-999.00,-999.00,1.00,-999.00,-999.00,-999.00,2.43,-999.00,-999.00,-999.00,-999.00,-999.00,-999.00,-999.00,-999.00,-999,1.00,-999,-999.00,-999.00,-999.00,32;207;1297;1781;2655,-999.00,-999.00,-999.00,-999.00,9834.59,23.86,22.57,23.21,-103.40,-104.58,-103.99,4,12.76,4.00,0.02,44.11,134.11,634.66,1288.28
Rodentia,Sciuridae,Tamias,canipes,tamias canipes,-999.00,70.20,-999.00,131.40,-999.00,-999.00,-999.00,-999.00,5.00,-999.00,-999.00,2.00,-999.00,-999.00,-999.00,3.88,1.00,-999.00,-999.00,-999.00,-999.00,-999.00,-999.00,-999.00,-999,2.00,2,-999.00,-999.00,-999.00,314;1781;2229;2655,-999.00,-999.00,-999.00,-999.00,18973.09,34.19,31.13,32.66,-104.50,-106.01,-105.26,0,1.49,0.00,0.03,23.35,133.91,383.99,1139.88
Rodentia,Sciuridae,Tamias,cinereicollis,tamias cinereicollis,-999.00,61.59,-999.00,128.00,-999.00,-999.00,-999.00,-999.00,6.00,-999.00,30.19,2.00,-999.00,-999.00,-999.00,4.89,1.00,-999.00,-999.00,-999.00,499.99,-999.00,-999.00,-999.00,-999,2.00,2,42.67,-999.00,-999.00,647;1297;1352;1781;2229;2655,-999.00,-999.00,-999.00,-999.00,74328.35,35.20,32.05,33.63,-106.25,-112.52,-109.39,0,12.82,0.00,0.17,28.88,133.11,420.70,1208.94
Rodentia,Sciuridae,Tamias,dorsalis,tamias dorsalis,3.00,63.66,-999.00,125.38,23.00,-999.00,-999.00,-999.00,5.00,-999.00,29.49,1.00,0.01,0.01,-999.00,4.99,1.00,-999.00,-999.00,-999.00,-999.00,-999.00,-999.00,-999.00,8,2.00,1,30.00,-999.00,-999.00,853;1215;1273;1297;1353;1781;1977;2655,-999.00,-999.00,-999.00,-999.00,633707.83,42.53,25.22,33.88,-105.13,-117.31,-111.22,0,10.76,0.00,0.14,24.41,116.88,407.56,1114.97
Rodentia,Sciuridae,Tamias,durangae,tamias durangae,-999.00,84.99,-999.00,133.91,-999.00,-999.00,-999.00,-999.00,-999.00,-999.00,-999.00,-999.00,-999.00,-999.00,-999.00,2.38,-999.00,-999.00,-999.00,-999.00,-999.00,-999.00,-999.00,-999.00,-999,-999.00,-999,-999.00,-999.00,-999.00,321;1781;2655,-999.00,-999.00,-999.00,-999.00,48090.07,26.42,23.16,24.79,-100.13,-107.03,-103.58,2,16.22,2.00,0.07,44.34,129.72,715.40,1262.64
Rodentia,Sciuridae,Tamias,merriami,tamias merriami,3.00,74.77,-999.00,133.95,-999.00,-999.00,78.75,75.00,5.00,-999.00,33.37,-999.00,-999.00,-999.00,-999.00,4.50,-999.00,-999.00,-999.00,-999.00,-999.00,-999.00,-999.00,-999.00,-999,-999.00,2,-999.00,-999.00,-999.00,330;1781;1822;2655,-999.00,-999.00,-999.00,-999.00,91618.34,38.68,32.41,35.54,-116.04,-122.51,-119.28,1,127.56,1.50,0.09,39.04,110.71,336.58,1156.49
Rodentia,Sciuridae,Tamias,minimus,tamias minimus,3.00,42.87,-999.00,111.56,27.00,-999.00,72.73,45.80,4.00,-999.00,29.19,3.00,0.01,0.01,365.00,4.95,1.00,75.96,2.27,39.32,221.91,-999.00,347.05,-999.00,8,2.00,2,37.71,-999.00,-999.00,32;75;275;730;808;998;999;1297;1573;1577;1781;1822;1849;1977;2134;2599;2600;2601;2630;2655;2941,-999.00,-999.00,-999.00,-999.00,5236816.00,66.37,34.57,50.47,-79.06,-139.69,-109.38,0,3.98,0.00,0.05,35.40,7.46,360.76,548.93
Rodentia,Sciuridae,Tamias,obscurus,tamias obscurus,3.00,72.99,-999.00,128.11,-999.00,-999.00,-999.00,-999.00,3.00,-999.00,-999.00,3.00,-999.00,-999.00,-999.00,3.49,-999.00,-999.00,-999.00,-999.00,-999.00,-999.00,-999.00,-999.00,-999,2.00,1,-999.00,-999.00,-999.00,331;1781;2655,-999.00,-999.00,-999.00,-999.00,18069.88,34.40,27.40,30.90,-113.00,-117.10,-115.05,1,33.63,1.00,0.13,15.57,134.59,278.01,1178.41
Rodentia,Sciuridae,Tamias,ochrogenys,tamias ochrogenys,-999.00,91.69,-999.00,151.04,-999.00,-999.00,-999.00,-999.00,3.00,-999.00,-999.00,-999.00,-999.00,-999.00,-999.00,-999.00,-999.00,-999.00,-999.00,-999.00,-999.00,-999.00,-999.00,-999.00,8,-999.00,2,-999.00,-999.00,-999.00,1042;1781;2655,-999.00,-999.00,-999.00,-999.00,9548.52,40.59,38.12,39.36,-122.72,-124.40,-123.56,2,28.60,2.00,0.02,68.08,104.97,378.07,1072.85
Rodentia,Sciuridae,Tamias,palmeri,tamias palmeri,3.00,60.74,-999.00,125.02,25.50,-999.00,113.12,69.40,5.00,-999.00,33.21,1.00,-999.00,-999.00,-999.00,3.93,1.00,-999.00,3.29,-999.00,-999.00,-999.00,-999.00,-999.00,-999,2.00,2,81.85,21.22,-999.00,318;379;1297;1353;1781;1822;1977;2655,-999.00,-999.00,-999.00,-999.00,2237.62,36.64,36.03,36.33,-115.42,-116.22,-115.82,1,73.78,1.00,0.36,4.79,142.20,161.13,1129.45
Rodentia,Sciuridae,Tamias,panamintinus,tamias panamintinus,3.00,51.73,-999.00,115.99,29.50,-999.00,-999.00,-999.00,6.00,-999.00,36.23,2.00,-999.00,-999.00,-999.00,4.04,1.00,-999.00,5.10,-999.00,-999.00,-999.00,-999.00,-999.00,-999,2.00,2,81.85,17.68,-999.00,328;379;1297;1353;1781;1977;2655,-999.00,-999.00,-999.00,-999.00,37448.25,39.06,34.85,36.95,-115.21,-119.64,-117.42,0,11.28,0.00,0.11,22.24,108.96,212.27,1140.40
Rodentia,Sciuridae,Tamias,quadrimaculatus,tamias quadrimaculatus,3.00,83.62,-999.00,140.12,-999.00,-999.00,-999.00,-999.00,5.00,-999.00,31.65,2.00,5.589918e-03,5.990121e-03,-999.00,5.93,1.00,-999.00,-999.00,-999.00,52.00,-999.00,-999.00,-999.00,-999,2.00,2,-999.00,-999.00,-999.00,644;1215;1297;1781;1977;2655;2831,-999.00,-999.00,-999.00,-999.00,25579.83,40.28,37.36,38.82,-119.25,-121.34,-120.30,1,13.17,2.00,0.13,56.96,79.65,379.53,1045.01
Rodentia,Sciuridae,Tamias,quadrivittatus,tamias quadrivittatus,3.00,57.49,-999.00,122.41,31.00,365.00,-999.00,-999.00,5.00,-999.00,31.70,2.00,0.02,0.02,-999.00,3.92,1.00,-999.00,2.50,-999.00,-999.00,-999.00,327.40,-999.00,8,2.00,2,45.32,-999.00,-999.00,275;335;379;1215;1297;1573;1781;1977;2229;2655;2959,-999.00,-999.00,-999.00,-999.00,297454.17,40.98,35.14,38.06,-102.69,-110.88,-106.79,0,12.55,0.00,0.13,26.84,66.50,437.03,952.03
Rodentia,Sciuridae,Tamias,ruficaudus,tamias ruficaudus,3.00,60.06,-999.00,124.26,-999.00,365.00,-999.00,-999.00,4.00,-999.00,-999.00,2.00,-999.00,-999.00,-999.00,4.85,1.00,96.00,-999.00,-999.00,-999.00,-999.00,-999.00,1.00,-999,2.00,2,-999.00,-999.00,-999.00,227;319;543;1297;1781;2655,-999.00,-999.00,-999.00,-999.00,147756.79,50.52,44.95,47.73,-112.28,-118.08,-115.18,0,5.63,0.00,0.12,52.71,32.81,411.97,685.73
Rodentia,Sciuridae,Tamias,rufus,tamias rufus,3.00,53.60,-999.00,-999.00,31.00,-999.00,-999.00,-999.00,3.00,-999.00,32.85,2.00,7.408495e-03,7.443216e-03,-999.00,-999.00,1.00,-999.00,-999.00,-999.00,-999.00,-999.00,324.83,4.50,-999,2.00,1,45.24,-999.00,-999.00,510;2655,-999.00,-999.00,-999.00,-999.00,142587.25,40.83,36.18,38.51,-106.26,-111.75,-109.00,0,2.46,0.00,0.13,20.81,60.34,368.14,969.87
Rodentia,Sciuridae,Tamias,senex,tamias senex,3.00,89.35,-999.00,145.45,-999.00,-999.00,-999.00,-999.00,2.00,-999.00,-999.00,2.00,0.01,0.01,-999.00,4.37,-999.00,-999.00,-999.00,-999.00,-999.00,-999.00,-999.00,-999.00,-999,2.00,2,-999.00,-999.00,-999.00,1043;1781;2655;2766,-999.00,-999.00,-999.00,-999.00,99452.58,44.94,37.32,41.13,-118.81,-124.34,-121.57,0,9.41,0.00,0.06,54.63,77.64,363.14,910.77
Rodentia,Sciuridae,Tamias,sibiricus,tamias sibiricus,-999.00,94.16,-999.00,148.70,-999.00,-999.00,-999.00,-999.00,-999.00,-999.00,34.98,-999.00,1.508451e-03,1.415195e-03,103.50,5.01,1.00,-999.00,-999.00,-999.00,-999.00,-999.00,352.43,-999.00,-999,-999.00,-999,29.69,-999.00,-999.00,379;1297;1560;1573;1781;1849;2655,-999.00,-999.00,-999.00,-999.00,13733700.42,70.38,29.96,50.17,174.67,37.31,105.99,0,43.53,0.00,4.25974231307887e-04,34.31,-48.80,348.08,403.25
Rodentia,Sciuridae,Tamias,siskiyou,tamias siskiyou,-999.00,75.00,-999.00,145.27,-999.00,-999.00,-999.00,-999.00,-999.00,-999.00,-999.00,-999.00,-999.00,-999.00,-999.00,-999.00,-999.00,-999.00,-999.00,-999.00,-999.00,-999.00,-999.00,-999.00,-999,-999.00,-999,-999.00,-999.00,-999.00,1781;2655;2766,-999.00,-999.00,-999.00,-999.00,22545.56,44.36,41.25,42.81,-121.73,-124.43,-123.08,1,7.95,1.00,0.10,80.33,71.00,417.77,770.70
Rodentia,Sciuridae,Tamias,sonomae,tamias sonomae,-999.00,75.00,-999.00,133.63,-999.00,-999.00,-999.00,-999.00,2.00,-999.00,-999.00,2.00,-999.00,-999.00,-999.00,4.00,1.00,-999.00,-999.00,-999.00,-999.00,-999.00,-999.00,-999.00,-999,2.00,1,21.00,-999.00,-999.00,320;1781;2655,-999.00,-999.00,-999.00,-999.00,45834.06,41.88,37.81,39.85,-121.14,-124.05,-122.59,1,73.60,1.00,0.04,59.13,96.56,383.50,939.23
Rodentia,Sciuridae,Tamias,speciosus,tamias speciosus,3.00,60.83,-999.00,124.69,-999.00,-999.00,-999.00,-999.00,5.00,-999.00,-999.00,2.00,0.01,0.01,-999.00,4.14,1.00,-999.00,-999.00,-999.00,76.48,-999.00,-999.00,-999.00,8,2.00,2,-999.00,-999.00,-999.00,275;329;1215;1297;1781;1977;2655;2831,-999.00,-999.00,-999.00,-999.00,67913.09,40.60,33.65,37.12,-116.48,-121.81,-119.15,0,68.21,1.00,0.10,45.47,87.77,337.35,1101.98
Rodentia,Sciuridae,Tamias,striatus,tamias striatus,-999.00,-999.00,-999.00,146.47,-999.00,-999.00,-999.00,-999.00,-999.00,-999.00,-999.00,-999.00,-999.00,-999.00,-999.00,-999.00,-999.00,-999.00,-999.00,-999.00,-999.00,-999.00,-999.00,-999.00,-999,-999.00,-999,-999.00,-999.00,-999.00,1781,93.40,-999.00,-999.00,-999.00,4195169.73,51.67,29.90,40.78,-60.96,-103.88,-82.42,0,47.54,0.00,0.03,74.79,84.12,676.52,743.19
Rodentia,Sciuridae,Tamias,townsendii,tamias townsendii,3.00,79.12,-999.00,139.23,28.00,-999.00,-999.00,-999.00,8.00,-999.00,28.00,3.00,7.2278e-03,7.261674e-03,-999.00,3.75,1.00,84.00,3.52,42.69,260.00,-999.00,-999.00,-999.00,8,2.00,2,41.76,34.99,-999.00,730;1000;1058;1215;1297;1577;1578;1781;1977;2655;2765;2831;2870,-999.00,-999.00,-999.00,-999.00,151998.14,49.31,42.40,45.85,-120.18,-124.73,-122.45,0,59.68,1.00,0.09,100.27,73.13,444.55,685.32
Rodentia,Sciuridae,Tamias,umbrinus,tamias umbrinus,-999.00,51.75,-999.00,123.66,-999.00,-999.00,-999.00,-999.00,-999.00,-999.00,-999.00,-999.00,0.02,0.02,-999.00,6.80,-999.00,-999.00,-999.00,-999.00,253.71,-999.00,-999.00,-999.00,-999,-999.00,-999,-999.00,-999.00,-999.00,75;275;1297;1573;1781;2655,-999.00,-999.00,-999.00,-999.00,295809.41,45.41,36.07,40.74,-105.24,-118.84,-112.04,0,8.76,0.00,0.12,23.67,47.51,338.07,892.88
Rodentia,Sciuridae,Tamiasciurus,douglasii,tamiasciurus douglasii,3.00,225.00,-999.00,190.96,-999.00,-999.00,-999.00,-999.00,5.00,-999.00,38.98,2.00,3.531743e-03,3.242022e-03,-999.00,5.49,2.00,-999.00,4.99,-999.00,44.28,-999.00,140.30,1.00,8,2.00,2,-999.00,-999.00,-999.00,1297;1651;1791;2655;2716;2799,-999.00,-999.00,-999.00,-999.00,491601.94,52.31,35.49,43.90,-117.95,-127.89,-122.92,0,37.60,0.00,0.08,70.90,73.59,385.30,794.80
Rodentia,Sciuridae,Tamiasciurus,hudsonicus,tamiasciurus hudsonicus,3.00,200.24,-999.00,188.42,30.50,-999.00,233.67,209.15,5.00,-999.00,34.25,1.00,7.743219e-03,8.316417e-03,-999.00,3.93,1.75,144.00,6.89,-999.00,174.35,-999.00,357.81,-999.00,8,2.00,2,67.22,96.82,-999.00,32;730;946;1228;1232;1285;1297;1573;1574;1729;1753;1791;1822;1849;1977;2155;2249;2338;2378;2450;2655;2707;2715;2770;2799;2947;2974,-999.00,-999.00,-999.00,-999.00,10315248.73,67.78,32.30,50.04,-55.61,-168.12,-111.87,0,17.76,0.00,0.04,49.99,0.77,394.10,493.94
Rodentia,Sciuridae,Tamiasciurus,mearnsi,tamiasciurus mearnsi,-999.00,-999.00,-999.00,-999.00,-999.00,-999.00,-999.00,-999.00,-999.00,-999.00,-999.00,-999.00,-999.00,-999.00,-999.00,-999.00,-999.00,-999.00,-999.00,-999.00,-999.00,-999.00,-999.00,-999.00,-999,-999.00,-999,-999.00,-999.00,-999.00,-999,-999.00,-999.00,-999.00,-999.00,2768.05,32.22,31.56,31.89,-115.09,-115.63,-115.36,5,22.20,5.00,0.23,11.00,158.19,197.71,1178.21
Rodentia,Sciuridae,Tamiops,maritimus,tamiops maritimus,-999.00,66.77,-999.00,132.31,-999.00,-999.00,-999.00,-999.00,-999.00,-999.00,-999.00,-999.00,-999.00,-999.00,-999.00,2.59,-999.00,-999.00,-999.00,-999.00,-999.00,-999.00,-999.00,-999.00,-999,-999.00,-999,-999.00,-999.00,-999.00,3121,-999.00,-999.00,-999.00,-999.00,822488.85,30.61,10.69,20.65,122.13,101.02,111.58,7,303.77,15.00,0.08,128.03,188.09,1123.13,1270.56
Rodentia,Sciuridae,Tamiops,mcclellandii,tamiops mcclellandii,-999.00,45.84,-999.00,104.61,-999.00,-999.00,-999.00,-999.00,-999.00,-999.00,-999.00,1.00,-999.00,-999.00,-999.00,2.38,-999.00,-999.00,-999.00,-999.00,-999.00,-999.00,-999.00,-999.00,-999,2.00,-999,-999.00,-999.00,-999.00,32;1297;1971;2655;2844,-999.00,-999.00,-999.00,-999.00,718076.76,28.49,3.01,15.75,102.45,90.96,96.70,1,87.74,4.00,0.09,185.76,213.32,1162.65,1482.16
Rodentia,Sciuridae,Tamiops,rodolphii,tamiops rodolphii,-999.00,-999.00,-999.00,-999.00,-999.00,-999.00,-999.00,-999.00,-999.00,-999.00,-999.00,-999.00,-999.00,-999.00,-999.00,-999.00,-999.00,-999.00,-999.00,-999.00,-999.00,-999.00,-999.00,-999.00,-999,-999.00,-999,-999.00,-999.00,-999.00,-999,-999.00,-999.00,-999.00,-999.00,376423.61,17.19,8.55,12.87,109.09,101.31,105.20,2,139.72,5.00,0.11,145.23,258.64,1152.83,1596.13
Rodentia,Sciuridae,Tamiops,swinhoei,tamiops swinhoei,-999.00,-999.00,-999.00,-999.00,-999.00,-999.00,-999.00,-999.00,-999.00,-999.00,-999.00,-999.00,-999.00,-999.00,-999.00,3.40,-999.00,-999.00,-999.00,-999.00,-999.00,-999.00,-999.00,-999.00,-999,-999.00,-999,-999.00,-999.00,-999.00,1297,-999.00,-999.00,-999.00,-999.00,486562.11,34.93,21.79,28.36,105.74,97.73,101.74,1,113.13,4.00,0.06,121.92,91.81,867.08,1070.71
Rodentia,Cricetidae,Tapecomys,primus,tapecomys primus,-999.00,-999.00,-999.00,-999.00,-999.00,-999.00,-999.00,-999.00,-999.00,-999.00,-999.00,-999.00,-999.00,-999.00,-999.00,-999.00,-999.00,-999.00,-999.00,-999.00,-999.00,-999.00,-999.00,-999.00,-999,-999.00,-999,-999.00,-999.00,-999.00,-999,-999.00,-999.00,-999.00,-999.00,-999.00,-999.00,-999.00,-999.00,-999.00,-999.00,-999.00,-999,-999.00,-999.00,-999.00,-999.00,-999.00,-999.00,-999.00
Chiroptera,Emballonuridae,Taphozous,achates,taphozous achates,-999.00,-999.00,-999.00,-999.00,-999.00,-999.00,-999.00,-999.00,-999.00,-999.00,-999.00,-999.00,-999.00,-999.00,-999.00,-999.00,-999.00,-999.00,-999.00,-999.00,-999.00,-999.00,-999.00,-999.00,-999,-999.00,-999,-999.00,-999.00,-999.00,-999,-999.00,-999.00,-999.00,-999.00,31015.35,-5.59,-10.94,-8.26,132.80,121.69,127.25,0,72.64,19.00,0.10,111.37,246.44,-999.00,-999.00
Chiroptera,Emballonuridae,Taphozous,australis,taphozous australis,-999.00,-999.00,-999.00,-999.00,-999.00,-999.00,-999.00,-999.00,-999.00,-999.00,-999.00,-999.00,-999.00,-999.00,-999.00,-999.00,-999.00,-999.00,-999.00,-999.00,-999.00,-999.00,-999.00,-999.00,-999,-999.00,-999,-999.00,-999.00,-999.00,-999,-999.00,-999.00,-999.00,-999.00,131852.50,-7.20,-23.41,-15.31,150.83,141.09,145.96,0,5.35,0.00,0.05,124.55,232.05,1096.32,1685.34
Chiroptera,Emballonuridae,Taphozous,georgianus,taphozous georgianus,1.00,30.52,69.18,-999.00,0.00,365.00,-999.00,-999.00,1.00,-999.00,106.86,1.00,-999.00,-999.00,-999.00,1.00,1.00,60.00,4.22,50.20,-999.00,8.00,278.27,-999.00,-999,2.00,3,35.46,15.30,65.00,889;1297;1384;1388;1504;1505;1506;1616;1617;1619;1658;2151;2655;3023,-999.00,-999.00,-999.00,-999.00,1876764.47,-11.11,-25.69,-18.40,151.11,113.65,132.38,0,0.81,0.00,0.02,53.69,246.16,640.60,1637.60
Chiroptera,Emballonuridae,Taphozous,hamiltoni,taphozous hamiltoni,1.00,-999.00,65.00,-999.00,-999.00,-999.00,-999.00,-999.00,-999.00,-999.00,-999.00,1.00,-999.00,-999.00,-999.00,-999.00,-999.00,-999.00,-999.00,-999.00,-999.00,-999.00,-999.00,-999.00,-999,2.00,-999,-999.00,-999.00,-999.00,889;1658;2151,39.15,-999.00,-999.00,-999.00,862098.26,12.69,1.78,7.24,36.30,17.70,27.00,1,11.76,2.00,0.09,71.10,260.35,858.42,1637.41
Chiroptera,Emballonuridae,Taphozous,hildegardeae,taphozous hildegardeae,1.00,29.37,66.50,-999.00,-999.00,-999.00,-999.00,-999.00,1.00,-999.00,-999.00,1.00,-999.00,-999.00,-999.00,1.00,1.00,-999.00,-999.00,-999.00,-999.00,-999.00,-999.00,-999.00,-999,2.00,3,-999.00,-999.00,-999.00,196;889;1388;1658;1958;2151;2655;2719;3023,-999.00,-999.00,-999.00,-999.00,43393.84,-2.65,-6.83,-4.74,40.26,38.07,39.17,16,151.01,24.00,0.16,98.46,252.72,1086.26,1762.71
Chiroptera,Emballonuridae,Taphozous,hilli,taphozous hilli,1.00,21.99,67.50,-999.00,-999.00,-999.00,-999.00,-999.00,-999.00,-999.00,-999.00,1.00,-999.00,-999.00,-999.00,-999.00,-999.00,-999.00,-999.00,-999.00,-999.00,-999.00,-999.00,-999.00,-999,2.00,-999,-999.00,-999.00,-999.00,889;1619;1658;2151;2655,-999.00,-999.00,-999.00,-999.00,1716282.96,-18.44,-29.51,-23.98,139.49,115.13,127.31,0,0.03,0.00,0.02,20.54,219.52,290.04,1330.41
Chiroptera,Emballonuridae,Taphozous,kapalgensis,taphozous kapalgensis,1.00,26.45,60.29,-999.00,-999.00,-999.00,-999.00,-999.00,-999.00,-999.00,-999.00,1.00,-999.00,-999.00,-999.00,-999.00,-999.00,-999.00,-999.00,-999.00,-999.00,-999.00,-999.00,-999.00,-999,2.00,-999,-999.00,-999.00,-999.00,889;1658;1936;2151;2655,-999.00,-999.00,-999.00,-999.00,59481.74,-11.93,-14.79,-13.36,133.44,130.84,132.14,0,6.11,0.00,6.6822413858038e-03,101.68,269.84,916.39,1863.11
Chiroptera,Emballonuridae,Taphozous,longimanus,taphozous longimanus,1.00,25.11,58.49,-999.00,-999.00,425.83,-999.00,-999.00,1.00,-999.00,107.22,1.00,-999.00,-999.00,-999.00,0.99,2.00,-999.00,5.52,45.74,-999.00,7.00,169.16,-999.00,-999,2.00,3,22.13,12.00,-999.00,196;818;889;1297;1384;1388;1528;1658;1675;1676;1677;1680;1705;2143;2151;2655;2719;3023,-999.00,-999.00,-999.00,-999.00,4343701.30,28.26,-8.96,9.65,123.01,72.61,97.81,1,217.19,8.00,0.10,158.24,249.10,1137.84,1570.56
Chiroptera,Emballonuridae,Taphozous,mauritianus,taphozous mauritianus,2.00,27.97,61.74,84.99,-999.00,-999.00,-999.00,-999.00,1.00,-999.00,42.89,1.00,-999.00,-999.00,-999.00,1.00,1.00,-999.00,-999.00,-999.00,-999.00,18.75,-999.00,-999.00,-999,2.00,3,-999.00,-999.00,-999.00,44;196;707;778;889;1048;1257;1297;1658;1676;2151;2622;2655;2719;2900,-999.00,-999.00,-999.00,-999.00,15027580.58,15.96,-34.83,-9.43,57.80,-16.82,20.48,0,37.08,1.00,0.14,100.81,236.24,992.94,1539.56
Chiroptera,Emballonuridae,Taphozous,melanopogon,taphozous melanopogon,1.00,25.99,63.72,-999.00,-999.00,730.00,-999.00,-999.00,-999.00,-999.00,122.50,1.00,-999.00,-999.00,-999.00,0.99,1.00,-999.00,5.80,-999.00,-999.00,300.00,374.39,-999.00,-999,2.00,-999,46.67,20.00,-999.00,138;196;889;1297;1439;1592;1621;1658;1705;2143;2151;2546;2655,-999.00,-999.00,-999.00,-999.00,7234034.08,31.28,-10.37,10.45,128.90,68.93,98.92,1,222.74,9.00,0.10,153.56,236.93,1098.79,1509.40
Chiroptera,Emballonuridae,Taphozous,nudiventris,taphozous nudiventris,1.00,32.49,76.15,85.99,7.00,371.08,-999.00,-999.00,-999.00,-999.00,100.11,1.00,-999.00,-999.00,-999.00,1.00,1.00,-999.00,8.91,48.00,-999.00,-999.00,421.91,-999.00,-999,2.00,-999,52.01,-999.00,-999.00,60;889;1297;1658;1705;1860;2143;2151;2548;2622;2655;3110,-999.00,-999.00,-999.00,-999.00,10699734.93,36.63,1.95,19.29,96.89,-15.95,40.47,0,129.30,1.00,0.10,70.12,248.60,658.19,1500.84
Chiroptera,Emballonuridae,Taphozous,perforatus,taphozous perforatus,1.00,24.43,62.00,72.49,-999.00,-999.00,-999.00,-999.00,-999.00,-999.00,91.24,1.00,-999.00,-999.00,-999.00,0.99,2.00,-999.00,-999.00,-999.00,-999.00,-999.00,-999.00,-999.00,-999,2.00,-999,-999.00,-999.00,-999.00,889;892;1270;1297;1658;1860;2143;2151;2622;2655;2900;3110,-999.00,-999.00,-999.00,-999.00,9616598.60,31.58,-22.42,4.57,80.50,-17.53,31.48,0,63.60,0.00,0.11,78.19,241.93,801.94,1539.56
Chiroptera,Emballonuridae,Taphozous,theobaldi,taphozous theobaldi,1.00,36.83,71.00,-999.00,-999.00,-999.00,-999.00,-999.00,-999.00,-999.00,-999.00,1.00,-999.00,-999.00,-999.00,-999.00,-999.00,-999.00,-999.00,-999.00,-999.00,-999.00,-999.00,-999.00,-999,2.00,-999,-999.00,-999.00,-999.00,196;889;1658;2151;2622;2655,-999.00,-999.00,-999.00,-999.00,710057.72,24.96,-7.71,8.62,122.27,74.00,98.13,2,148.63,10.00,0.09,132.30,254.78,968.07,1541.66
Chiroptera,Emballonuridae,Taphozous,troughtoni,taphozous troughtoni,-999.00,-999.00,72.50,-999.00,-999.00,-999.00,-999.00,-999.00,-999.00,-999.00,-999.00,-999.00,-999.00,-999.00,-999.00,-999.00,-999.00,-999.00,-999.00,-999.00,-999.00,-999.00,-999.00,-999.00,-999,-999.00,-999,-999.00,-999.00,-999.00,1658,53.52,-999.00,-999.00,-999.00,34968.86,-18.89,-21.12,-20.00,140.23,138.50,139.37,0,0.27,0.00,0.00,37.66,240.67,534.08,1606.03
Perissodactyla,Tapiridae,Tapirus,bairdii,tapirus bairdii,2.00,293781.59,-999.00,2199.99,-999.00,-999.00,-999.00,-999.00,4.00,-999.00,396.24,1.00,1.15,0.94,-999.00,1.00,-999.00,-999.00,-999.00,-999.00,0.34,-999.00,710.47,1.00,-999,1.00,1,362.93,171864.36,-999.00,730;899;905;986;992;1322;1799;1800;1899;2151;2532;2655;2827;2854;3029,-999.00,-999.00,-999.00,-999.00,188831.76,20.56,-1.55,9.50,-76.37,-94.62,-85.49,2,43.25,4.00,0.15,166.98,235.49,1357.27,1618.64
Perissodactyla,Tapiridae,Tapirus,indicus,tapirus indicus,1.00,311209.19,-999.00,2224.85,-999.00,-999.00,-999.00,-999.00,3.00,-999.00,396.50,1.00,9.40,8.70,657.00,1.00,0.50,360.00,6848.35,-999.00,0.11,1.00,1132.72,1.50,-999,1.00,1,211.71,-999.00,-999.00,511;543;899;1297;1591;2151;2655;2827;3026;3027;3105,-999.00,-999.00,-999.00,-999.00,794777.96,16.54,-5.94,5.30,107.22,97.65,102.44,3,133.99,13.00,0.12,209.67,256.00,1522.16,1761.46
Primates,Tarsiidae,Tarsius,sangirensis,tarsius sangirensis,-999.00,165.00,-999.00,-999.00,-999.00,-999.00,-999.00,-999.00,-999.00,-999.00,-999.00,-999.00,-999.00,-999.00,-999.00,1.02,-999.00,-999.00,-999.00,-999.00,-999.00,-999.00,-999.00,-999.00,-999,-999.00,-999,-999.00,-999.00,-999.00,2138;2151,-999.00,-999.00,-999.00,-999.00,560.08,3.74,3.37,3.55,125.67,125.39,125.53,109,109.00,109.00,0.00,-999.00,-999.00,-999.00,-999.00
Primates,Tarsiidae,Tarsius,syrichta,tarsius syrichta,1.00,115.91,-999.00,117.74,-999.00,1204.50,76.70,113.00,1.00,-999.00,177.99,-999.00,7.129928e-03,0.01,-999.00,1.01,-999.00,180.00,25.60,-999.00,-999.00,-999.00,-999.00,1.00,-999,-999.00,1,82.49,-999.00,-999.00,208;223;543;720;1297;1544;1547;1848;2137;2344;2493;2655;2660;2986,-999.00,-999.00,-999.00,-999.00,121292.03,12.58,5.55,9.07,126.60,121.79,124.19,33,172.57,55.00,0.11,183.10,241.07,1565.18,1739.39
Rodentia,Muridae,Abditomys,latidens,abditomys latidens,-999.00,268.09,-999.00,224.00,-999.00,-999.00,-999.00,-999.00,-999.00,-999.00,-999.00,-999.00,-999.00,-999.00,-999.00,-999.00,-999.00,-999.00,-999.00,-999.00,-999.00,-999.00,-999.00,-999.00,-999,-999.00,-999,-999.00,-999.00,-999.00,2152,-999.00,-999.00,-999.00,-999.00,356.58,16.94,16.74,16.84,120.97,120.78,120.88,93,93.00,93.00,0.09,316.00,180.00,1443.00,1557.00
Rodentia,Muridae,Abeomelomys,sevia,abeomelomys sevia,-999.00,54.88,-999.00,127.29,-999.00,-999.00,-999.00,-999.00,-999.00,-999.00,-999.00,2.00,-999.00,-999.00,-999.00,1.00,-999.00,-999.00,-999.00,-999.00,-999.00,-999.00,-999.00,-999.00,4,2.00,-999,-999.00,-999.00,-999.00,456;865;977;1297;2152;2655;2803,-999.00,-999.00,-999.00,-999.00,53261.73,-4.98,-6.84,-5.91,147.72,141.60,144.66,3,17.96,4.00,0.13,348.51,164.32,1645.22,1679.49
Rodentia,Cricetidae,Abrawayaomys,ruschii,abrawayaomys ruschii,-999.00,62.99,-999.00,-999.00,-999.00,-999.00,-999.00,-999.00,-999.00,-999.00,-999.00,-999.00,-999.00,-999.00,-999.00,-999.00,-999.00,-999.00,-999.00,-999.00,-999.00,-999.00,-999.00,-999.00,-999,-999.00,-999,-999.00,-999.00,-999.00,2655,-999.00,-999.00,-999.00,-999.00,126137.48,-15.09,-19.84,-17.47,-40.52,-43.56,-42.04,5,21.21,7.00,0.06,107.06,209.10,1084.47,1402.39
Rodentia,Abrocomidae,Abrocoma,bennettii,abrocoma bennettii,1.00,250.50,-999.00,-999.00,-999.00,-999.00,-999.00,-999.00,-999.00,-999.00,-999.00,3.00,-999.00,-999.00,-999.00,4.86,-999.00,27.60,-999.00,-999.00,143.85,-999.00,-999.00,-999.00,-999,2.00,-999,-999.00,-999.00,-999.00,543;890;1297;1492;2655,-999.00,-999.00,-999.00,-999.00,54615.98,-27.71,-35.58,-31.64,-69.40,-71.70,-70.55,0,63.15,1.00,0.07,20.44,17.66,213.09,1073.78
Rodentia,Abrocomidae,Abrocoma,boliviensis,abrocoma boliviensis,-999.00,158.00,-999.00,-999.00,-999.00,-999.00,-999.00,-999.00,-999.00,-999.00,-999.00,-999.00,-999.00,-999.00,-999.00,-999.00,-999.00,-999.00,-999.00,-999.00,-999.00,-999.00,-999.00,-999.00,-999,-999.00,-999,-999.00,-999.00,-999.00,2655,-999.00,-999.00,-999.00,-999.00,5773.97,-17.44,-18.05,-17.75,-63.49,-64.51,-64.00,5,29.24,5.00,0.04,82.63,175.55,1171.61,1487.33
Rodentia,Abrocomidae,Abrocoma,budini,abrocoma budini,-999.00,-999.00,-999.00,-999.00,-999.00,-999.00,-999.00,-999.00,-999.00,-999.00,-999.00,-999.00,-999.00,-999.00,-999.00,-999.00,-999.00,-999.00,-999.00,-999.00,-999.00,-999.00,-999.00,-999.00,-999,-999.00,-999,-999.00,-999.00,-999.00,-999,-999.00,-999.00,-999.00,-999.00,-999.00,-999.00,-999.00,-999.00,-999.00,-999.00,-999.00,-999,-999.00,-999.00,-999.00,-999.00,-999.00,-999.00,-999.00
Rodentia,Abrocomidae,Abrocoma,cinerea,abrocoma cinerea,-999.00,193.64,-999.00,-999.00,-999.00,-999.00,-999.00,-999.00,-999.00,-999.00,109.49,3.00,-999.00,-999.00,-999.00,2.19,-999.00,-999.00,13.26,-999.00,-999.00,-999.00,-999.00,-999.00,-999,2.00,-999,-999.00,-999.00,-999.00,890;1297;1627;2655,-999.00,-999.00,-999.00,-999.00,381391.02,-14.43,-24.35,-19.39,-64.27,-70.60,-67.43,0,13.72,0.00,0.06,48.46,35.22,515.10,1257.35
Rodentia,Abrocomidae,Abrocoma,famatina,abrocoma famatina,-999.00,-999.00,-999.00,-999.00,-999.00,-999.00,-999.00,-999.00,-999.00,-999.00,-999.00,-999.00,-999.00,-999.00,-999.00,-999.00,-999.00,-999.00,-999.00,-999.00,-999.00,-999.00,-999.00,-999.00,-999,-999.00,-999,-999.00,-999.00,-999.00,-999,-999.00,-999.00,-999.00,-999.00,-999.00,-999.00,-999.00,-999.00,-999.00,-999.00,-999.00,-999,-999.00,-999.00,-999.00,-999.00,-999.00,-999.00,-999.00
Rodentia,Abrocomidae,Abrocoma,shistacea,abrocoma shistacea,-999.00,-999.00,-999.00,-999.00,-999.00,-999.00,-999.00,-999.00,-999.00,-999.00,-999.00,-999.00,-999.00,-999.00,-999.00,-999.00,-999.00,-999.00,-999.00,-999.00,-999.00,-999.00,-999.00,-999.00,-999,-999.00,-999,-999.00,-999.00,-999.00,-999,-999.00,-999.00,-999.00,-999.00,-999.00,-999.00,-999.00,-999.00,-999.00,-999.00,-999.00,-999,-999.00,-999.00,-999.00,-999.00,-999.00,-999.00,-999.00
Rodentia,Abrocomidae,Abrocoma,uspallata,abrocoma uspallata,-999.00,-999.00,-999.00,-999.00,-999.00,-999.00,-999.00,-999.00,-999.00,-999.00,-999.00,-999.00,-999.00,-999.00,-999.00,-999.00,-999.00,-999.00,-999.00,-999.00,-999.00,-999.00,-999.00,-999.00,-999,-999.00,-999,-999.00,-999.00,-999.00,-999,-999.00,-999.00,-999.00,-999.00,-999.00,-999.00,-999.00,-999.00,-999.00,-999.00,-999.00,-999,-999.00,-999.00,-999.00,-999.00,-999.00,-999.00,-999.00
Rodentia,Abrocomidae,Abrocoma,vaccarum,abrocoma vaccarum,-999.00,-999.00,-999.00,-999.00,-999.00,-999.00,-999.00,-999.00,-999.00,-999.00,-999.00,-999.00,-999.00,-999.00,-999.00,-999.00,-999.00,-999.00,-999.00,-999.00,-999.00,-999.00,-999.00,-999.00,-999,-999.00,-999,-999.00,-999.00,-999.00,-999,-999.00,-999.00,-999.00,-999.00,-999.00,-999.00,-999.00,-999.00,-999.00,-999.00,-999.00,-999,-999.00,-999.00,-999.00,-999.00,-999.00,-999.00,-999.00
Rodentia,Cricetidae,Abrothrix,andinus,abrothrix andinus,3.00,24.91,-999.00,-999.00,-999.00,-999.00,64.80,34.60,-999.00,-999.00,-999.00,2.00,-999.00,-999.00,-999.00,-999.00,-999.00,-999.00,-999.00,-999.00,-999.00,-999.00,-999.00,-999.00,-999,1.00,-999,-999.00,-999.00,-999.00,890;1822;2655,-999.00,-999.00,-999.00,-999.00,722551.83,-12.18,-34.65,-23.42,-65.15,-74.53,-69.84,0,15.79,0.00,0.05,51.98,14.30,482.37,1242.10
Rodentia,Cricetidae,Abrothrix,hershkovitzi,abrothrix hershkovitzi,-999.00,-999.00,-999.00,-999.00,-999.00,-999.00,-999.00,-999.00,-999.00,-999.00,-999.00,-999.00,-999.00,-999.00,-999.00,-999.00,-999.00,-999.00,-999.00,-999.00,-999.00,-999.00,-999.00,-999.00,-999,-999.00,-999,-999.00,-999.00,-999.00,-999,-999.00,-999.00,-999.00,-999.00,1775.72,-53.65,-55.90,-54.77,-67.25,-70.89,-69.07,0,3.34,0.00,0.02,35.19,36.26,-999.00,-999.00
Rodentia,Cricetidae,Abrothrix,illuteus,abrothrix illuteus,-999.00,47.79,-999.00,-999.00,-999.00,-999.00,-999.00,-999.00,-999.00,-999.00,-999.00,-999.00,-999.00,-999.00,-999.00,-999.00,-999.00,-999.00,-999.00,-999.00,-999.00,-999.00,-999.00,-999.00,-999,-999.00,-999,-999.00,-999.00,-999.00,2655,-999.00,-999.00,-999.00,-999.00,35359.55,-23.57,-27.53,-25.55,-64.95,-66.51,-65.73,0,17.82,1.00,0.08,57.04,41.89,629.18,1280.01
Rodentia,Cricetidae,Abrothrix,jelskii,abrothrix jelskii,2.00,34.50,-999.00,-999.00,-999.00,-999.00,-999.00,-999.00,3.00,-999.00,-999.00,1.00,-999.00,-999.00,-999.00,-999.00,-999.00,-999.00,-999.00,-999.00,-999.00,-999.00,-999.00,-999.00,-999,1.00,2,-999.00,-999.00,-999.00,890;2655,-999.00,-999.00,-999.00,-999.00,506394.71,-12.23,-23.92,-18.08,-64.22,-73.60,-68.91,0,14.37,1.00,0.06,76.81,68.22,704.46,1304.63
Rodentia,Cricetidae,Abrothrix,lanosus,abrothrix lanosus,-999.00,27.83,-999.00,-999.00,-999.00,-999.00,45.60,24.00,-999.00,-999.00,-999.00,-999.00,-999.00,-999.00,-999.00,-999.00,-999.00,-999.00,-999.00,-999.00,-999.00,-999.00,-999.00,-999.00,-999,-999.00,-999,-999.00,-999.00,-999.00,1473;1822;2655,-999.00,-999.00,-999.00,-999.00,43016.67,-50.67,-54.84,-52.76,-67.08,-74.96,-71.02,0,1.44,0.00,0.24,60.63,45.34,380.38,431.52
Rodentia,Cricetidae,Abrothrix,longipilis,abrothrix longipilis,2.00,38.86,-999.00,-999.00,-999.00,112.30,57.61,42.30,7.00,-999.00,-999.00,3.00,-999.00,-999.00,17.00,3.70,-999.00,-999.00,3.29,-999.00,2777.20,-999.00,51.73,-999.00,-999,2.00,2,-999.00,-999.00,-999.00,730;890;1114;1130;1297;1420;1449;1473;1492;1822;2006;2008;2242;2655,-999.00,5.19,-999.00,-999.00,423823.71,-30.29,-54.17,-42.23,-68.63,-73.75,-71.19,0,32.79,0.00,0.10,64.15,64.48,454.60,677.15
Rodentia,Cricetidae,Abrothrix,markhami,abrothrix markhami,-999.00,-999.00,-999.00,-999.00,-999.00,-999.00,-999.00,-999.00,-999.00,-999.00,-999.00,-999.00,-999.00,-999.00,-999.00,-999.00,-999.00,-999.00,-999.00,-999.00,-999.00,-999.00,-999.00,-999.00,-999,-999.00,-999,-999.00,-999.00,-999.00,-999,-999.00,-999.00,-999.00,-999.00,6084.17,-48.67,-50.06,-49.37,-74.38,-75.47,-74.92,0,0.69,0.00,0.00,281.30,46.78,359.80,563.33
Rodentia,Cricetidae,Abrothrix,olivaceus,abrothrix olivaceus,2.00,24.52,-999.00,96.69,-999.00,-999.00,49.19,27.00,7.00,-999.00,-999.00,3.00,4.48137e-04,4.64461e-04,-999.00,5.34,2.00,12.00,-999.00,-999.00,3211.81,-999.00,170.38,-999.00,-999,2.00,2,-999.00,-999.00,-999.00,730;890;1025;1114;1130;1297;1449;1473;1492;1822;1829;2006;2008;2242;2655,-999.00,-999.00,-999.00,-999.00,915499.44,-18.48,-55.72,-37.10,-64.97,-75.26,-70.11,0,15.17,0.00,0.11,55.26,69.56,360.79,637.81
Rodentia,Cricetidae,Abrothrix,sanborni,abrothrix sanborni,2.00,24.70,-999.00,-999.00,-999.00,-999.00,-999.00,-999.00,6.00,-999.00,-999.00,-999.00,-999.00,-999.00,-999.00,-999.00,-999.00,-999.00,-999.00,-999.00,-999.00,-999.00,-999.00,-999.00,-999,-999.00,2,-999.00,-999.00,-999.00,890;2008;2655,-999.00,-999.00,-999.00,-999.00,18335.19,-40.43,-43.29,-41.86,-71.97,-74.09,-73.03,1,11.71,1.00,0.07,133.02,78.92,686.74,730.21
Chiroptera,Pteropodidae,Acerodon,celebensis,acerodon celebensis,-999.00,384.84,133.50,201.25,-999.00,-999.00,-999.00,-999.00,-999.00,-999.00,-999.00,1.00,-999.00,-999.00,-999.00,0.98,-999.00,-999.00,-999.00,-999.00,-999.00,-999.00,-999.00,-999.00,-999,2.00,-999,-999.00,-999.00,-999.00,978;1297;1658;2151;2655,-999.00,-999.00,-999.00,-999.00,173613.30,3.74,-6.49,-1.37,126.34,118.75,122.55,5,92.68,17.00,0.07,229.41,215.47,1812.60,1909.15
Chiroptera,Pteropodidae,Acerodon,humilis,acerodon humilis,-999.00,-999.00,140.00,-999.00,-999.00,-999.00,-999.00,-999.00,-999.00,-999.00,-999.00,1.00,-999.00,-999.00,-999.00,-999.00,-999.00,-999.00,-999.00,-999.00,-999.00,-999.00,-999.00,-999.00,-999,2.00,-999,-999.00,-999.00,-999.00,79;1658;2151,352.43,-999.00,-999.00,-999.00,87.45,4.04,3.81,3.93,126.73,126.60,126.67,109,109.00,109.00,0.00,-999.00,-999.00,-999.00,-999.00
Chiroptera,Pteropodidae,Acerodon,jubatus,acerodon jubatus,-999.00,1087.04,188.04,-999.00,-999.00,-999.00,-999.00,-999.00,2.00,-999.00,-999.00,1.00,-999.00,-999.00,-999.00,1.00,1.00,-999.00,-999.00,-999.00,-999.00,1000.00,-999.00,-999.00,-999,2.00,1,-999.00,-999.00,-999.00,79;679;1015;1309;1439;1658;2017;2151;2655;2885,-999.00,-999.00,-999.00,-999.00,261660.73,18.65,5.55,12.10,126.60,119.74,123.17,19,238.14,34.00,0.10,202.52,242.33,1471.66,1734.15
Chiroptera,Pteropodidae,Acerodon,leucotis,acerodon leucotis,-999.00,-999.00,139.95,-999.00,-999.00,-999.00,-999.00,-999.00,-999.00,-999.00,-999.00,1.00,-999.00,-999.00,-999.00,-999.00,-999.00,-999.00,-999.00,-999.00,-999.00,-999.00,-999.00,-999.00,-999,2.00,-999,-999.00,-999.00,-999.00,679;1658;2151,352.07,-999.00,-999.00,-999.00,12831.86,12.33,7.80,10.06,120.34,116.93,118.63,22,43.33,25.00,0.21,224.00,249.78,-999.00,-999.00
Chiroptera,Pteropodidae,Acerodon,mackloti,acerodon mackloti,-999.00,467.93,145.50,-999.00,-999.00,-999.00,-999.00,-999.00,1.00,-999.00,-999.00,1.00,-999.00,-999.00,-999.00,0.98,-999.00,-999.00,-999.00,-999.00,-999.00,400.00,-999.00,-999.00,-999,2.00,1,-999.00,-999.00,-999.00,79;1297;1386;1621;1658;2017;2143;2151;2622;2655;3023,-999.00,-999.00,-999.00,-999.00,74770.92,-8.06,-10.37,-9.22,127.30,115.83,121.57,23,107.08,23.00,0.08,204.54,243.20,-999.00,-999.00
Carnivora,Felidae,Acinonyx,jubatus,acinonyx jubatus,3.00,50577.92,-999.00,1480.43,9.03,1217.27,17115.00,48900.00,1.00,465.00,92.24,1.00,88.27,94.38,547.50,3.28,-999.00,228.00,441.66,250.00,0.01,-999.00,741.97,-999.00,12,1.00,3,91.42,-999.00,-999.00,367;542;543;730;1052;1113;1297;1573;1822;2655,-999.00,0.89,-999.00,-999.00,10586306.53,37.72,-29.22,4.24,60.82,-14.91,22.95,0,19.88,0.00,0.11,51.26,230.83,595.06,1499.04
Rodentia,Muridae,Acomys,airensis,acomys airensis,-999.00,-999.00,-999.00,-999.00,-999.00,-999.00,-999.00,-999.00,-999.00,-999.00,-999.00,-999.00,-999.00,-999.00,-999.00,-999.00,-999.00,-999.00,-999.00,-999.00,-999.00,-999.00,-999.00,-999.00,-999,-999.00,-999,-999.00,-999.00,-999.00,-999,-999.00,-999.00,-999.00,-999.00,-999.00,-999.00,-999.00,-999.00,-999.00,-999.00,-999.00,-999,-999.00,-999.00,-999.00,-999.00,-999.00,-999.00,-999.00
Rodentia,Cricetidae,Akodon,affinis,akodon affinis,2.00,24.89,-999.00,-999.00,-999.00,-999.00,-999.00,-999.00,4.00,-999.00,-999.00,1.00,-999.00,-999.00,-999.00,-999.00,-999.00,-999.00,-999.00,-999.00,-999.00,-999.00,-999.00,-999.00,-999,1.00,2,-999.00,-999.00,-999.00,2151;2655,-999.00,-999.00,-999.00,-999.00,55129.80,10.29,0.89,5.59,-75.01,-77.82,-76.41,7,101.85,11.00,0.11,202.10,210.03,1499.05,1626.20
Rodentia,Cricetidae,Akodon,albiventer,akodon albiventer,3.00,25.95,-999.00,-999.00,-999.00,-999.00,46.50,31.00,1.00,-999.00,-999.00,1.00,-999.00,-999.00,-999.00,-999.00,-999.00,-999.00,-999.00,-999.00,-999.00,-999.00,-999.00,-999.00,-999,1.00,3,-999.00,-999.00,-999.00,890;1822;2655,-999.00,-999.00,-999.00,-999.00,425856.20,-15.25,-26.78,-21.02,-64.20,-71.33,-67.76,0,13.16,0.00,0.06,43.02,31.73,511.33,1260.37
Rodentia,Cricetidae,Akodon,aliquantulus,akodon aliquantulus,-999.00,-999.00,-999.00,-999.00,-999.00,-999.00,-999.00,-999.00,-999.00,-999.00,-999.00,-999.00,-999.00,-999.00,-999.00,-999.00,-999.00,-999.00,-999.00,-999.00,-999.00,-999.00,-999.00,-999.00,-999,-999.00,-999,-999.00,-999.00,-999.00,-999,-999.00,-999.00,-999.00,-999.00,-999.00,-999.00,-999.00,-999.00,-999.00,-999.00,-999.00,-999,-999.00,-999.00,-999.00,-999.00,-999.00,-999.00,-999.00
Rodentia,Cricetidae,Akodon,azarae,akodon azarae,2.00,25.27,-999.00,-999.00,-999.00,-999.00,39.95,23.50,4.00,-999.00,23.00,2.00,-999.00,-999.00,-999.00,4.59,1.25,-999.00,-999.00,-999.00,7679.65,-999.00,61.87,-999.00,-999,1.00,2,14.44,-999.00,-999.00,730;890;896;1297;1822;1849;2034;2655,-999.00,-999.00,-999.00,-999.00,1071237.32,-20.62,-38.69,-29.65,-53.53,-67.94,-60.74,0,27.80,1.00,0.07,76.67,177.53,877.56,1078.08
Rodentia,Cricetidae,Akodon,bogotensis,akodon bogotensis,-999.00,12.99,-999.00,-999.00,-999.00,-999.00,-999.00,-999.00,-999.00,-999.00,-999.00,-999.00,-999.00,-999.00,-999.00,-999.00,-999.00,-999.00,-999.00,-999.00,-999.00,-999.00,-999.00,-999.00,-999,-999.00,-999,-999.00,-999.00,-999.00,2655,-999.00,-999.00,-999.00,-999.00,117248.52,10.03,2.08,6.06,-69.82,-75.42,-72.62,2,73.76,5.00,0.09,109.88,201.66,1394.45,1555.13
Rodentia,Cricetidae,Akodon,boliviensis,akodon boliviensis,2.00,27.50,-999.00,-999.00,-999.00,-999.00,-999.00,-999.00,3.00,-999.00,-999.00,1.00,-999.00,-999.00,-999.00,4.86,-999.00,-999.00,-999.00,-999.00,-999.00,-999.00,-999.00,-999.00,-999,1.00,2,-999.00,-999.00,-999.00,890;1297;2655,-999.00,-999.00,-999.00,-999.00,530195.66,-12.06,-29.36,-20.71,-63.19,-75.04,-69.11,0,16.56,1.00,0.08,80.06,97.74,783.36,1337.88
Rodentia,Cricetidae,Akodon,budini,akodon budini,-999.00,26.90,-999.00,-999.00,-999.00,-999.00,-999.00,-999.00,-999.00,-999.00,-999.00,-999.00,-999.00,-999.00,-999.00,-999.00,-999.00,-999.00,-999.00,-999.00,-999.00,-999.00,-999.00,-999.00,-999,-999.00,-999,-999.00,-999.00,-999.00,2655,-999.00,-999.00,-999.00,-999.00,20316.47,-22.15,-24.75,-23.45,-65.46,-66.70,-66.08,0,3.67,0.00,0.15,40.90,-11.27,582.44,1257.52
Rodentia,Cricetidae,Akodon,cursor,akodon cursor,1.00,39.84,-999.00,-999.00,-999.00,-999.00,-999.00,-999.00,4.00,-999.00,-999.00,1.00,-999.00,-999.00,-999.00,-999.00,-999.00,-999.00,-999.00,-999.00,442.88,-999.00,-999.00,-999.00,-999,1.00,2,-999.00,-999.00,-999.00,730;890;905;2655,-999.00,-999.00,-999.00,-999.00,1450284.06,-15.07,-29.44,-22.26,-41.26,-61.47,-51.37,0,70.49,0.00,0.06,123.19,205.84,1156.24,1307.89
Rodentia,Cricetidae,Akodon,dayi,akodon dayi,1.00,32.49,-999.00,-999.00,-999.00,-999.00,-999.00,-999.00,-999.00,-999.00,-999.00,-999.00,-999.00,-999.00,-999.00,-999.00,-999.00,-999.00,-999.00,-999.00,-999.00,-999.00,-999.00,-999.00,-999,-999.00,-999,-999.00,-999.00,-999.00,905;2655,-999.00,-999.00,-999.00,-999.00,290923.10,-10.54,-18.80,-14.67,-62.35,-68.85,-65.60,0,12.66,0.00,0.20,95.97,208.81,1245.51,1479.63
Rodentia,Cricetidae,Akodon,dolores,akodon dolores,-999.00,50.49,-999.00,-999.00,-999.00,-999.00,-999.00,-999.00,-999.00,-999.00,-999.00,-999.00,-999.00,-999.00,-999.00,3.89,-999.00,-999.00,2.94,-999.00,-999.00,-999.00,-999.00,-999.00,-999,-999.00,-999,-999.00,-999.00,-999.00,1297;2655,-999.00,-999.00,-999.00,-999.00,72177.75,-28.45,-33.78,-31.11,-63.04,-65.84,-64.44,2,20.82,2.00,0.09,55.24,161.50,677.35,1013.70
Rodentia,Cricetidae,Akodon,fumeus,akodon fumeus,-999.00,22.69,-999.00,-999.00,-999.00,-999.00,-999.00,-999.00,-999.00,-999.00,-999.00,-999.00,-999.00,-999.00,-999.00,-999.00,-999.00,-999.00,-999.00,-999.00,-999.00,-999.00,-999.00,-999.00,-999,-999.00,-999,-999.00,-999.00,-999.00,2655,-999.00,-999.00,-999.00,-999.00,176335.16,-13.25,-22.46,-17.86,-63.17,-70.47,-66.82,1,19.59,1.00,0.11,103.06,153.05,1030.19,1433.39
Rodentia,Cricetidae,Akodon,iniscatus,akodon iniscatus,-999.00,28.70,-999.00,-999.00,-999.00,-999.00,-999.00,-999.00,-999.00,-999.00,-999.00,-999.00,-999.00,-999.00,-999.00,-999.00,-999.00,-999.00,-999.00,-999.00,-999.00,-999.00,-999.00,-999.00,-999,-999.00,-999,-999.00,-999.00,-999.00,2655,-999.00,-999.00,-999.00,-999.00,395416.66,-38.89,-50.20,-44.54,-64.95,-73.05,-69.00,0,2.05,0.00,0.13,21.27,90.68,278.40,587.96
Rodentia,Cricetidae,Akodon,juninensis,akodon juninensis,-999.00,38.99,-999.00,-999.00,-999.00,-999.00,-999.00,-999.00,-999.00,-999.00,-999.00,-999.00,-999.00,-999.00,-999.00,-999.00,-999.00,-999.00,-999.00,-999.00,-999.00,-999.00,-999.00,-999.00,-999,-999.00,-999,-999.00,-999.00,-999.00,2655,-999.00,-999.00,-999.00,-999.00,164823.93,-6.60,-14.20,-10.40,-72.91,-78.62,-75.76,3,20.47,4.00,0.08,99.24,127.23,961.38,1424.49
Rodentia,Cricetidae,Akodon,kofordi,akodon kofordi,-999.00,29.49,-999.00,-999.00,-999.00,-999.00,-999.00,-999.00,-999.00,-999.00,-999.00,-999.00,-999.00,-999.00,-999.00,-999.00,-999.00,-999.00,-999.00,-999.00,-999.00,-999.00,-999.00,-999.00,-999,-999.00,-999,-999.00,-999.00,-999.00,2655,-999.00,-999.00,-999.00,-999.00,21268.55,-12.87,-14.52,-13.70,-69.08,-71.62,-70.35,1,6.87,1.00,0.05,333.69,89.47,1387.81,1429.91
Rodentia,Cricetidae,Akodon,latebricola,akodon latebricola,-999.00,38.99,-999.00,-999.00,-999.00,-999.00,-999.00,-999.00,-999.00,-999.00,-999.00,-999.00,-999.00,-999.00,-999.00,-999.00,-999.00,-999.00,-999.00,-999.00,-999.00,-999.00,-999.00,-999.00,-999,-999.00,-999,-999.00,-999.00,-999.00,2655,-999.00,-999.00,-999.00,-999.00,62437.75,0.87,-4.69,-1.91,-77.48,-79.44,-78.46,2,49.11,4.00,0.11,153.63,164.19,1226.33,1404.97
Rodentia,Cricetidae,Akodon,leucolimnaeus,akodon leucolimnaeus,-999.00,-999.00,-999.00,-999.00,-999.00,-999.00,-999.00,-999.00,-999.00,-999.00,-999.00,-999.00,-999.00,-999.00,-999.00,-999.00,-999.00,-999.00,-999.00,-999.00,-999.00,-999.00,-999.00,-999.00,-999,-999.00,-999,-999.00,-999.00,-999.00,-999,-999.00,-999.00,-999.00,-999.00,-999.00,-999.00,-999.00,-999.00,-999.00,-999.00,-999.00,-999,-999.00,-999.00,-999.00,-999.00,-999.00,-999.00,-999.00
Rodentia,Cricetidae,Akodon,lindberghi,akodon lindberghi,-999.00,26.40,-999.00,-999.00,-999.00,-999.00,-999.00,-999.00,-999.00,-999.00,-999.00,-999.00,-999.00,-999.00,-999.00,-999.00,-999.00,-999.00,-999.00,-999.00,-999.00,-999.00,-999.00,-999.00,-999,-999.00,-999,-999.00,-999.00,-999.00,2655,-999.00,-999.00,-999.00,-999.00,2400.72,-13.90,-14.40,-14.15,-46.08,-46.57,-46.33,3,5.99,3.00,0.11,127.74,208.24,1072.25,1530.00
Rodentia,Cricetidae,Akodon,lutescens,akodon lutescens,-999.00,20.69,-999.00,97.00,-999.00,-999.00,-999.00,-999.00,-999.00,-999.00,-999.00,-999.00,-999.00,-999.00,-999.00,-999.00,-999.00,-999.00,-999.00,-999.00,-999.00,-999.00,-999.00,-999.00,-999,-999.00,-999,-999.00,-999.00,-999.00,791;2655,-999.00,-999.00,-999.00,-999.00,318909.65,-13.39,-26.99,-20.19,-63.13,-70.85,-66.99,1,17.85,1.00,0.10,88.47,113.52,853.90,1367.50
Rodentia,Cricetidae,Akodon,mimus,akodon mimus,-999.00,23.99,-999.00,-999.00,-999.00,-999.00,-999.00,-999.00,-999.00,-999.00,-999.00,-999.00,-999.00,-999.00,-999.00,-999.00,-999.00,-999.00,-999.00,-999.00,-999.00,-999.00,-999.00,-999.00,-999,-999.00,-999,-999.00,-999.00,-999.00,2655,-999.00,-999.00,-999.00,-999.00,76741.65,-13.45,-18.25,-15.85,-63.95,-70.34,-67.14,1,21.45,1.00,0.14,131.58,141.34,1160.37,1420.70
Rodentia,Cricetidae,Akodon,molinae,akodon molinae,-999.00,32.99,-999.00,-999.00,-999.00,91.25,-999.00,-999.00,-999.00,-999.00,23.00,1.00,-999.00,-999.00,30.00,3.77,-999.00,-999.00,2.94,-999.00,-999.00,-999.00,28.07,-999.00,-999,1.00,-999,26.00,-999.00,-999.00,890;1297;2655,-999.00,3.90,-999.00,-999.00,139180.17,-33.70,-39.73,-36.71,-61.41,-68.77,-65.09,0,4.76,0.00,0.10,30.73,143.13,435.85,807.16
Rodentia,Cricetidae,Akodon,mollis,akodon mollis,-999.00,30.39,-999.00,-999.00,-999.00,-999.00,-999.00,-999.00,-999.00,-999.00,-999.00,-999.00,-999.00,-999.00,-999.00,-999.00,-999.00,-999.00,-999.00,-999.00,-999.00,-999.00,-999.00,-999.00,-999,-999.00,-999,-999.00,-999.00,-999.00,2655,-999.00,-999.00,-999.00,-999.00,96269.64,-1.48,-5.16,-3.32,-75.98,-81.01,-78.49,0,59.38,2.00,0.10,157.29,225.99,1112.01,1396.49
Rodentia,Cricetidae,Akodon,montensis,akodon montensis,-999.00,-999.00,-999.00,75.00,-999.00,-999.00,-999.00,-999.00,-999.00,-999.00,-999.00,-999.00,-999.00,-999.00,-999.00,-999.00,-999.00,-999.00,-999.00,-999.00,-999.00,-999.00,-999.00,-999.00,-999,-999.00,-999,-999.00,-999.00,-999.00,1843,13.52,-999.00,-999.00,-999.00,-999.00,-999.00,-999.00,-999.00,-999.00,-999.00,-999.00,-999,-999.00,-999.00,-999.00,-999.00,-999.00,-999.00,-999.00
Rodentia,Cricetidae,Akodon,mystax,akodon mystax,-999.00,-999.00,-999.00,-999.00,-999.00,-999.00,-999.00,-999.00,-999.00,-999.00,-999.00,-999.00,-999.00,-999.00,-999.00,-999.00,-999.00,-999.00,-999.00,-999.00,-999.00,-999.00,-999.00,-999.00,-999,-999.00,-999,-999.00,-999.00,-999.00,-999,-999.00,-999.00,-999.00,-999.00,-999.00,-999.00,-999.00,-999.00,-999.00,-999.00,-999.00,-999,-999.00,-999.00,-999.00,-999.00,-999.00,-999.00,-999.00
Rodentia,Cricetidae,Akodon,neocenus,akodon neocenus,-999.00,42.39,-999.00,-999.00,-999.00,-999.00,-999.00,-999.00,-999.00,-999.00,-999.00,-999.00,-999.00,-999.00,-999.00,-999.00,-999.00,-999.00,-999.00,-999.00,-999.00,-999.00,-999.00,-999.00,-999,-999.00,-999,-999.00,-999.00,-999.00,2655,-999.00,-999.00,-999.00,-999.00,74279.32,-38.06,-40.72,-39.39,-61.97,-69.40,-65.68,0,4.08,0.00,0.13,24.08,140.94,338.65,765.03
Rodentia,Cricetidae,Akodon,oenos,akodon oenos,-999.00,-999.00,-999.00,-999.00,-999.00,-999.00,-999.00,-999.00,-999.00,-999.00,-999.00,-999.00,-999.00,-999.00,-999.00,-999.00,-999.00,-999.00,-999.00,-999.00,-999.00,-999.00,-999.00,-999.00,-999,-999.00,-999,-999.00,-999.00,-999.00,-999,-999.00,-999.00,-999.00,-999.00,-999.00,-999.00,-999.00,-999.00,-999.00,-999.00,-999.00,-999,-999.00,-999.00,-999.00,-999.00,-999.00,-999.00,-999.00
Rodentia,Cricetidae,Akodon,orophilus,akodon orophilus,-999.00,38.99,-999.00,-999.00,-999.00,-999.00,-999.00,-999.00,-999.00,-999.00,-999.00,-999.00,-999.00,-999.00,-999.00,-999.00,-999.00,-999.00,-999.00,-999.00,-999.00,-999.00,-999.00,-999.00,-999,-999.00,-999,-999.00,-999.00,-999.00,2655,-999.00,-999.00,-999.00,-999.00,73051.28,-4.58,-9.61,-7.09,-75.30,-78.60,-76.95,2,12.61,2.00,0.14,128.09,206.87,1227.84,1447.63
Rodentia,Cricetidae,Akodon,paranaensis,akodon paranaensis,-999.00,-999.00,-999.00,-999.00,-999.00,-999.00,-999.00,-999.00,-999.00,-999.00,-999.00,-999.00,-999.00,-999.00,-999.00,-999.00,-999.00,-999.00,-999.00,-999.00,-999.00,-999.00,-999.00,-999.00,-999,-999.00,-999,-999.00,-999.00,-999.00,-999,-999.00,-999.00,-999.00,-999.00,-999.00,-999.00,-999.00,-999.00,-999.00,-999.00,-999.00,-999,-999.00,-999.00,-999.00,-999.00,-999.00,-999.00,-999.00
Rodentia,Cricetidae,Akodon,pervalens,akodon pervalens,-999.00,-999.00,-999.00,-999.00,-999.00,-999.00,-999.00,-999.00,-999.00,-999.00,-999.00,-999.00,-999.00,-999.00,-999.00,-999.00,-999.00,-999.00,-999.00,-999.00,-999.00,-999.00,-999.00,-999.00,-999,-999.00,-999,-999.00,-999.00,-999.00,-999,-999.00,-999.00,-999.00,-999.00,-999.00,-999.00,-999.00,-999.00,-999.00,-999.00,-999.00,-999,-999.00,-999.00,-999.00,-999.00,-999.00,-999.00,-999.00
Rodentia,Cricetidae,Akodon,reigi,akodon reigi,-999.00,-999.00,-999.00,-999.00,-999.00,-999.00,-999.00,-999.00,-999.00,-999.00,-999.00,-999.00,-999.00,-999.00,-999.00,-999.00,-999.00,-999.00,-999.00,-999.00,-999.00,-999.00,-999.00,-999.00,-999,-999.00,-999,-999.00,-999.00,-999.00,-999,-999.00,-999.00,-999.00,-999.00,-999.00,-999.00,-999.00,-999.00,-999.00,-999.00,-999.00,-999,-999.00,-999.00,-999.00,-999.00,-999.00,-999.00,-999.00
Rodentia,Cricetidae,Akodon,sanctipaulensis,akodon sanctipaulensis,-999.00,27.10,-999.00,88.25,-999.00,-999.00,-999.00,-999.00,-999.00,-999.00,-999.00,-999.00,-999.00,-999.00,-999.00,-999.00,-999.00,-999.00,-999.00,-999.00,-999.00,-999.00,-999.00,-999.00,-999,-999.00,-999,-999.00,-999.00,-999.00,618;2655,-999.00,-999.00,-999.00,-999.00,79134.33,-21.78,-25.04,-23.41,-44.79,-49.76,-47.28,8,247.12,12.00,0.08,143.72,189.66,1253.58,1329.77
Rodentia,Cricetidae,Akodon,serrensis,akodon serrensis,-999.00,28.30,-999.00,95.97,-999.00,-999.00,-999.00,-999.00,-999.00,-999.00,-999.00,-999.00,-999.00,-999.00,-999.00,-999.00,-999.00,-999.00,-999.00,-999.00,-999.00,-999.00,-999.00,-999.00,-999,-999.00,-999,-999.00,-999.00,-999.00,618;2655,-999.00,-999.00,-999.00,-999.00,51047.49,-22.81,-26.11,-24.46,-47.04,-54.72,-50.88,10,43.75,12.00,0.07,152.66,199.34,1259.78,1267.49
Rodentia,Cricetidae,Akodon,siberiae,akodon siberiae,-999.00,34.60,-999.00,-999.00,-999.00,-999.00,-999.00,-999.00,-999.00,-999.00,-999.00,-999.00,-999.00,-999.00,-999.00,-999.00,-999.00,-999.00,-999.00,-999.00,-999.00,-999.00,-999.00,-999.00,-999,-999.00,-999,-999.00,-999.00,-999.00,2655,-999.00,-999.00,-999.00,-999.00,32319.18,-16.31,-18.51,-17.41,-64.27,-66.94,-65.60,3,20.86,4.00,0.24,70.95,173.72,990.36,1386.02
Rodentia,Cricetidae,Akodon,simulator,akodon simulator,-999.00,42.50,-999.00,-999.00,-999.00,-999.00,-999.00,-999.00,-999.00,-999.00,-999.00,-999.00,-999.00,-999.00,-999.00,-999.00,-999.00,-999.00,-999.00,-999.00,-999.00,-999.00,-999.00,-999.00,-999,-999.00,-999,-999.00,-999.00,-999.00,2655,-999.00,-999.00,-999.00,-999.00,160100.28,-21.28,-28.96,-25.12,-62.55,-66.55,-64.55,1,16.07,1.00,0.12,55.54,133.57,721.26,1274.21
Rodentia,Cricetidae,Akodon,spegazzinii,akodon spegazzinii,-999.00,28.60,-999.00,98.99,-999.00,-999.00,-999.00,-999.00,-999.00,-999.00,-999.00,-999.00,-999.00,-999.00,-999.00,-999.00,-999.00,-999.00,-999.00,-999.00,-999.00,-999.00,-999.00,-999.00,-999,-999.00,-999,-999.00,-999.00,-999.00,791;2655,-999.00,-999.00,-999.00,-999.00,83477.58,-23.80,-27.82,-25.81,-64.39,-66.90,-65.65,0,20.50,1.00,0.14,52.42,69.90,657.38,1262.17
Rodentia,Cricetidae,Akodon,subfuscus,akodon subfuscus,-999.00,30.39,-999.00,-999.00,-999.00,-999.00,-999.00,-999.00,-999.00,-999.00,-999.00,-999.00,-999.00,-999.00,-999.00,-999.00,-999.00,-999.00,-999.00,-999.00,-999.00,-999.00,-999.00,-999.00,-999,-999.00,-999,-999.00,-999.00,-999.00,2655,-999.00,-999.00,-999.00,-999.00,353423.95,-10.00,-17.59,-13.80,-65.28,-77.41,-71.34,0,21.82,1.00,0.09,100.64,102.33,929.01,1370.18
Rodentia,Cricetidae,Akodon,surdus,akodon surdus,-999.00,38.99,-999.00,-999.00,-999.00,-999.00,-999.00,-999.00,-999.00,-999.00,-999.00,-999.00,-999.00,-999.00,-999.00,-999.00,-999.00,-999.00,-999.00,-999.00,-999.00,-999.00,-999.00,-999.00,-999,-999.00,-999,-999.00,-999.00,-999.00,2655,-999.00,-999.00,-999.00,-999.00,17420.46,-12.08,-13.71,-12.90,-72.02,-73.69,-72.86,6,15.51,6.00,0.08,72.79,178.64,786.09,1400.17
Rodentia,Cricetidae,Akodon,sylvanus,akodon sylvanus,-999.00,38.99,-999.00,-999.00,-999.00,-999.00,-999.00,-999.00,-999.00,-999.00,-999.00,-999.00,-999.00,-999.00,-999.00,-999.00,-999.00,-999.00,-999.00,-999.00,-999.00,-999.00,-999.00,-999.00,-999,-999.00,-999,-999.00,-999.00,-999.00,2655,-999.00,-999.00,-999.00,-999.00,48393.63,-18.80,-24.11,-21.45,-63.74,-65.71,-64.73,3,10.74,3.00,0.12,68.04,120.57,807.59,1466.12
Rodentia,Cricetidae,Akodon,toba,akodon toba,-999.00,51.20,-999.00,-999.00,-999.00,-999.00,-999.00,-999.00,-999.00,-999.00,-999.00,-999.00,-999.00,-999.00,-999.00,-999.00,-999.00,-999.00,-999.00,-999.00,-999.00,-999.00,-999.00,-999.00,-999,-999.00,-999,-999.00,-999.00,-999.00,2655,-999.00,-999.00,-999.00,-999.00,402084.39,-17.51,-26.94,-22.23,-57.45,-63.13,-60.29,0,4.17,0.00,0.06,77.69,235.84,979.40,1218.26
Rodentia,Cricetidae,Akodon,torques,akodon torques,-999.00,38.99,-999.00,-999.00,-999.00,-999.00,-999.00,-999.00,-999.00,-999.00,-999.00,-999.00,-999.00,-999.00,-999.00,-999.00,-999.00,-999.00,-999.00,-999.00,-999.00,-999.00,-999.00,-999.00,-999,-999.00,-999,-999.00,-999.00,-999.00,2655,-999.00,-999.00,-999.00,-999.00,41379.72,-12.37,-14.51,-13.44,-69.12,-73.69,-71.40,4,13.84,4.00,0.07,199.78,123.62,1093.18,1408.44
Rodentia,Cricetidae,Akodon,varius,akodon varius,-999.00,40.00,-999.00,-999.00,-999.00,-999.00,-999.00,-999.00,1.00,-999.00,-999.00,2.00,-999.00,-999.00,-999.00,-999.00,-999.00,-999.00,-999.00,-999.00,-999.00,-999.00,-999.00,-999.00,-999,1.00,3,-999.00,-999.00,-999.00,890;2655,-999.00,-999.00,-999.00,-999.00,245945.15,-16.21,-22.36,-19.29,-61.88,-67.16,-64.52,1,13.45,1.00,0.14,74.30,181.74,938.11,1424.30
Artiodactyla,Bovidae,Alcelaphus,buselaphus,alcelaphus buselaphus,3.00,160937.86,-999.00,1974.99,-999.00,927.70,-999.00,-999.00,2.00,-999.00,242.66,1.00,2.73,1.59,345.50,1.00,-999.00,240.00,12500.00,-999.00,3.65,-999.00,827.69,20.00,2,1.00,1,188.73,47894.46,-999.00,543;730;869;1297;1525;1573;1763;1848;2629;2655;2693;2986,-999.00,1.13,-999.00,-999.00,4706770.40,17.65,-6.03,5.81,45.78,-15.68,15.05,0,35.08,1.00,0.12,93.92,247.10,957.29,1598.47
Artiodactyla,Bovidae,Alcelaphus,caama,alcelaphus caama,-999.00,176115.97,-999.00,-999.00,-999.00,-999.00,-999.00,-999.00,-999.00,-999.00,-999.00,-999.00,-999.00,-999.00,-999.00,-999.00,-999.00,183.96,-999.00,-999.00,3.18,-999.00,-999.00,-999.00,2,-999.00,-999,-999.00,-999.00,-999.00,869;1525;2693,-999.00,-999.00,-999.00,-999.00,873624.18,-16.05,-27.32,-21.68,27.42,14.27,20.84,0,2.48,0.00,0.09,32.47,207.43,443.83,1433.22
Artiodactyla,Bovidae,Alcelaphus,lichtensteinii,alcelaphus lichtensteinii,-999.00,168695.66,-999.00,-999.00,-999.00,730.00,-999.00,-999.00,3.00,-999.00,237.00,1.00,4.41,-999.00,365.00,0.98,-999.00,-999.00,15000.00,-999.00,1.71,-999.00,596.29,10.00,-999,1.00,1,-999.00,-999.00,-999.00,869;1297;1525;1848;2629;2655;2693,-999.00,1.10,-999.00,-999.00,2264335.80,-1.36,-21.89,-11.63,39.41,19.07,29.24,1,21.99,2.00,0.20,91.49,222.42,908.73,1494.78
Artiodactyla,Cervidae,Alces,alces,alces alces,2.00,461900.76,-999.00,2930.47,-999.00,1216.66,-999.00,-999.00,1.00,-999.00,235.00,1.00,71.75,73.26,365.00,1.25,1.70,324.00,12999.99,-999.00,0.40,-999.00,668.20,1.00,4,1.00,1,98.85,86299.96,-999.00,543;653;730;1013;1297;1418;1555;1573;1763;2525;2573;2620;2655;2890;2986;3009;3010,-999.00,-999.00,-999.00,-999.00,-999.00,-999.00,-999.00,-999.00,-999.00,-999.00,-999.00,-999,-999.00,-999.00,-999.00,-999.00,-999.00,-999.00,-999.00
Artiodactyla,Cervidae,Alces,americanus,alces americanus,-999.00,541460.44,-999.00,2097.16,-999.00,-999.00,-999.00,-999.00,2.00,-999.00,245.00,-999.00,-999.00,-999.00,-999.00,1.00,-999.00,300.00,13499.99,-999.00,-999.00,-999.00,631.37,-999.00,-999,-999.00,1,182.50,-999.00,-999.00,495;1013;1404;2718;3009;3010,-999.00,-999.00,-999.00,-999.00,-999.00,-999.00,-999.00,-999.00,-999.00,-999.00,-999.00,-999,-999.00,-999.00,-999.00,-999.00,-999.00,-999.00,-999.00
Chiroptera,Pteropodidae,Alionycteris,paucidentata,alionycteris paucidentata,-999.00,16.24,44.61,63.80,-999.00,-999.00,-999.00,-999.00,-999.00,-999.00,-999.00,1.00,-999.00,-999.00,-999.00,-999.00,-999.00,-999.00,-999.00,-999.00,-999.00,-999.00,-999.00,-999.00,-999,2.00,-999,-999.00,-999.00,-999.00,1439;1647;1658;2151;2655,-999.00,-999.00,-999.00,-999.00,168.30,7.92,7.79,7.86,124.51,124.38,124.45,110,145.00,110.00,0.06,187.00,200.00,1589.50,1723.50
Rodentia,Dipodidae,Allactaga,balikunica,allactaga balikunica,-999.00,-999.00,-999.00,-999.00,-999.00,-999.00,-999.00,-999.00,-999.00,-999.00,-999.00,-999.00,-999.00,-999.00,-999.00,-999.00,-999.00,-999.00,-999.00,-999.00,-999.00,-999.00,-999.00,-999.00,-999,-999.00,-999,-999.00,-999.00,-999.00,-999,-999.00,-999.00,-999.00,-999.00,308292.15,44.12,40.77,42.44,109.71,94.89,102.30,0,1.49,0.00,0.02,12.73,35.14,110.00,580.69
Rodentia,Dipodidae,Allactaga,bullata,allactaga bullata,-999.00,-999.00,-999.00,-999.00,-999.00,-999.00,-999.00,-999.00,-999.00,-999.00,-999.00,-999.00,-999.00,-999.00,-999.00,2.52,-999.00,-999.00,-999.00,-999.00,-999.00,-999.00,-999.00,-999.00,-999,-999.00,-999,-999.00,-999.00,-999.00,1297,-999.00,-999.00,-999.00,-999.00,848001.94,50.02,41.36,45.69,114.45,91.95,103.20,0,2.14,0.00,0.01,16.27,-0.28,201.24,557.81
Rodentia,Dipodidae,Allactaga,elater,allactaga elater,-999.00,59.00,-999.00,-999.00,-999.00,-999.00,-999.00,-999.00,-999.00,-999.00,-999.00,-999.00,-999.00,-999.00,-999.00,4.47,2.00,-999.00,-999.00,-999.00,-999.00,-999.00,105.22,-999.00,-999,-999.00,-999,32.31,-999.00,-999.00,1297;2151;2655,-999.00,-999.00,-999.00,-999.00,4512224.20,51.87,27.04,39.46,94.70,43.26,68.98,0,22.86,1.00,0.08,18.42,109.79,242.11,863.10
Rodentia,Dipodidae,Allactaga,euphratica,allactaga euphratica,-999.00,232.00,-999.00,-999.00,14.00,-999.00,-999.00,-999.00,-999.00,-999.00,-999.00,-999.00,-999.00,-999.00,-999.00,4.99,-999.00,50.40,-999.00,-999.00,-999.00,-999.00,-999.00,-999.00,-999,-999.00,-999,-999.00,-999.00,-999.00,543;1297;2151;2655,-999.00,-999.00,-999.00,-999.00,-999.00,-999.00,-999.00,-999.00,-999.00,-999.00,-999.00,-999,-999.00,-999.00,-999.00,-999.00,-999.00,-999.00,-999.00
Rodentia,Dipodidae,Allactaga,firouzi,allactaga firouzi,-999.00,-999.00,-999.00,-999.00,-999.00,-999.00,-999.00,-999.00,-999.00,-999.00,-999.00,-999.00,-999.00,-999.00,-999.00,-999.00,-999.00,-999.00,-999.00,-999.00,-999.00,-999.00,-999.00,-999.00,-999,-999.00,-999,-999.00,-999.00,-999.00,-999,-999.00,-999.00,-999.00,-999.00,200.77,31.79,31.63,31.71,51.88,51.73,51.81,37,37.00,37.00,0.08,12.00,95.00,345.00,1307.00
Rodentia,Dipodidae,Allactaga,hotsoni,allactaga hotsoni,-999.00,-999.00,-999.00,-999.00,-999.00,-999.00,-999.00,-999.00,-999.00,-999.00,-999.00,-999.00,-999.00,-999.00,-999.00,-999.00,-999.00,-999.00,-999.00,-999.00,-999.00,-999.00,-999.00,-999.00,-999,-999.00,-999,-999.00,-999.00,-999.00,-999,-999.00,-999.00,-999.00,-999.00,489818.52,33.56,26.69,30.12,66.87,56.53,61.70,3,13.19,3.00,0.18,8.58,196.39,132.70,1251.74
Rodentia,Dipodidae,Allactaga,major,allactaga major,-999.00,-999.00,-999.00,-999.00,-999.00,-999.00,-999.00,-999.00,-999.00,-999.00,-999.00,-999.00,-999.00,-999.00,-999.00,3.49,-999.00,-999.00,-999.00,-999.00,-999.00,-999.00,377.57,-999.00,-999,-999.00,-999,45.36,-999.00,-999.00,1297;2151,-999.00,-999.00,-999.00,-999.00,4637648.53,56.71,41.02,48.87,86.23,28.98,57.61,0,23.80,1.00,3.79679339290684e-03,27.13,47.73,330.57,544.14
Rodentia,Dipodidae,Allactaga,severtzovi,allactaga severtzovi,-999.00,-999.00,-999.00,-999.00,-999.00,-999.00,-999.00,-999.00,-999.00,-999.00,-999.00,-999.00,-999.00,-999.00,-999.00,3.93,-999.00,-999.00,-999.00,-999.00,-999.00,-999.00,-999.00,-999.00,-999,-999.00,-999,-999.00,-999.00,-999.00,1297,-999.00,-999.00,-999.00,-999.00,1143125.94,46.90,37.47,42.18,80.57,50.21,65.39,0,22.88,0.00,0.02,15.57,95.89,214.55,706.65
Rodentia,Dipodidae,Allactaga,sibirica,allactaga sibirica,-999.00,-999.00,-999.00,-999.00,-999.00,-999.00,-999.00,-999.00,-999.00,-999.00,-999.00,-999.00,-999.00,-999.00,-999.00,3.44,1.00,-999.00,-999.00,-999.00,-999.00,-999.00,-999.00,-999.00,-999,-999.00,-999,-999.00,-999.00,-999.00,1297,-999.00,-999.00,-999.00,-999.00,5412535.66,54.31,36.93,45.62,127.23,50.21,88.72,0,17.05,0.00,0.03,19.98,21.36,266.90,589.78
Rodentia,Dipodidae,Allactaga,tetradactyla,allactaga tetradactyla,-999.00,52.00,-999.00,-999.00,-999.00,-999.00,-999.00,-999.00,-999.00,-999.00,-999.00,-999.00,-999.00,-999.00,-999.00,-999.00,-999.00,-999.00,-999.00,-999.00,-999.00,-999.00,-999.00,-999.00,-999,-999.00,-999,-999.00,-999.00,-999.00,2655,-999.00,-999.00,-999.00,-999.00,336436.37,32.93,28.62,30.78,32.67,19.92,26.29,1,139.66,1.00,0.19,5.97,200.95,96.99,1312.96
Rodentia,Dipodidae,Allactaga,vinogradovi,allactaga vinogradovi,-999.00,-999.00,-999.00,-999.00,-999.00,-999.00,-999.00,-999.00,-999.00,-999.00,-999.00,-999.00,-999.00,-999.00,-999.00,-999.00,-999.00,-999.00,-999.00,-999.00,-999.00,-999.00,-999.00,-999.00,-999,-999.00,-999,-999.00,-999.00,-999.00,-999,-999.00,-999.00,-999.00,-999.00,158260.74,45.73,39.51,42.62,75.02,66.75,70.89,1,43.64,1.00,0.01,22.66,103.19,252.93,678.20
Rodentia,Dipodidae,Allactaga,williamsi,allactaga williamsi,-999.00,-999.00,-999.00,-999.00,-999.00,-999.00,-999.00,-999.00,-999.00,-999.00,-999.00,-999.00,-999.00,-999.00,-999.00,-999.00,-999.00,-999.00,-999.00,-999.00,-999.00,-999.00,-999.00,-999.00,-999,-999.00,-999,-999.00,-999.00,-999.00,-999,-999.00,-999.00,-999.00,-999.00,-999.00,-999.00,-999.00,-999.00,-999.00,-999.00,-999.00,-999,-999.00,-999.00,-999.00,-999.00,-999.00,-999.00,-999.00
Rodentia,Dipodidae,Allactodipus,bobrinskii,allactodipus bobrinskii,-999.00,-999.00,-999.00,-999.00,-999.00,-999.00,-999.00,-999.00,-999.00,-999.00,-999.00,-999.00,-999.00,-999.00,-999.00,5.15,-999.00,-999.00,-999.00,-999.00,-999.00,-999.00,-999.00,-999.00,-999,-999.00,-999,-999.00,-999.00,-999.00,1297,-999.00,-999.00,-999.00,-999.00,399243.97,44.32,38.62,41.47,67.61,52.41,60.01,0,19.29,0.00,0.06,10.42,123.82,189.53,753.64
Primates,Cercopithecidae,Allenopithecus,nigroviridis,allenopithecus nigroviridis,3.00,4749.96,-999.00,459.99,-999.00,-999.00,-999.00,-999.00,-999.00,-999.00,-999.00,-999.00,-999.00,-999.00,-999.00,1.01,-999.00,276.00,240.71,-999.00,-999.00,-999.00,-999.00,40.00,-999,-999.00,-999,106.15,-999.00,-999.00,208;543;1297;1544;1547;1848;2344;2655,-999.00,-999.00,-999.00,-999.00,609031.19,3.50,-3.85,-0.17,25.29,16.08,20.68,1,8.59,1.00,0.16,157.40,251.65,1517.75,1589.35
Primates,Cheirogaleidae,Allocebus,trichotis,allocebus trichotis,2.00,78.09,-999.00,133.99,-999.00,-999.00,-999.00,-999.00,4.00,-999.00,-999.00,1.00,-999.00,-999.00,-999.00,1.00,1.00,-999.00,-999.00,-999.00,-999.00,2.00,-999.00,1.00,-999,2.00,2,-999.00,-999.00,125.00,899;1046;1261;1544;1547;1848;2151;2344;2655,-999.00,-999.00,-999.00,57.15,42488.06,-13.99,-19.18,-16.59,50.48,48.22,49.35,8,30.01,11.00,0.17,190.23,203.17,1388.15,1653.74
Rodentia,Cricetidae,Allocricetulus,curtatus,allocricetulus curtatus,-999.00,-999.00,-999.00,-999.00,-999.00,-999.00,-999.00,-999.00,-999.00,-999.00,-999.00,-999.00,-999.00,-999.00,-999.00,5.19,-999.00,-999.00,-999.00,-999.00,-999.00,-999.00,-999.00,-999.00,-999,-999.00,-999,-999.00,-999.00,-999.00,1297,-999.00,-999.00,-999.00,-999.00,974905.89,53.75,41.29,47.52,118.58,95.98,107.28,0,4.83,0.00,0.05,21.51,-12.67,273.12,530.06
Rodentia,Cricetidae,Allocricetulus,eversmanni,allocricetulus eversmanni,-999.00,-999.00,-999.00,-999.00,-999.00,-999.00,-999.00,-999.00,-999.00,-999.00,-999.00,-999.00,-999.00,-999.00,-999.00,4.99,2.00,-999.00,-999.00,-999.00,-999.00,-999.00,-999.00,-999.00,-999,-999.00,-999,-999.00,-999.00,-999.00,1297,-999.00,-999.00,-999.00,-999.00,1887396.06,63.18,49.44,56.31,91.15,55.61,73.38,0,12.48,0.00,4.42234379191061e-03,33.52,-13.46,358.86,402.46
Primates,Atelidae,Alouatta,belzebul,alouatta belzebul,3.00,6157.91,-999.00,550.38,-999.00,-999.00,-999.00,-999.00,-999.00,-999.00,-999.00,1.00,-999.00,-999.00,-999.00,-999.00,-999.00,-999.00,-999.00,-999.00,17.00,-999.00,-999.00,7.40,-999,2.00,-999,-999.00,-999.00,-999.00,905;1544;1547;1848;2151;2344;2655;2986,-999.00,-999.00,-999.00,-999.00,1899561.77,0.08,-13.69,-6.80,-34.79,-60.64,-47.71,0,16.73,0.00,0.12,164.35,248.73,1286.55,1549.83
Primates,Atelidae,Alouatta,caraya,alouatta caraya,3.00,5576.96,-999.00,558.16,-999.00,1354.15,-999.00,-999.00,3.00,-999.00,185.92,-999.00,-999.00,-999.00,337.62,1.01,-999.00,243.60,260.60,-999.00,80.00,-999.00,1276.72,8.90,-999,-999.00,1,323.16,-999.00,-999.00,67;208;543;702;730;890;1297;1544;1547;1848;2128;2151;2344;2493;2655;2660;2986,-999.00,1.14,-999.00,-999.00,1534736.35,-12.10,-28.59,-20.34,-44.44,-65.47,-54.96,0,12.01,1.00,0.11,116.64,229.01,1193.12,1404.85
Primates,Atelidae,Alouatta,coibensis,alouatta coibensis,3.00,-999.00,-999.00,-999.00,-999.00,-999.00,-999.00,-999.00,-999.00,-999.00,-999.00,-999.00,-999.00,-999.00,-999.00,-999.00,-999.00,-999.00,-999.00,-999.00,-999.00,-999.00,-999.00,5.20,-999,-999.00,-999,-999.00,-999.00,-999.00,1544;2151,-999.00,-999.00,-999.00,-999.00,1159.16,7.94,7.31,7.63,-81.23,-81.89,-81.56,7,14.66,7.00,0.15,162.00,266.00,-999.00,-999.00
Primates,Atelidae,Alouatta,guariba,alouatta guariba,3.00,5188.33,-999.00,514.53,-999.00,-999.00,-999.00,-999.00,4.00,-999.00,-999.00,1.00,0.03,-999.00,-999.00,-999.00,-999.00,-999.00,-999.00,-999.00,89.09,-999.00,-999.00,7.40,-999,2.00,1,-999.00,-999.00,-999.00,890;905;1039;1132;1544;1848;2128;2151;2344;2488;2655;2986,-999.00,-999.00,-999.00,-999.00,825479.22,-12.66,-29.60,-21.13,-38.58,-54.70,-46.64,5,105.77,12.00,0.06,133.23,196.32,1225.70,1332.19
Primates,Atelidae,Alouatta,macconnelli,alouatta macconnelli,-999.00,-999.00,-999.00,-999.00,-999.00,-999.00,-999.00,-999.00,-999.00,-999.00,-999.00,-999.00,-999.00,-999.00,-999.00,-999.00,-999.00,-999.00,-999.00,-999.00,-999.00,-999.00,-999.00,-999.00,-999,-999.00,-999,-999.00,-999.00,-999.00,-999,-999.00,-999.00,-999.00,-999.00,1679178.24,8.64,-3.50,2.57,-49.88,-67.51,-58.69,0,2.84,0.00,0.12,162.09,249.75,1501.28,1695.13
Primates,Atelidae,Alouatta,nigerrima,alouatta nigerrima,-999.00,-999.00,-999.00,-999.00,-999.00,-999.00,-999.00,-999.00,-999.00,-999.00,-999.00,-999.00,-999.00,-999.00,-999.00,-999.00,-999.00,-999.00,-999.00,-999.00,-999.00,-999.00,-999.00,-999.00,-999,-999.00,-999,-999.00,-999.00,-999.00,-999,-999.00,-999.00,-999.00,-999.00,183994.30,-2.19,-9.07,-5.63,-55.22,-60.61,-57.92,0,1.44,0.00,0.09,170.18,256.74,1417.52,1594.65
Primates,Atelidae,Alouatta,palliata,alouatta palliata,3.00,6576.99,-999.00,576.35,-999.00,1382.13,2027.40,4670.00,2.00,-999.00,185.42,1.00,0.19,0.31,684.37,1.02,-999.00,300.00,318.29,-999.00,58.99,-999.00,1578.42,13.10,-999,2.00,1,495.60,1053.75,-999.00,208;543;702;730;890;905;1297;1544;1547;1577;1763;1767;1822;1848;2128;2151;2344;2489;2493;2655;2660;2986,-999.00,0.80,-999.00,-999.00,559554.92,18.71,-4.80,6.95,-76.77,-95.57,-86.17,2,62.18,4.00,0.13,185.26,237.38,1299.96,1633.87
Primates,Atelidae,Alouatta,pigra,alouatta pigra,3.00,7172.06,-999.00,566.94,-999.00,-999.00,-999.00,-999.00,2.00,-999.00,185.92,1.00,0.30,0.46,-999.00,1.01,-999.00,240.00,480.00,-999.00,8.53,-999.00,-999.00,5.50,-999,2.00,1,-999.00,-999.00,-999.00,543;702;730;905;1297;1544;1547;1848;2151;2344;2655;2660;2986,-999.00,-999.00,-999.00,-999.00,91384.80,21.60,16.00,18.80,-86.73,-92.43,-89.58,3,16.53,3.00,0.24,134.13,250.78,1373.84,1580.84
Primates,Atelidae,Alouatta,sara,alouatta sara,3.00,6611.04,-999.00,-999.00,-999.00,-999.00,-999.00,-999.00,-999.00,-999.00,-999.00,-999.00,-999.00,-999.00,-999.00,-999.00,-999.00,-999.00,-999.00,-999.00,-999.00,-999.00,-999.00,-999.00,-999,-999.00,-999,-999.00,-999.00,-999.00,1544;2151;2655,-999.00,-999.00,-999.00,-999.00,526742.28,-9.94,-19.49,-14.72,-57.79,-69.22,-63.50,0,3.04,0.00,0.13,109.48,244.89,1270.73,1488.29
Primates,Atelidae,Alouatta,seniculus,alouatta seniculus,3.00,6398.31,-999.00,560.21,-999.00,1671.70,-999.00,-999.00,6.00,-999.00,189.90,1.00,0.10,0.16,507.35,1.42,-999.00,300.00,293.42,-999.00,44.49,-999.00,1690.22,7.90,-999,2.00,2,370.04,-999.00,-999.00,208;451;543;702;730;890;905;1201;1297;1544;1547;1848;2128;2151;2308;2344;2431;2489;2493;2655;2660;2986,-999.00,0.93,-999.00,-999.00,2516845.21,12.20,-10.84,0.68,-60.66,-77.13,-68.89,0,23.29,0.00,0.10,182.34,250.82,1449.76,1574.93
Rodentia,Cricetidae,Alticola,albicaudus,alticola albicaudus,-999.00,-999.00,-999.00,-999.00,-999.00,-999.00,-999.00,-999.00,-999.00,-999.00,-999.00,-999.00,-999.00,-999.00,-999.00,-999.00,-999.00,-999.00,-999.00,-999.00,-999.00,-999.00,-999.00,-999.00,-999,-999.00,-999,-999.00,-999.00,-999.00,-999,-999.00,-999.00,-999.00,-999.00,33357.58,36.23,33.70,34.96,78.30,74.93,76.62,3,17.01,13.00,0.11,8.19,-49.57,251.98,909.46
Rodentia,Cricetidae,Alticola,argentatus,alticola argentatus,-999.00,37.69,-999.00,107.18,-999.00,-999.00,-999.00,-999.00,2.00,-999.00,-999.00,-999.00,-999.00,-999.00,-999.00,4.57,3.00,-999.00,-999.00,-999.00,-999.00,-999.00,-999.00,-999.00,-999,-999.00,1,-999.00,-999.00,-999.00,2104;2655,-999.00,-999.00,-999.00,-999.00,1225347.54,47.20,32.38,39.79,100.09,66.63,83.36,0,32.57,0.00,0.10,17.88,8.19,220.11,793.12
Rodentia,Cricetidae,Alticola,barakshin,alticola barakshin,-999.00,-999.00,-999.00,-999.00,-999.00,-999.00,-999.00,-999.00,-999.00,-999.00,-999.00,-999.00,-999.00,-999.00,-999.00,-999.00,-999.00,-999.00,-999.00,-999.00,-999.00,-999.00,-999.00,-999.00,-999,-999.00,-999,-999.00,-999.00,-999.00,-999,-999.00,-999.00,-999.00,-999.00,498938.65,52.15,44.81,48.48,99.03,87.02,93.02,1,2.01,1.00,0.06,19.89,-71.53,259.74,514.28
Rodentia,Cricetidae,Alticola,lemminus,alticola lemminus,-999.00,-999.00,-999.00,-999.00,-999.00,-999.00,-999.00,-999.00,-999.00,-999.00,-999.00,-999.00,-999.00,-999.00,-999.00,-999.00,-999.00,-999.00,-999.00,-999.00,-999.00,-999.00,-999.00,-999.00,-999,-999.00,-999,-999.00,-999.00,-999.00,-999,-999.00,-999.00,-999.00,-999.00,3673441.79,73.80,51.22,62.51,179.99,-179.99,-1.68e-05,0,0.30,0.00,-0.29,23.16,-130.39,212.15,247.52
Rodentia,Cricetidae,Alticola,macrotis,alticola macrotis,-999.00,-999.00,-999.00,-999.00,-999.00,-999.00,-999.00,-999.00,-999.00,-999.00,-999.00,-999.00,-999.00,-999.00,-999.00,-999.00,-999.00,-999.00,-999.00,-999.00,-999.00,-999.00,-999.00,-999.00,-999,-999.00,-999,-999.00,-999.00,-999.00,-999,-999.00,-999.00,-999.00,-999.00,770987.12,56.65,48.15,52.40,116.45,83.53,99.99,0,4.06,0.00,0.03,25.71,-64.88,338.02,451.82
Rodentia,Cricetidae,Alticola,montosa,alticola montosa,-999.00,-999.00,-999.00,-999.00,-999.00,-999.00,-999.00,-999.00,-999.00,-999.00,-999.00,-999.00,-999.00,-999.00,-999.00,-999.00,-999.00,-999.00,-999.00,-999.00,-999.00,-999.00,-999.00,-999.00,-999,-999.00,-999,-999.00,-999.00,-999.00,-999,-999.00,-999.00,-999.00,-999.00,70730.17,35.28,31.73,33.50,78.76,75.28,77.02,2,34.49,6.00,0.09,33.52,-16.48,558.61,991.07
Rodentia,Cricetidae,Alticola,olchonensis,alticola olchonensis,-999.00,-999.00,-999.00,-999.00,-999.00,-999.00,-999.00,-999.00,-999.00,-999.00,-999.00,-999.00,-999.00,-999.00,-999.00,-999.00,-999.00,-999.00,-999.00,-999.00,-999.00,-999.00,-999.00,-999.00,-999,-999.00,-999,-999.00,-999.00,-999.00,-999,-999.00,-999.00,-999.00,-999.00,-999.00,-999.00,-999.00,-999.00,-999.00,-999.00,-999.00,-999,-999.00,-999.00,-999.00,-999.00,-999.00,-999.00,-999.00
Rodentia,Cricetidae,Alticola,roylei,alticola roylei,-999.00,37.00,-999.00,-999.00,-999.00,-999.00,-999.00,-999.00,-999.00,-999.00,-999.00,-999.00,-999.00,-999.00,-999.00,5.44,10.00,-999.00,-999.00,-999.00,-999.00,-999.00,-999.00,-999.00,-999,-999.00,-999,-999.00,-999.00,-999.00,1297;2655,-999.00,-999.00,-999.00,-999.00,22396.36,32.35,30.18,31.26,80.09,77.51,78.80,2,52.68,2.00,0.05,102.80,52.70,854.48,1149.76
Rodentia,Cricetidae,Alticola,semicanus,alticola semicanus,-999.00,-999.00,-999.00,-999.00,-999.00,-999.00,-999.00,-999.00,-999.00,-999.00,-999.00,-999.00,-999.00,-999.00,-999.00,-999.00,-999.00,-999.00,-999.00,-999.00,-999.00,-999.00,-999.00,-999.00,-999,-999.00,-999,-999.00,-999.00,-999.00,-999,-999.00,-999.00,-999.00,-999.00,741138.76,52.26,43.08,47.67,117.22,92.63,104.93,0,2.27,1.00,0.08,20.98,-42.69,311.73,473.05
Rodentia,Cricetidae,Alticola,stoliczkanus,alticola stoliczkanus,1.00,30.14,-999.00,108.40,-999.00,-999.00,-999.00,-999.00,-999.00,-999.00,-999.00,1.00,-999.00,-999.00,-999.00,7.77,-999.00,-999.00,-999.00,-999.00,-999.00,-999.00,-999.00,-999.00,-999,1.00,-999,-999.00,-999.00,-999.00,1297;1960;2655,-999.00,-999.00,-999.00,-999.00,2546208.78,39.88,27.07,33.48,101.87,75.50,88.68,0,18.00,0.00,0.06,59.33,-37.98,425.06,840.12
Rodentia,Cricetidae,Alticola,strelzowi,alticola strelzowi,-999.00,49.99,-999.00,116.65,12.00,-999.00,-999.00,-999.00,-999.00,-999.00,20.85,1.00,-999.00,-999.00,-999.00,6.90,2.25,-999.00,3.00,-999.00,-999.00,-999.00,-999.00,9.50,-999,1.00,-999,17.00,-999.00,-999.00,1297;2103;2655,-999.00,-999.00,-999.00,-999.00,586631.11,51.30,45.99,48.65,92.10,69.46,80.78,0,5.55,1.00,0.02,24.81,1.17,285.78,543.58
Rodentia,Cricetidae,Alticola,tuvinicus,alticola tuvinicus,-999.00,-999.00,-999.00,-999.00,-999.00,-999.00,-999.00,-999.00,-999.00,-999.00,-999.00,-999.00,-999.00,-999.00,-999.00,-999.00,-999.00,-999.00,-999.00,-999.00,-999.00,-999.00,-999.00,-999.00,-999,-999.00,-999,-999.00,-999.00,-999.00,-999,-999.00,-999.00,-999.00,-999.00,439592.76,55.42,48.62,52.02,103.10,89.62,96.36,0,2.95,0.00,0.03,25.62,-78.47,326.83,432.91
Rodentia,Heptaxodontidae,Amblyrhiza,inundata,amblyrhiza inundata,-999.00,-999.00,-999.00,-999.00,-999.00,-999.00,-999.00,-999.00,-999.00,-999.00,-999.00,-999.00,-999.00,-999.00,-999.00,-999.00,-999.00,-999.00,-999.00,-999.00,-999.00,-999.00,-999.00,-999.00,-999,-999.00,-999,-999.00,-999.00,-999.00,-999,-999.00,-999.00,-999.00,-999.00,-999.00,-999.00,-999.00,-999.00,-999.00,-999.00,-999.00,-999,-999.00,-999.00,-999.00,-999.00,-999.00,-999.00,-999.00
Afrosoricida,Chrysochloridae,Amblysomus,corriae,amblysomus corriae,-999.00,-999.00,-999.00,-999.00,-999.00,-999.00,-999.00,-999.00,-999.00,-999.00,-999.00,-999.00,-999.00,-999.00,-999.00,-999.00,-999.00,-999.00,-999.00,-999.00,-999.00,-999.00,-999.00,-999.00,-999,-999.00,-999,-999.00,-999.00,-999.00,-999,-999.00,-999.00,-999.00,-999.00,47134.97,-32.90,-34.36,-33.63,22.62,18.42,20.52,1,60.95,1.00,0.06,34.40,151.12,463.12,1219.81
Afrosoricida,Chrysochloridae,Amblysomus,hottentotus,amblysomus hottentotus,2.00,62.60,-999.00,121.49,-999.00,-999.00,84.70,70.00,2.00,-999.00,-999.00,2.00,3.34208e-04,4.62683e-04,-999.00,1.86,2.00,12.00,4.50,47.00,1000.00,1.00,-999.00,1.00,-999,1.00,2,-999.00,-999.00,-999.00,285;948;949;966;1297;1339;1664;1713;1714;1822;1848;2131;2629;2655;2786,-999.00,-999.00,-999.00,-999.00,256161.76,-26.13,-33.34,-29.74,30.97,24.74,27.85,2,42.92,3.00,0.10,55.31,146.14,798.10,1134.38
Afrosoricida,Chrysochloridae,Amblysomus,marleyi,amblysomus marleyi,-999.00,-999.00,-999.00,-999.00,-999.00,-999.00,-999.00,-999.00,-999.00,-999.00,-999.00,-999.00,-999.00,-999.00,-999.00,-999.00,-999.00,-999.00,-999.00,-999.00,-999.00,-999.00,-999.00,-999.00,-999,-999.00,-999,-999.00,-999.00,-999.00,-999,-999.00,-999.00,-999.00,-999.00,952.47,-27.39,-27.80,-27.60,32.25,31.93,32.09,25,36.00,25.00,0.10,74.66,209.01,1009.26,1383.71
Afrosoricida,Chrysochloridae,Amblysomus,robustus,amblysomus robustus,-999.00,-999.00,-999.00,-999.00,-999.00,-999.00,-999.00,-999.00,-999.00,-999.00,-999.00,-999.00,-999.00,-999.00,-999.00,-999.00,-999.00,-999.00,-999.00,-999.00,-999.00,-999.00,-999.00,-999.00,-999,-999.00,-999,-999.00,-999.00,-999.00,-999,-999.00,-999.00,-999.00,-999.00,3194.91,-25.35,-25.93,-25.64,30.75,30.06,30.41,7,11.99,7.00,0.12,65.24,155.99,1008.70,1236.03
Afrosoricida,Chrysochloridae,Amblysomus,septentrionalis,amblysomus septentrionalis,-999.00,-999.00,-999.00,-999.00,-999.00,-999.00,-999.00,-999.00,-999.00,-999.00,-999.00,-999.00,-999.00,-999.00,-999.00,-999.00,-999.00,-999.00,-999.00,-999.00,-999.00,-999.00,-999.00,-999.00,-999,-999.00,-999,-999.00,-999.00,-999.00,-999,-999.00,-999.00,-999.00,-999.00,32027.78,-26.21,-28.34,-27.28,30.13,27.37,28.75,7,21.93,9.00,0.10,56.76,147.36,799.49,1167.60
Chiroptera,Phyllostomidae,Ametrida,centurio,ametrida centurio,-999.00,10.61,29.00,-999.00,-999.00,-999.00,-999.00,-999.00,1.00,-999.00,-999.00,1.00,-999.00,-999.00,-999.00,0.98,-999.00,-999.00,-999.00,-999.00,-999.00,-999.00,-999.00,-999.00,-999,2.00,1,-999.00,-999.00,-999.00,196;889;1297;1658;2151;2622;2655,-999.00,-999.00,-999.00,-999.00,4577247.97,12.19,-16.56,-2.18,-46.31,-71.54,-58.93,0,9.86,0.00,0.13,159.06,250.29,1385.28,1616.68
Rodentia,Muridae,Ammodillus,imbellis,ammodillus imbellis,-999.00,49.99,-999.00,95.49,-999.00,-999.00,-999.00,-999.00,-999.00,-999.00,-999.00,-999.00,-999.00,-999.00,-999.00,-999.00,-999.00,-999.00,-999.00,-999.00,-999.00,-999.00,-999.00,-999.00,-999,-999.00,-999,-999.00,-999.00,-999.00,899;2655,-999.00,-999.00,-999.00,-999.00,226420.62,10.07,4.21,7.14,48.85,44.08,46.46,1,8.80,3.00,0.08,14.70,258.41,264.01,1739.54
Artiodactyla,Bovidae,Ammodorcas,clarkei,ammodorcas clarkei,-999.00,28049.81,-999.00,1509.96,-999.00,-999.00,-999.00,-999.00,-999.00,-999.00,200.00,1.00,-999.00,-999.00,-999.00,1.00,-999.00,36.00,-999.00,-999.00,0.73,-999.00,-999.00,-999.00,4,1.00,-999,-999.00,-999.00,-999.00,511;730;899;1297;1525;1848;2655;2693,-999.00,-999.00,-999.00,-999.00,287056.65,9.57,2.79,6.18,50.02,43.14,46.58,1,10.04,4.00,0.09,17.16,257.53,305.08,1776.29
Rodentia,Sciuridae,Ammospermophilus,harrisii,ammospermophilus harrisii,3.00,126.57,-999.00,159.17,31.50,-999.00,-999.00,-999.00,4.00,-999.00,29.19,-999.00,-999.00,-999.00,-999.00,6.32,1.00,-999.00,3.59,-999.00,24.97,-999.00,198.57,-999.00,-999,-999.00,1,48.63,-999.00,-999.00,305;730;1297;1977;2111;2655;2974,-999.00,-999.00,-999.00,-999.00,270261.06,36.14,28.33,32.24,-108.43,-114.73,-111.58,0,15.76,0.00,0.16,23.55,179.11,350.84,1173.24
Rodentia,Sciuridae,Ammospermophilus,insularis,ammospermophilus insularis,-999.00,-999.00,-999.00,151.00,-999.00,-999.00,-999.00,-999.00,-999.00,-999.00,-999.00,-999.00,-999.00,-999.00,-999.00,-999.00,-999.00,-999.00,-999.00,-999.00,-999.00,-999.00,-999.00,-999.00,-999,-999.00,-999,-999.00,-999.00,-999.00,307,101.99,-999.00,-999.00,-999.00,82.65,24.53,24.39,24.46,-110.29,-110.39,-110.34,14,14.00,14.00,0.07,18.00,225.00,-999.00,-999.00
Rodentia,Sciuridae,Ammospermophilus,interpres,ammospermophilus interpres,3.00,112.53,-999.00,151.34,-999.00,-999.00,-999.00,-999.00,4.00,-999.00,-999.00,2.00,-999.00,-999.00,-999.00,9.36,1.25,-999.00,-999.00,-999.00,-999.00,-999.00,-999.00,-999.00,10,1.00,2,-999.00,-999.00,-999.00,304;1297;2655,-999.00,-999.00,-999.00,-999.00,313517.36,35.51,24.72,30.12,-100.81,-107.46,-104.13,0,12.23,0.00,0.08,24.76,177.02,422.94,1097.07
Rodentia,Sciuridae,Ammospermophilus,leucurus,ammospermophilus leucurus,3.00,103.92,-999.00,151.14,35.00,-999.00,93.88,95.70,5.00,-999.00,29.38,2.00,0.04,0.05,-999.00,8.00,1.25,69.60,2.90,-999.00,14.49,-999.00,377.37,-999.00,-999,1.00,2,64.51,34.99,-999.00,236;430;431;543;808;1215;1297;1577;1822;1849;1977;2655;2974,-999.00,-999.00,-999.00,-999.00,990897.69,44.14,22.86,33.50,-106.30,-120.49,-113.40,0,18.00,0.00,0.12,20.15,101.92,303.70,993.59
Rodentia,Sciuridae,Ammospermophilus,nelsoni,ammospermophilus nelsoni,3.00,160.42,-999.00,168.38,-999.00,-999.00,-999.00,-999.00,5.00,-999.00,26.00,2.00,0.03,0.04,-999.00,8.90,1.00,66.00,4.87,-999.00,-999.00,-999.00,377.57,7.00,14,1.00,2,29.83,41.00,-999.00,306;1015;1287;1288;1297;2655;2974,-999.00,-999.00,-999.00,-999.00,4125.09,36.75,34.79,35.77,-119.24,-120.84,-120.04,2,16.93,2.00,0.08,40.84,133.54,333.23,1209.25
Artiodactyla,Bovidae,Ammotragus,lervia,ammotragus lervia,-999.00,94202.22,-999.00,1449.99,-999.00,407.58,-999.00,-999.00,2.00,-999.00,156.24,1.00,7.06,6.62,212.91,1.22,-999.00,252.00,4500.00,-999.00,-999.00,-999.00,507.09,-999.00,3,1.00,1,121.66,-999.00,-999.00,543;899;1168;1297;1525;1573;1848;2555;2655;2986,-999.00,1.44,-999.00,-999.00,1447450.84,35.21,14.47,24.84,36.55,-15.33,10.60,0,5.61,0.00,0.11,5.62,225.35,103.32,1256.23
Chiroptera,Furipteridae,Amorphochilus,schnablii,amorphochilus schnablii,-999.00,-999.00,35.99,-999.00,-999.00,-999.00,-999.00,-999.00,1.00,-999.00,-999.00,1.00,-999.00,-999.00,-999.00,0.99,1.00,-999.00,-999.00,7.50,-999.00,-999.00,-999.00,-999.00,-999,2.00,3,-999.00,-999.00,-999.00,890;1297;1431;1658;2151,7.20,-999.00,0.06,-999.00,437429.66,-0.56,-21.74,-11.15,-68.67,-81.35,-75.01,0,60.47,0.00,0.07,34.80,102.52,513.18,1285.52
Rodentia,Cricetidae,Amphinectomys,savamis,amphinectomys savamis,-999.00,-999.00,-999.00,-999.00,-999.00,-999.00,-999.00,-999.00,-999.00,-999.00,-999.00,-999.00,-999.00,-999.00,-999.00,-999.00,-999.00,-999.00,-999.00,-999.00,-999.00,-999.00,-999.00,-999.00,-999,-999.00,-999,-999.00,-999.00,-999.00,-999,-999.00,-999.00,-999.00,-999.00,-999.00,-999.00,-999.00,-999.00,-999.00,-999.00,-999.00,-999,-999.00,-999.00,-999.00,-999.00,-999.00,-999.00,-999.00
Scandentia,Tupaiidae,Anathana,ellioti,anathana ellioti,-999.00,160.00,-999.00,-999.00,-999.00,-999.00,-999.00,-999.00,-999.00,-999.00,-999.00,-999.00,-999.00,-999.00,-999.00,4.84,-999.00,-999.00,-999.00,-999.00,-999.00,-999.00,-999.00,-999.00,-999,-999.00,-999,-999.00,-999.00,-999.00,1297;2655,-999.00,-999.00,-999.00,-999.00,1373476.69,23.94,8.06,16.00,87.75,72.61,80.18,22,314.60,90.00,0.08,99.80,259.26,818.58,1548.17
Rodentia,Cricetidae,Andalgalomys,olrogi,andalgalomys olrogi,-999.00,32.90,-999.00,96.24,-999.00,-999.00,-999.00,-999.00,-999.00,-999.00,-999.00,1.00,-999.00,-999.00,-999.00,-999.00,-999.00,-999.00,-999.00,-999.00,-999.00,-999.00,-999.00,-999.00,-999,1.00,-999,-999.00,-999.00,-999.00,890;1877;2655,-999.00,-999.00,-999.00,-999.00,592.92,-27.48,-27.79,-27.64,-66.15,-66.39,-66.27,3,5.00,3.00,0.33,56.01,66.35,549.52,1253.09
Rodentia,Cricetidae,Andalgalomys,pearsoni,andalgalomys pearsoni,-999.00,25.40,-999.00,101.64,-999.00,-999.00,-999.00,-999.00,-999.00,-999.00,-999.00,1.00,-999.00,-999.00,-999.00,-999.00,-999.00,-999.00,-999.00,-999.00,-999.00,-999.00,-999.00,-999.00,-999,1.00,-999,-999.00,-999.00,-999.00,890;1877;2655,-999.00,-999.00,-999.00,-999.00,62301.94,-18.07,-22.15,-20.11,-58.17,-62.34,-60.25,0,0.48,0.00,0.07,76.13,254.18,972.26,1227.26
Rodentia,Cricetidae,Andalgalomys,roigi,andalgalomys roigi,-999.00,-999.00,-999.00,-999.00,-999.00,-999.00,-999.00,-999.00,-999.00,-999.00,-999.00,-999.00,-999.00,-999.00,-999.00,-999.00,-999.00,-999.00,-999.00,-999.00,-999.00,-999.00,-999.00,-999.00,-999,-999.00,-999,-999.00,-999.00,-999.00,-999,-999.00,-999.00,-999.00,-999.00,-999.00,-999.00,-999.00,-999.00,-999.00,-999.00,-999.00,-999,-999.00,-999.00,-999.00,-999.00,-999.00,-999.00,-999.00
Rodentia,Cricetidae,Andinomys,edax,andinomys edax,-999.00,69.75,-999.00,-999.00,-999.00,-999.00,-999.00,-999.00,-999.00,-999.00,-999.00,1.00,-999.00,-999.00,-999.00,2.91,-999.00,-999.00,-999.00,-999.00,-999.00,-999.00,-999.00,-999.00,-999,1.00,-999,-999.00,-999.00,-999.00,890;1297;2655,-999.00,-999.00,-999.00,-999.00,332581.78,-13.98,-31.20,-22.59,-63.80,-71.97,-67.88,0,17.12,1.00,0.09,60.47,79.82,674.09,1278.88
Rodentia,Muridae,Anisomys,imitator,anisomys imitator,-999.00,510.50,-999.00,263.83,-999.00,-999.00,-999.00,-999.00,3.00,-999.00,-999.00,2.00,-999.00,-999.00,-999.00,-999.00,-999.00,-999.00,-999.00,-999.00,-999.00,-999.00,-999.00,-999.00,6,2.00,1,-999.00,-999.00,248.99,456;661;977;2152;2655;2803,-999.00,-999.00,-999.00,330.58,243507.61,-3.13,-10.22,-6.67,149.65,135.25,142.45,1,9.95,2.00,0.12,265.82,207.43,1689.93,1713.59
Rodentia,Anomaluridae,Anomalurus,beecrofti,anomalurus beecrofti,1.00,479.07,-999.00,-999.00,-999.00,-999.00,-999.00,-999.00,-999.00,-999.00,-999.00,1.00,-999.00,-999.00,-999.00,0.98,-999.00,-999.00,-999.00,-999.00,-999.00,-999.00,-999.00,-999.00,-999,2.00,-999,-999.00,-999.00,-999.00,904;1297;2655,-999.00,-999.00,-999.00,-999.00,4958782.98,16.56,-6.77,4.89,29.31,-17.53,5.88,0,46.27,1.00,0.12,136.46,253.23,1203.66,1563.78
Rodentia,Anomaluridae,Anomalurus,derbianus,anomalurus derbianus,1.00,665.84,-999.00,356.94,-999.00,-999.00,-999.00,-999.00,1.00,-999.00,-999.00,1.00,0.04,0.04,-999.00,1.00,2.00,-999.00,-999.00,-999.00,50.43,-999.00,-999.00,1.00,-999,2.00,1,-999.00,-999.00,-999.00,904;1297;1535;2399;2655,-999.00,-999.00,-999.00,-999.00,7480085.38,9.11,-17.99,-4.44,39.51,-12.61,13.45,0,36.28,1.00,0.15,116.84,230.18,1113.67,1512.99
Rodentia,Anomaluridae,Anomalurus,pelii,anomalurus pelii,-999.00,1769.99,-999.00,-999.00,-999.00,-999.00,-999.00,-999.00,-999.00,-999.00,-999.00,-999.00,-999.00,-999.00,-999.00,2.50,2.00,-999.00,-999.00,-999.00,-999.00,-999.00,-999.00,-999.00,-999,-999.00,-999,-999.00,-999.00,-999.00,1297;2655,-999.00,-999.00,-999.00,-999.00,340631.00,8.00,4.35,6.17,0.47,-11.80,-5.66,3,75.54,8.00,0.08,167.82,256.25,1349.35,1589.64
Rodentia,Anomaluridae,Anomalurus,pusillus,anomalurus pusillus,1.00,250.00,-999.00,196.56,-999.00,-999.00,-999.00,-999.00,-999.00,-999.00,-999.00,1.00,-999.00,-999.00,-999.00,-999.00,-999.00,-999.00,-999.00,-999.00,6.22,-999.00,-999.00,-999.00,-999,2.00,-999,-999.00,-999.00,-999.00,904;1535;2655,-999.00,-999.00,-999.00,-999.00,1979711.36,7.26,-6.21,0.52,30.28,-11.82,9.22,0,18.78,1.00,0.12,155.45,243.35,1413.96,1560.23
Rodentia,Muridae,Anonymomys,mindorensis,anonymomys mindorensis,-999.00,-999.00,-999.00,122.85,-999.00,-999.00,-999.00,-999.00,-999.00,-999.00,-999.00,-999.00,-999.00,-999.00,-999.00,-999.00,-999.00,-999.00,-999.00,-999.00,-999.00,-999.00,-999.00,-999.00,-999,-999.00,-999,-999.00,-999.00,-999.00,2152,56.21,-999.00,-999.00,-999.00,340.54,13.35,13.16,13.26,120.92,120.73,120.83,34,34.00,34.00,0.21,220.00,227.00,-999.00,-999.00
Rodentia,Cricetidae,Anotomys,leander,anotomys leander,-999.00,66.39,-999.00,-999.00,-999.00,-999.00,-999.00,-999.00,-999.00,-999.00,-999.00,1.00,-999.00,-999.00,-999.00,0.97,-999.00,-999.00,-999.00,-999.00,-999.00,-999.00,-999.00,-999.00,-999,-999.00,-999,-999.00,-999.00,-999.00,1297;2151;2655,-999.00,-999.00,-999.00,-999.00,29663.44,0.81,-3.67,-1.43,-77.50,-79.13,-78.32,4,56.29,4.00,0.09,166.83,141.85,1247.24,1394.17
Chiroptera,Phyllostomidae,Anoura,caudifer,anoura caudifer,-999.00,10.81,36.25,58.32,-999.00,-999.00,35.07,11.50,3.00,-999.00,107.97,1.00,-999.00,-999.00,-999.00,0.99,-999.00,-999.00,2.14,20.89,-999.00,7.50,-999.00,-999.00,-999,2.00,2,-999.00,-999.00,-999.00,196;536;889;1297;1658;1707;1822;1948;2151;2622;2655;2719;2797,-999.00,-999.00,-999.00,-999.00,8755498.43,12.46,-28.72,-8.12,-37.43,-79.94,-58.68,0,27.24,0.00,0.11,150.88,230.85,1319.22,1527.50
Chiroptera,Phyllostomidae,Anoura,cultrata,anoura cultrata,-999.00,17.39,42.80,-999.00,-999.00,-999.00,-999.00,-999.00,3.00,-999.00,-999.00,1.00,-999.00,-999.00,-999.00,1.22,-999.00,-999.00,3.65,37.05,-999.00,-999.00,-999.00,-999.00,-999,2.00,2,-999.00,-999.00,-999.00,889;1297;1658;1774;2151;2655;2798;3023,-999.00,-999.00,-999.00,-999.00,1873138.72,12.46,-15.86,-1.70,-63.79,-84.98,-74.38,0,41.77,1.00,0.13,164.27,232.11,1355.35,1560.16
Chiroptera,Phyllostomidae,Anoura,geoffroyi,anoura geoffroyi,-999.00,15.15,42.66,-999.00,-999.00,-999.00,-999.00,-999.00,3.00,-999.00,125.14,1.00,-999.00,-999.00,-999.00,0.99,1.00,120.00,4.99,-999.00,-999.00,-999.00,-999.00,-999.00,-999,2.00,2,62.50,8.24,-999.00,108;196;217;543;889;1297;1311;1325;1388;1658;2143;2151;2622;2655;2719;2763;3023;3037;3038,-999.00,-999.00,-999.00,-999.00,8631465.89,25.97,-25.46,0.25,-34.79,-108.83,-71.81,0,44.96,0.00,0.10,128.98,221.14,1191.28,1510.91
Chiroptera,Phyllostomidae,Anoura,latidens,anoura latidens,-999.00,15.06,43.00,-999.00,-999.00,-999.00,-999.00,-999.00,3.00,-999.00,-999.00,1.00,-999.00,-999.00,-999.00,-999.00,-999.00,-999.00,-999.00,-999.00,-999.00,-999.00,-999.00,-999.00,-999,2.00,2,-999.00,-999.00,-999.00,889;1658;2151;2622;2655,-999.00,-999.00,-999.00,-999.00,450082.95,12.20,6.99,9.59,-60.78,-72.77,-66.77,0,60.54,1.00,0.13,102.16,254.58,1303.89,1742.17
Chiroptera,Phyllostomidae,Anoura,luismanueli,anoura luismanueli,-999.00,-999.00,-999.00,-999.00,-999.00,-999.00,-999.00,-999.00,-999.00,-999.00,-999.00,-999.00,-999.00,-999.00,-999.00,-999.00,-999.00,-999.00,-999.00,-999.00,-999.00,-999.00,-999.00,-999.00,-999,-999.00,-999,-999.00,-999.00,-999.00,-999,-999.00,-999.00,-999.00,-999.00,24076.62,9.96,7.74,8.85,-69.33,-72.31,-70.82,8,64.11,8.00,0.09,115.45,221.72,1354.33,1644.07
Soricomorpha,Soricidae,Anourosorex,assamensis,anourosorex assamensis,-999.00,-999.00,-999.00,-999.00,-999.00,-999.00,-999.00,-999.00,-999.00,-999.00,-999.00,-999.00,-999.00,-999.00,-999.00,-999.00,-999.00,-999.00,-999.00,-999.00,-999.00,-999.00,-999.00,-999.00,-999,-999.00,-999,-999.00,-999.00,-999.00,-999,-999.00,-999.00,-999.00,-999.00,-999.00,-999.00,-999.00,-999.00,-999.00,-999.00,-999.00,-999,-999.00,-999.00,-999.00,-999.00,-999.00,-999.00,-999.00
Soricomorpha,Soricidae,Anourosorex,schmidi,anourosorex schmidi,-999.00,-999.00,-999.00,-999.00,-999.00,-999.00,-999.00,-999.00,-999.00,-999.00,-999.00,-999.00,-999.00,-999.00,-999.00,-999.00,-999.00,-999.00,-999.00,-999.00,-999.00,-999.00,-999.00,-999.00,-999,-999.00,-999,-999.00,-999.00,-999.00,-999,-999.00,-999.00,-999.00,-999.00,-999.00,-999.00,-999.00,-999.00,-999.00,-999.00,-999.00,-999,-999.00,-999.00,-999.00,-999.00,-999.00,-999.00,-999.00
Soricomorpha,Soricidae,Anourosorex,squamipes,anourosorex squamipes,-999.00,20.00,-999.00,94.76,-999.00,-999.00,-999.00,-999.00,-999.00,-999.00,-999.00,2.00,-999.00,-999.00,-999.00,2.82,-999.00,-999.00,-999.00,-999.00,190.00,-999.00,-999.00,-999.00,-999,1.00,-999,-999.00,-999.00,-999.00,626;1297;1429;1456;1488;2655;3121,-999.00,-999.00,-999.00,-999.00,1216617.62,34.00,17.32,25.66,110.87,89.08,99.97,1,124.34,3.00,0.07,122.17,124.34,951.34,1136.22
Soricomorpha,Soricidae,Anourosorex,yamashinai,anourosorex yamashinai,-999.00,-999.00,-999.00,-999.00,-999.00,-999.00,-999.00,-999.00,-999.00,-999.00,-999.00,-999.00,-999.00,-999.00,-999.00,-999.00,-999.00,-999.00,-999.00,-999.00,-999.00,-999.00,-999.00,-999.00,-999,-999.00,-999,-999.00,-999.00,-999.00,-999,-999.00,-999.00,-999.00,-999.00,36065.98,25.29,21.90,23.60,122.00,120.04,121.02,70,676.60,73.00,0.03,160.50,165.80,-999.00,-999.00
Dasyuromorphia,Dasyuridae,Antechinomys,laniger,antechinomys laniger,2.00,25.57,-999.00,-999.00,-999.00,-999.00,24.40,24.90,-999.00,-999.00,11.74,1.00,-999.00,-999.00,183.00,5.99,1.50,39.60,-999.00,-999.00,-999.00,-999.00,393.87,-999.00,-999,1.00,-999,91.24,-999.00,-999.00,543;955;1052;1297;1412;1760;1822;2655,-999.00,-999.00,-999.00,-999.00,2523957.06,-19.46,-34.73,-27.09,148.70,113.77,131.24,0,0.03,0.00,0.02,21.07,205.94,278.99,1292.12
Dasyuromorphia,Dasyuridae,Antechinus,adustus,antechinus adustus,-999.00,-999.00,-999.00,-999.00,-999.00,-999.00,-999.00,-999.00,-999.00,-999.00,-999.00,-999.00,-999.00,-999.00,-999.00,-999.00,-999.00,-999.00,-999.00,-999.00,-999.00,-999.00,-999.00,-999.00,-999,-999.00,-999,-999.00,-999.00,-999.00,-999,-999.00,-999.00,-999.00,-999.00,17800.49,-16.58,-19.25,-17.92,146.29,144.94,145.62,0,8.22,0.00,0.07,133.36,211.20,1154.06,1694.81
Dasyuromorphia,Dasyuridae,Antechinus,agilis,antechinus agilis,-999.00,22.13,-999.00,-999.00,-999.00,-999.00,-999.00,-999.00,-999.00,-999.00,27.00,-999.00,-999.00,-999.00,365.00,10.00,-999.00,-999.00,-999.00,-999.00,711.00,-999.00,374.16,-999.00,-999,-999.00,-999,89.99,10.00,-999.00,955,-999.00,1.10,-999.00,-999.00,155967.12,-33.74,-39.13,-36.44,150.32,141.67,146.00,1,23.25,1.00,0.03,62.55,119.31,608.01,944.76
Dasyuromorphia,Dasyuridae,Antechinus,bellus,antechinus bellus,2.00,38.73,-999.00,114.62,-999.00,-999.00,-999.00,-999.00,-999.00,-999.00,30.00,1.00,-999.00,-999.00,365.00,10.08,1.00,27.60,-999.00,-999.00,160.00,-999.00,396.83,-999.00,10,1.00,-999,95.00,-999.00,-999.00,524;955;1297;1760;1848;2655,-999.00,-999.00,-999.00,-999.00,118056.85,-11.11,-14.72,-12.91,136.97,130.58,133.77,0,0.12,0.00,0.00,94.51,266.38,928.80,1788.72
Dasyuromorphia,Dasyuridae,Antechinus,flavipes,antechinus flavipes,2.00,44.33,-999.00,-999.00,-999.00,-999.00,45.10,46.50,-999.00,-999.00,28.00,1.00,-999.00,-999.00,365.00,8.54,1.00,42.00,-999.00,-999.00,688.83,-999.00,334.58,-999.00,-999,1.00,-999,89.74,-999.00,-999.00,543;796;955;1052;1297;1760;1822;1848;2484;2655,-999.00,-999.00,-999.00,-999.00,953346.00,-15.31,-38.52,-26.92,153.63,114.97,134.30,0,11.76,0.00,0.04,62.29,169.41,675.87,1218.46
Dasyuromorphia,Dasyuridae,Antechinus,godmani,antechinus godmani,2.00,75.74,-999.00,-999.00,-999.00,-999.00,-999.00,-999.00,-999.00,-999.00,-999.00,1.00,-999.00,-999.00,365.00,4.58,1.00,-999.00,-999.00,-999.00,5.30,-999.00,374.16,-999.00,-999,1.00,-999,111.68,-999.00,-999.00,955;1297;1760;1848;2655,-999.00,-999.00,-999.00,-999.00,3443.22,-17.65,-18.24,-17.94,145.38,144.76,145.07,0,0.50,0.00,-999.00,99.99,209.00,1078.27,1643.23
Dasyuromorphia,Dasyuridae,Antechinus,leo,antechinus leo,2.00,70.09,-999.00,-999.00,-999.00,-999.00,-999.00,-999.00,-999.00,-999.00,30.99,1.00,-999.00,-999.00,365.00,8.19,1.00,24.00,-999.00,-999.00,162.00,-999.00,396.83,-999.00,-999,1.00,-999,76.78,26.00,-999.00,955;1297;1760;1848;2655,-999.00,-999.00,-999.00,-999.00,5555.28,-12.43,-13.72,-13.08,143.60,143.03,143.31,0,0.00,0.00,-999.00,103.26,279.25,916.29,1803.94
Dasyuromorphia,Dasyuridae,Antechinus,minimus,antechinus minimus,2.00,52.56,-999.00,-999.00,-999.00,-999.00,-999.00,-999.00,-999.00,-999.00,29.27,1.00,-999.00,-999.00,365.00,7.19,1.00,24.00,0.03,-999.00,1400.00,-999.00,361.77,-999.00,-999,1.00,-999,99.10,-999.00,-999.00,955;1297;1760;1762;1848;2655,-999.00,-999.00,-999.00,-999.00,109624.69,-36.77,-43.64,-40.20,148.48,139.66,144.07,0,9.97,0.00,-0.03,66.04,117.69,572.85,863.85
Dasyuromorphia,Dasyuridae,Antechinus,stuartii,antechinus stuartii,2.00,29.01,-999.00,-999.00,-999.00,-999.00,34.81,28.10,3.00,-999.00,28.15,2.00,8.782702e-03,0.01,365.00,6.89,1.00,36.00,0.01,-999.00,328.78,-999.00,329.99,-999.00,-999,2.00,2,89.74,16.00,-999.00,543;730;796;797;955;966;1297;1412;1573;1577;1760;1762;1822;1848;1912;2483;2484;2574;2655;2997,-999.00,-999.00,-999.00,-999.00,173022.67,-18.10,-35.38,-26.74,153.63,145.23,149.43,0,50.45,0.00,0.08,87.48,168.72,807.98,1290.61
Dasyuromorphia,Dasyuridae,Antechinus,subtropicus,antechinus subtropicus,-999.00,-999.00,-999.00,-999.00,-999.00,-999.00,-999.00,-999.00,-999.00,-999.00,-999.00,-999.00,-999.00,-999.00,-999.00,-999.00,-999.00,-999.00,-999.00,-999.00,-999.00,-999.00,-999.00,-999.00,-999,-999.00,-999,-999.00,-999.00,-999.00,-999,-999.00,-999.00,-999.00,-999.00,17022.46,-26.11,-29.11,-27.61,153.29,152.41,152.85,2,69.31,2.00,0.16,95.33,184.40,1123.12,1391.37
Dasyuromorphia,Dasyuridae,Antechinus,swainsonii,antechinus swainsonii,2.00,58.69,-999.00,-999.00,-999.00,-999.00,-999.00,-999.00,2.00,-999.00,29.69,2.00,-999.00,-999.00,365.00,8.24,1.00,24.00,-999.00,-999.00,974.49,-999.00,319.37,-999.00,-999,1.00,2,105.66,8.83,-999.00,796;955;1297;1412;1760;1762;1848;2484;2574;2655,-999.00,-999.00,-999.00,-999.00,319669.55,-26.69,-43.06,-34.87,153.63,141.21,147.42,0,37.92,1.00,0.03,70.99,136.67,677.94,1059.91
Chiroptera,Hipposideridae,Anthops,ornatus,anthops ornatus,-999.00,-999.00,49.50,-999.00,-999.00,-999.00,-999.00,-999.00,-999.00,-999.00,-999.00,1.00,-999.00,-999.00,-999.00,-999.00,-999.00,-999.00,-999.00,-999.00,-999.00,-999.00,-999.00,-999.00,-999,2.00,-999,-999.00,-999.00,-999.00,1658;2151,17.94,-999.00,-999.00,-999.00,15373.46,-6.08,-9.94,-8.01,160.83,155.23,158.03,13,14.22,13.00,0.16,189.75,262.79,-999.00,-999.00
Artiodactyla,Bovidae,Antidorcas,marsupialis,antidorcas marsupialis,2.00,33571.24,-999.00,1055.00,-999.00,-999.00,-999.00,-999.00,2.00,-999.00,169.49,1.00,-999.00,-999.00,365.00,1.00,-999.00,240.00,3841.48,-999.00,10.69,3000.00,331.73,-999.00,-999,1.00,1,57.45,-999.00,-999.00,543;730;869;917;1297;1525;1848;2629;2655;2693;2986,-999.00,1.10,-999.00,-999.00,1066805.09,-12.52,-28.97,-20.74,27.61,11.71,19.66,0,2.06,0.00,0.10,24.00,190.15,377.23,1328.86
Artiodactyla,Antilocapridae,Antilocapra,americana,antilocapra americana,-999.00,47450.01,-999.00,1310.00,-999.00,365.00,8960.00,32000.00,2.00,-999.00,247.99,1.00,8.05,9.53,365.00,1.93,1.00,144.00,3454.70,-999.00,0.82,1000.00,534.68,12.00,-999,1.00,1,87.54,9662.00,-999.00,511;519;543;730;764;1297;1404;1573;1763;1822;1848;2167;2655;2718;2986,-999.00,-999.00,-999.00,-999.00,2009745.94,51.37,23.04,37.21,-95.02,-121.25,-108.14,0,6.77,0.00,0.05,29.88,90.76,435.07,870.35
Artiodactyla,Bovidae,Antilope,cervicapra,antilope cervicapra,-999.00,36301.10,-999.00,1250.00,-999.00,669.16,-999.00,-999.00,5.00,-999.00,166.59,1.00,0.62,-999.00,212.56,1.22,2.00,243.00,3386.14,-999.00,4.25,27.50,700.04,30.00,-999,1.00,1,59.50,-999.00,-999.00,511;543;730;899;1297;1525;1848;2374;2655,-999.00,-999.00,-999.00,-999.00,1248646.60,29.43,8.06,18.75,84.20,68.91,76.56,33,284.26,79.00,0.09,76.83,256.63,688.10,1447.00
Chiroptera,Vespertilionidae,Antrozous,pallidus,antrozous pallidus,-999.00,22.24,54.53,-999.00,6.25,-999.00,18.70,22.00,2.00,-999.00,59.01,1.00,-999.00,-999.00,-999.00,1.78,-999.00,109.20,3.09,-999.00,-999.00,60.00,-999.00,-999.00,-999,2.00,3,61.10,13.16,-999.00,209;224;543;544;657;747;1297;1384;1388;1658;1704;1784;1822;1948;2143;2144;2151;2215;2655;3023,-999.00,-999.00,-999.00,-999.00,4228781.56,50.09,18.99,34.54,-74.13,-124.56,-99.34,0,29.96,0.00,0.09,36.48,136.23,460.29,1072.88
Carnivora,Mustelidae,Aonyx,capensis,aonyx capensis,2.00,19322.22,-999.00,815.20,27.11,-999.00,-999.00,-999.00,6.00,365.00,62.99,2.00,99.74,119.27,-999.00,2.62,-999.00,132.00,-999.00,-999.00,0.35,-999.00,371.23,-999.00,4,1.00,2,-999.00,-999.00,-999.00,543;1113;1297;2655;2986,-999.00,-999.00,-999.00,-999.00,14162350.57,17.04,-34.83,-8.89,42.08,-17.53,12.27,0,39.28,1.00,0.14,100.07,233.07,987.54,1514.74
Carnivora,Mustelidae,Aonyx,cinerea,aonyx cinerea,1.00,3527.59,-999.00,516.47,40.00,-999.00,-999.00,-999.00,2.00,-999.00,63.31,2.00,-999.00,-999.00,182.50,1.47,-999.00,121.00,56.01,-999.00,-999.00,-999.00,-999.00,-999.00,-999,1.00,3,79.54,-999.00,-999.00,679;1113;1297;2655,-999.00,1.56,-999.00,-999.00,3673360.97,31.39,-8.78,11.30,122.00,74.60,98.30,1,216.27,5.00,0.10,173.12,226.57,1249.58,1519.08
Primates,Aotidae,Aotus,azarae,aotus azarae,1.00,929.57,-999.00,-999.00,-999.00,-999.00,-999.00,-999.00,2.00,-999.00,-999.00,1.00,-999.00,-999.00,365.00,1.00,-999.00,-999.00,-999.00,-999.00,15.94,-999.00,-999.00,4.10,-999,2.00,2,229.69,-999.00,-999.00,139;730;1544;1547;2151;2344;2511;2655,-999.00,1.10,-999.00,-999.00,663508.32,-9.91,-24.19,-17.05,-57.59,-68.65,-63.12,0,1.25,0.00,0.14,101.09,246.21,1186.23,1410.79
Primates,Aotidae,Aotus,hershkovitzi,aotus hershkovitzi,1.00,800.00,-999.00,-999.00,-999.00,-999.00,-999.00,-999.00,2.00,-999.00,-999.00,1.00,-999.00,-999.00,-999.00,-999.00,-999.00,-999.00,-999.00,-999.00,-999.00,-999.00,-999.00,-999.00,-999,2.00,2,-999.00,-999.00,-999.00,2151;2655,-999.00,-999.00,-999.00,-999.00,5811.51,4.02,2.96,3.49,-73.65,-74.49,-74.07,3,87.30,3.00,0.17,129.17,209.51,1484.84,1491.67
Primates,Aotidae,Aotus,lemurinus,aotus lemurinus,1.00,865.96,-999.00,305.00,-999.00,-999.00,-999.00,-999.00,4.00,-999.00,132.23,1.00,-999.00,-999.00,365.00,1.01,-999.00,216.00,97.47,-999.00,35.43,-999.00,755.15,-999.00,-999,2.00,2,74.57,-999.00,-999.00,139;730;1015;1544;1547;2151;2655;2986,-999.00,1.10,-999.00,-999.00,321845.55,11.11,1.32,6.21,-70.97,-82.54,-76.76,2,63.64,4.00,0.09,190.02,242.21,1489.89,1653.86
Primates,Aotidae,Aotus,miconax,aotus miconax,1.00,800.00,-999.00,-999.00,-999.00,-999.00,-999.00,-999.00,2.00,-999.00,-999.00,1.00,-999.00,-999.00,-999.00,-999.00,-999.00,-999.00,-999.00,-999.00,-999.00,-999.00,-999.00,-999.00,-999,2.00,2,-999.00,-999.00,-999.00,2151;2655,-999.00,-999.00,-999.00,-999.00,70306.69,-3.98,-7.93,-5.96,-75.39,-78.64,-77.01,2,7.02,2.00,0.20,141.98,240.78,1334.38,1443.94
Primates,Aotidae,Aotus,nancymaae,aotus nancymaae,1.00,791.03,-999.00,-999.00,-999.00,-999.00,-999.00,-999.00,2.00,-999.00,-999.00,1.00,-999.00,-999.00,-999.00,1.02,-999.00,-999.00,-999.00,-999.00,28.16,-999.00,-999.00,4.00,-999,2.00,2,-999.00,-999.00,-999.00,139;730;1544;1547;2151;2655;2986,-999.00,-999.00,-999.00,-999.00,157985.99,-2.72,-6.47,-4.59,-66.61,-75.95,-71.28,0,1.13,0.00,0.05,228.04,261.24,1531.25,1533.13
Primates,Aotidae,Aotus,nigriceps,aotus nigriceps,1.00,1057.00,-999.00,357.99,-999.00,-999.00,-999.00,-999.00,2.00,-999.00,-999.00,1.00,-999.00,-999.00,-999.00,-999.00,-999.00,-999.00,-999.00,-999.00,38.00,-999.00,-999.00,3.30,-999,2.00,2,-999.00,-999.00,-999.00,139;730;1544;1547;1848;2151;2251;2655,-999.00,-999.00,-999.00,-999.00,1674555.55,-2.03,-13.42,-7.72,-55.09,-76.50,-65.79,0,2.28,0.00,0.17,180.71,252.16,1432.20,1570.48
Primates,Aotidae,Aotus,trivirgatus,aotus trivirgatus,1.00,912.40,-999.00,357.99,-999.00,883.30,459.45,972.50,3.00,-999.00,133.47,1.00,0.02,0.05,271.00,1.06,-999.00,303.60,96.49,-999.00,24.37,-999.00,736.60,3.15,-999,2.00,2,76.21,255.99,-999.00,139;208;543;730;1297;1547;1577;1611;1763;1767;1768;1822;1848;2151;2344;2464;2489;2493;2511;2520;2655;2660;2986;3088,-999.00,1.28,-999.00,-999.00,590942.02,9.06,-0.76,4.15,-60.35,-70.90,-65.62,0,1.85,0.00,0.20,178.60,247.71,1488.11,1676.33
Primates,Aotidae,Aotus,vociferans,aotus vociferans,1.00,872.99,-999.00,-999.00,-999.00,-999.00,-999.00,-999.00,2.00,-999.00,-999.00,1.00,-999.00,-999.00,-999.00,1.02,-999.00,-999.00,-999.00,-999.00,23.51,-999.00,-999.00,3.30,-999,2.00,1,-999.00,-999.00,-999.00,139;730;890;1544;1547;2151;2655,-999.00,-999.00,-999.00,-999.00,1226115.00,7.09,-4.95,1.06,-60.60,-78.20,-69.40,0,6.30,0.00,0.10,217.44,252.97,1476.39,1511.64
Rodentia,Aplodontiidae,Aplodontia,rufa,aplodontia rufa,-999.00,806.21,-999.00,306.95,-999.00,730.00,414.73,793.00,2.00,-999.00,30.00,1.00,1.352133e-03,1.686246e-03,-999.00,2.46,1.00,120.00,23.12,-999.00,778.39,-999.00,827.69,-999.00,-999,1.00,1,58.40,347.00,-999.00,543;550;1297;1573;1822;1823;1849;1893;2655,-999.00,-999.00,-999.00,-999.00,245595.72,50.14,36.30,43.22,-118.21,-124.73,-121.47,0,39.78,1.00,0.07,80.70,66.19,405.52,800.18
Rodentia,Muridae,Apodemus,agrarius,apodemus agrarius,-999.00,21.11,-999.00,-999.00,-999.00,-999.00,-999.00,-999.00,-999.00,-999.00,19.89,-999.00,-999.00,-999.00,19.50,5.64,3.50,48.00,1.80,-999.00,1098.35,-999.00,76.04,-999.00,-999,-999.00,-999,-999.00,-999.00,-999.00,456;543;730;1297;1577;2655,-999.00,-999.00,-999.00,-999.00,11086859.77,61.75,21.90,41.83,139.02,8.68,73.85,0,124.98,1.00,0.02,51.66,48.51,510.09,598.47
Rodentia,Muridae,Apodemus,alpicola,apodemus alpicola,-999.00,-999.00,-999.00,-999.00,-999.00,-999.00,-999.00,-999.00,-999.00,-999.00,-999.00,-999.00,-999.00,-999.00,-999.00,-999.00,-999.00,-999.00,-999.00,-999.00,-999.00,-999.00,-999.00,-999.00,-999,-999.00,-999,-999.00,-999.00,-999.00,-999,-999.00,-999.00,-999.00,-999.00,41907.92,47.87,43.78,45.82,14.94,6.42,10.68,24,100.48,28.00,0.04,87.45,18.31,569.11,605.81
Rodentia,Muridae,Apodemus,argenteus,apodemus argenteus,-999.00,-999.00,-999.00,-999.00,-999.00,-999.00,-999.00,-999.00,-999.00,-999.00,-999.00,-999.00,-999.00,-999.00,-999.00,-999.00,-999.00,-999.00,-999.00,-999.00,-999.00,-999.00,-999.00,-999.00,-999,-999.00,-999,-999.00,-999.00,-999.00,-999,-999.00,-999.00,-999.00,-999.00,361275.18,45.52,30.98,38.25,145.82,129.55,137.69,56,312.45,73.00,9.91603867106079e-03,132.24,90.59,743.50,799.35
Rodentia,Muridae,Apodemus,chevrieri,apodemus chevrieri,-999.00,-999.00,-999.00,-999.00,-999.00,-999.00,-999.00,-999.00,-999.00,-999.00,-999.00,-999.00,-999.00,-999.00,-999.00,-999.00,-999.00,-999.00,-999.00,-999.00,-999.00,-999.00,-999.00,-999.00,-999,-999.00,-999,-999.00,-999.00,-999.00,-999,-999.00,-999.00,-999.00,-999.00,1126694.73,34.72,22.36,28.54,111.25,98.05,104.65,3,183.36,7.00,0.06,99.99,109.25,877.77,1007.81
Rodentia,Muridae,Apodemus,draco,apodemus draco,-999.00,-999.00,-999.00,-999.00,-999.00,-999.00,-999.00,-999.00,-999.00,-999.00,-999.00,-999.00,-999.00,-999.00,-999.00,-999.00,-999.00,-999.00,-999.00,-999.00,-999.00,-999.00,-999.00,-999.00,-999,-999.00,-999,-999.00,-999.00,-999.00,-999,-999.00,-999.00,-999.00,-999.00,2625473.87,40.03,22.93,31.48,122.70,97.47,110.08,1,339.29,9.00,0.06,94.03,126.52,871.70,977.94
Rodentia,Muridae,Apodemus,epimelas,apodemus epimelas,-999.00,-999.00,-999.00,-999.00,-999.00,-999.00,-999.00,-999.00,-999.00,-999.00,-999.00,-999.00,-999.00,-999.00,-999.00,-999.00,-999.00,-999.00,-999.00,-999.00,-999.00,-999.00,-999.00,-999.00,-999,-999.00,-999,-999.00,-999.00,-999.00,-999,-999.00,-999.00,-999.00,-999.00,212820.59,45.35,36.40,40.87,25.71,14.79,20.25,22,102.67,31.00,-0.01,75.11,98.18,556.81,883.72
Rodentia,Muridae,Apodemus,flavicollis,apodemus flavicollis,-999.00,31.60,-999.00,103.12,-999.00,-999.00,152.28,40.50,-999.00,-999.00,24.50,-999.00,1.253831e-03,1.595483e-03,38.75,4.94,3.00,48.00,2.30,-999.00,1770.00,-999.00,43.27,-999.00,-999,-999.00,-999,-999.00,-999.00,-999.00,274;456;543;730;1064;1297;1573;1577;1822;1998;2356;2620;2655;2678;2975;3127,-999.00,-999.00,-999.00,-999.00,5559055.33,65.85,36.38,51.12,58.19,-6.23,25.97,0,98.47,4.00,5.36456385854124e-03,54.15,61.52,436.47,506.65
Rodentia,Muridae,Apodemus,gurkha,apodemus gurkha,-999.00,-999.00,-999.00,-999.00,-999.00,-999.00,-999.00,-999.00,-999.00,-999.00,-999.00,-999.00,-999.00,-999.00,-999.00,-999.00,-999.00,-999.00,-999.00,-999.00,-999.00,-999.00,-999.00,-999.00,-999,-999.00,-999,-999.00,-999.00,-999.00,-999,-999.00,-999.00,-999.00,-999.00,25245.52,28.95,27.41,28.18,86.64,83.23,84.93,4,137.38,7.00,0.06,114.50,52.83,890.35,1164.42
Rodentia,Muridae,Apodemus,hyrcanicus,apodemus hyrcanicus,-999.00,-999.00,-999.00,-999.00,-999.00,-999.00,-999.00,-999.00,-999.00,-999.00,-999.00,-999.00,-999.00,-999.00,-999.00,-999.00,-999.00,-999.00,-999.00,-999.00,-999.00,-999.00,-999.00,-999.00,-999,-999.00,-999,-999.00,-999.00,-999.00,-999,-999.00,-999.00,-999.00,-999.00,6808.71,40.51,39.70,40.10,49.35,48.18,48.77,33,80.39,33.00,0.05,38.80,121.69,519.29,877.46
Rodentia,Muridae,Apodemus,latronum,apodemus latronum,-999.00,-999.00,-999.00,-999.00,-999.00,-999.00,-999.00,-999.00,-999.00,-999.00,-999.00,-999.00,-999.00,-999.00,-999.00,-999.00,-999.00,-999.00,-999.00,-999.00,-999.00,-999.00,-999.00,-999.00,-999,-999.00,-999,-999.00,-999.00,-999.00,-999,-999.00,-999.00,-999.00,-999.00,494407.00,31.65,22.73,27.19,103.91,96.15,100.03,1,54.82,2.00,0.07,145.12,58.48,863.27,1066.56
Rodentia,Muridae,Apodemus,mystacinus,apodemus mystacinus,-999.00,43.84,-999.00,-999.00,-999.00,-999.00,70.64,42.30,-999.00,-999.00,23.00,-999.00,-999.00,-999.00,-999.00,3.88,2.00,-999.00,3.00,-999.00,-999.00,-999.00,-999.00,-999.00,-999,-999.00,-999,-999.00,-999.00,-999.00,1297;1822;2655,-999.00,-999.00,-999.00,-999.00,801977.78,43.24,31.94,37.59,44.36,23.52,33.94,0,97.01,26.00,0.07,50.44,104.26,427.01,1012.79
Rodentia,Muridae,Apodemus,pallipes,apodemus pallipes,-999.00,-999.00,-999.00,-999.00,-999.00,-999.00,-999.00,-999.00,-999.00,-999.00,-999.00,-999.00,-999.00,-999.00,-999.00,-999.00,-999.00,-999.00,-999.00,-999.00,-999.00,-999.00,-999.00,-999.00,-999,-999.00,-999,-999.00,-999.00,-999.00,-999,-999.00,-999.00,-999.00,-999.00,640317.24,38.10,29.02,33.56,83.07,62.08,72.57,0,41.38,0.00,0.17,29.10,7.04,356.96,977.41
Rodentia,Muridae,Apodemus,peninsulae,apodemus peninsulae,-999.00,-999.00,-999.00,-999.00,-999.00,-999.00,-999.00,-999.00,-999.00,-999.00,-999.00,-999.00,-999.00,-999.00,-999.00,4.41,-999.00,-999.00,2.00,-999.00,-999.00,-999.00,-999.00,-999.00,-999,-999.00,-999,-999.00,-999.00,-999.00,1297,-999.00,-999.00,-999.00,-999.00,7650074.19,68.18,28.34,48.26,145.82,82.70,114.26,0,91.15,0.00,0.01,42.13,-20.28,443.07,541.95
Rodentia,Muridae,Apodemus,ponticus,apodemus ponticus,-999.00,-999.00,-999.00,-999.00,-999.00,-999.00,-999.00,-999.00,-999.00,-999.00,-999.00,-999.00,-999.00,-999.00,-999.00,-999.00,-999.00,-999.00,-999.00,-999.00,-999.00,-999.00,-999.00,-999.00,-999,-999.00,-999,-999.00,-999.00,-999.00,-999,-999.00,-999.00,-999.00,-999.00,1101404.83,46.11,30.19,38.15,50.37,33.84,42.10,7,80.24,13.00,0.06,40.07,122.21,407.15,1000.32
Rodentia,Muridae,Apodemus,rusiges,apodemus rusiges,-999.00,-999.00,-999.00,-999.00,-999.00,-999.00,-999.00,-999.00,-999.00,-999.00,-999.00,-999.00,-999.00,-999.00,-999.00,-999.00,-999.00,-999.00,-999.00,-999.00,-999.00,-999.00,-999.00,-999.00,-999,-999.00,-999,-999.00,-999.00,-999.00,-999,-999.00,-999.00,-999.00,-999.00,76241.02,34.62,31.70,33.16,78.78,75.20,76.99,2,52.26,6.00,0.09,40.76,2.65,615.97,1013.02
Rodentia,Muridae,Apodemus,semotus,apodemus semotus,-999.00,25.77,-999.00,91.25,-999.00,-999.00,-999.00,-999.00,-999.00,-999.00,-999.00,-999.00,-999.00,-999.00,-999.00,3.56,-999.00,-999.00,-999.00,-999.00,-999.00,-999.00,-999.00,-999.00,-999,-999.00,-999,-999.00,-999.00,-999.00,456;1770;3121,-999.00,-999.00,-999.00,-999.00,36065.98,25.29,21.90,23.60,122.00,120.04,121.02,70,676.60,73.00,0.03,160.50,165.80,-999.00,-999.00
Rodentia,Muridae,Apodemus,speciosus,apodemus speciosus,-999.00,43.75,-999.00,-999.00,-999.00,-999.00,-999.00,-999.00,-999.00,-999.00,-999.00,-999.00,-999.00,-999.00,-999.00,4.47,-999.00,-999.00,-999.00,-999.00,-999.00,-999.00,-999.00,-999.00,-999,-999.00,-999,-999.00,-999.00,-999.00,456;1297,-999.00,-999.00,-999.00,-999.00,361275.18,45.52,30.98,38.25,145.82,129.55,137.69,56,312.45,73.00,9.91603867106079e-03,132.24,90.59,743.50,799.35
Rodentia,Muridae,Apodemus,sylvaticus,apodemus sylvaticus,2.00,21.90,-999.00,87.51,-999.00,85.00,56.98,22.00,4.00,-999.00,23.68,2.00,7.114139e-03,7.141216e-03,41.28,5.16,3.75,52.80,1.50,-999.00,780.00,-999.00,57.93,-999.00,-999,2.00,2,19.36,-999.00,-999.00,37;38;239;274;370;421;456;476;543;730;908;944;1153;1297;1573;1577;1822;1849;1998;2372;2655;2662;2678;2805;2975,-999.00,-999.00,-999.00,-999.00,5043250.55,62.04,33.01,47.53,39.79,-10.47,14.65,0,133.77,14.00,0.01,57.22,90.82,476.85,650.57
Rodentia,Muridae,Apodemus,uralensis,apodemus uralensis,-999.00,18.26,-999.00,-999.00,-999.00,-999.00,-999.00,-999.00,-999.00,-999.00,-999.00,-999.00,-999.00,-999.00,-999.00,5.72,-999.00,-999.00,-999.00,-999.00,-999.00,-999.00,-999.00,-999.00,-999,-999.00,-999,-999.00,-999.00,-999.00,1297;1577,-999.00,-999.00,-999.00,-999.00,7273479.78,59.09,29.93,44.51,90.73,14.34,52.53,0,52.81,2.00,0.02,37.81,48.61,389.88,607.08
Rodentia,Muridae,Apodemus,witherbyi,apodemus witherbyi,-999.00,20.66,-999.00,-999.00,-999.00,-999.00,50.50,20.70,-999.00,-999.00,-999.00,-999.00,-999.00,-999.00,-999.00,-999.00,-999.00,-999.00,-999.00,-999.00,-999.00,-999.00,-999.00,-999.00,-999,-999.00,-999,-999.00,-999.00,-999.00,1822;2655,-999.00,-999.00,-999.00,-999.00,1430457.53,48.37,29.28,38.83,58.78,32.48,45.63,2,85.48,7.00,0.07,37.44,118.37,397.25,1004.98
Rodentia,Muridae,Apomys,abrae,apomys abrae,1.00,34.88,-999.00,109.50,-999.00,-999.00,-999.00,-999.00,-999.00,-999.00,-999.00,2.00,-999.00,-999.00,-999.00,-999.00,-999.00,-999.00,-999.00,-999.00,-999.00,-999.00,-999.00,-999.00,-999,2.00,-999,-999.00,-999.00,-999.00,2152,-999.00,-999.00,-999.00,-999.00,39988.41,18.09,14.64,16.37,122.27,120.55,121.41,29,217.59,29.00,0.07,224.37,231.44,1397.53,1703.86
Rodentia,Muridae,Apomys,datae,apomys datae,1.00,34.88,-999.00,109.50,-999.00,-999.00,-999.00,-999.00,-999.00,-999.00,-999.00,2.00,-999.00,-999.00,-999.00,-999.00,-999.00,-999.00,-999.00,-999.00,-999.00,-999.00,-999.00,-999.00,-999,2.00,-999,-999.00,-999.00,-999.00,2152,-999.00,-999.00,-999.00,-999.00,11324.99,17.82,16.17,17.00,121.33,120.52,120.92,29,99.65,29.00,8.57705860509476e-03,259.41,210.39,1416.52,1618.73
Rodentia,Muridae,Apomys,gracilirostris,apomys gracilirostris,-999.00,-999.00,-999.00,-999.00,-999.00,-999.00,-999.00,-999.00,-999.00,-999.00,-999.00,-999.00,-999.00,-999.00,-999.00,-999.00,-999.00,-999.00,-999.00,-999.00,-999.00,-999.00,-999.00,-999.00,-999,-999.00,-999,-999.00,-999.00,-999.00,-999,-999.00,-999.00,-999.00,-999.00,-999.00,-999.00,-999.00,-999.00,-999.00,-999.00,-999.00,-999,-999.00,-999.00,-999.00,-999.00,-999.00,-999.00,-999.00
Rodentia,Muridae,Apomys,hylocetes,apomys hylocetes,1.00,34.88,-999.00,109.50,-999.00,-999.00,-999.00,-999.00,-999.00,-999.00,-999.00,2.00,-999.00,-999.00,-999.00,-999.00,-999.00,-999.00,-999.00,-999.00,-999.00,-999.00,-999.00,-999.00,-999,2.00,-999,-999.00,-999.00,-999.00,2152,-999.00,-999.00,-999.00,-999.00,17394.58,9.36,5.79,7.57,126.41,124.20,125.30,66,150.22,74.00,0.13,184.20,229.69,1575.60,1745.72
Rodentia,Muridae,Apomys,insignis,apomys insignis,1.00,34.88,-999.00,109.50,-999.00,-999.00,-999.00,-999.00,-999.00,-999.00,-999.00,2.00,-999.00,-999.00,-999.00,-999.00,-999.00,-999.00,-999.00,-999.00,-999.00,-999.00,-999.00,-999.00,-999,2.00,-999,-999.00,-999.00,-999.00,2152,-999.00,-999.00,-999.00,-999.00,95605.19,10.47,5.55,8.01,126.60,121.89,124.24,33,159.88,55.00,0.11,170.68,236.39,1567.81,1734.24
Rodentia,Muridae,Apomys,littoralis,apomys littoralis,1.00,30.95,-999.00,109.50,-999.00,-999.00,-999.00,-999.00,-999.00,-999.00,-999.00,2.00,-999.00,-999.00,-999.00,-999.00,-999.00,-999.00,-999.00,-999.00,-999.00,-999.00,-999.00,-999.00,-999,2.00,-999,-999.00,-999.00,-999.00,1306;2152;2655,-999.00,-999.00,-999.00,-999.00,106985.31,11.70,5.55,8.63,126.60,121.89,124.24,33,177.77,55.00,0.11,173.61,240.08,1565.18,1739.39
Rodentia,Muridae,Apomys,microdon,apomys microdon,2.00,34.98,-999.00,109.50,-999.00,-999.00,-999.00,-999.00,4.00,-999.00,-999.00,2.00,-999.00,-999.00,-999.00,-999.00,-999.00,-999.00,-999.00,-999.00,-999.00,-999.00,-999.00,-999.00,-999,2.00,2,-999.00,-999.00,-999.00,170;2152;2446;2655,-999.00,-999.00,-999.00,-999.00,26990.03,14.62,12.53,13.58,124.42,120.56,122.49,84,511.84,112.00,0.10,254.07,256.19,1412.00,1844.00
Rodentia,Muridae,Apomys,musculus,apomys musculus,2.00,21.20,-999.00,109.50,-999.00,-999.00,-999.00,-999.00,4.00,-999.00,-999.00,2.00,2.683942e-03,2.31518e-03,-999.00,-999.00,-999.00,-999.00,-999.00,-999.00,1124.83,-999.00,-999.00,-999.00,-999,2.00,2,-999.00,-999.00,-999.00,170;2152;2446;2655,-999.00,-999.00,-999.00,-999.00,115585.39,18.65,12.20,15.42,124.19,119.74,121.97,19,283.29,29.00,0.09,233.49,240.53,1367.82,1715.75
Rodentia,Muridae,Apomys,sacobianus,apomys sacobianus,1.00,34.88,-999.00,109.50,-999.00,-999.00,-999.00,-999.00,-999.00,-999.00,-999.00,2.00,-999.00,-999.00,-999.00,-999.00,-999.00,-999.00,-999.00,-999.00,-999.00,-999.00,-999.00,-999.00,-999,2.00,-999,-999.00,-999.00,-999.00,2152,-999.00,-999.00,-999.00,-999.00,341.33,15.27,15.08,15.18,120.64,120.45,120.54,171,373.00,171.00,0.07,269.50,244.00,1103.00,1844.00
Chiroptera,Pteropodidae,Aproteles,bulmerae,aproteles bulmerae,-999.00,623.91,166.24,245.47,-999.00,-999.00,-999.00,-999.00,2.00,-999.00,-999.00,1.00,-999.00,-999.00,-999.00,1.00,1.00,-999.00,-999.00,-999.00,-999.00,-999.00,-999.00,-999.00,-999,2.00,1,-999.00,-999.00,-999.00,974;1015;2151;2655,-999.00,-999.00,-999.00,-999.00,66662.67,-4.66,-6.94,-5.80,145.87,140.28,143.07,1,14.78,1.00,0.17,354.23,171.17,1655.43,1662.62
Rodentia,Cricetidae,Arborimus,albipes,arborimus albipes,-999.00,23.00,-999.00,103.72,-999.00,-999.00,-999.00,-999.00,3.00,-999.00,-999.00,2.00,-999.00,-999.00,-999.00,2.73,-999.00,-999.00,-999.00,-999.00,-999.00,-999.00,-999.00,-999.00,5,2.00,1,-999.00,-999.00,-999.00,1297;2655;2937,-999.00,-999.00,-999.00,-999.00,77783.68,46.22,40.18,43.20,-121.85,-124.56,-123.20,1,30.76,1.00,0.09,95.54,82.83,446.72,747.45
Rodentia,Cricetidae,Arborimus,longicaudus,arborimus longicaudus,1.00,22.39,-999.00,103.72,19.90,-999.00,58.86,21.80,1.00,-999.00,28.11,2.00,-999.00,-999.00,-999.00,2.91,-999.00,-999.00,2.49,-999.00,-999.00,-999.00,-999.00,1.00,-999,2.00,1,30.49,21.00,-999.00,683;1108;1236;1294;1297;1391;1822;1949;2655,-999.00,-999.00,-999.00,-999.00,54116.11,45.75,41.46,43.60,-121.46,-124.56,-123.01,1,33.08,2.00,0.10,95.78,83.09,457.30,734.56
Rodentia,Cricetidae,Arborimus,pomo,arborimus pomo,1.00,32.49,-999.00,99.06,20.80,-999.00,-999.00,-999.00,1.00,-999.00,32.33,2.00,-999.00,-999.00,-999.00,2.00,-999.00,-999.00,2.39,-999.00,-999.00,-999.00,-999.00,-999.00,4,2.00,1,35.29,-999.00,-999.00,11;2655,-999.00,-999.00,-999.00,-999.00,22031.98,41.57,37.92,39.75,-122.63,-124.40,-123.52,1,33.24,1.00,0.01,69.74,85.68,398.61,974.60
Rodentia,Muridae,Archboldomys,luzonensis,archboldomys luzonensis,3.00,35.34,-999.00,70.00,-999.00,-999.00,-999.00,-999.00,1.00,-999.00,-999.00,-999.00,-999.00,-999.00,-999.00,-999.00,-999.00,-999.00,-999.00,-999.00,575.19,-999.00,-999.00,-999.00,-999,-999.00,3,-999.00,-999.00,-999.00,170;1015;2152;2446;2655,-999.00,-999.00,-999.00,-999.00,328.30,13.74,13.55,13.65,123.47,123.28,123.38,323,323.00,323.00,0.09,331.00,252.00,-999.00,-999.00
Rodentia,Muridae,Archboldomys,musseri,archboldomys musseri,-999.00,-999.00,-999.00,-999.00,-999.00,-999.00,-999.00,-999.00,-999.00,-999.00,-999.00,-999.00,-999.00,-999.00,-999.00,-999.00,-999.00,-999.00,-999.00,-999.00,-999.00,-999.00,-999.00,-999.00,-999,-999.00,-999,-999.00,-999.00,-999.00,-999,-999.00,-999.00,-999.00,-999.00,-999.00,-999.00,-999.00,-999.00,-999.00,-999.00,-999.00,-999,-999.00,-999.00,-999.00,-999.00,-999.00,-999.00,-999.00
Carnivora,Viverridae,Arctictis,binturong,arctictis binturong,1.00,12999.99,-999.00,785.15,3.00,-999.00,1877.64,13640.00,3.00,-999.00,92.24,1.00,-999.00,-999.00,317.60,2.50,-999.00,272.40,317.35,215.00,-999.00,-999.00,1034.61,-999.00,-999,1.00,1,117.57,-999.00,-999.00,367;543;1113;1297;1822;2655,-999.00,1.18,-999.00,-999.00,2913838.88,28.46,-8.78,9.84,119.93,88.38,104.16,1,124.73,4.00,0.12,194.92,229.94,1362.12,1587.23
Primates,Lorisidae,Arctocebus,aureus,arctocebus aureus,-999.00,234.16,-999.00,-999.00,-999.00,-999.00,-999.00,-999.00,-999.00,-999.00,-999.00,-999.00,-999.00,-999.00,-999.00,-999.00,-999.00,-999.00,-999.00,-999.00,-999.00,-999.00,-999.00,-999.00,-999,-999.00,-999,-999.00,-999.00,-999.00,1547;1848;2655,-999.00,-999.00,-999.00,-999.00,878239.93,5.23,-6.05,-0.41,18.65,8.69,13.67,0,13.57,1.00,0.08,150.36,244.58,1305.13,1502.14
Primates,Lorisidae,Arctocebus,calabarensis,arctocebus calabarensis,1.00,258.01,-999.00,239.99,-999.00,417.92,87.55,208.00,3.00,-999.00,133.74,-999.00,-999.00,-999.00,144.47,1.01,-999.00,156.00,31.82,-999.00,6.20,-999.00,298.91,1.00,-999,-999.00,2,109.26,160.00,-999.00,208;223;543;730;732;1297;1544;1547;1822;1848;2151;2344;2493;2511;2655;2986,-999.00,1.76,-999.00,-999.00,185093.80,7.45,3.58,5.52,13.39,6.02,9.71,6,145.31,7.00,0.11,184.44,247.75,1217.99,1530.26
Carnivora,Otariidae,Arctocephalus,australis,arctocephalus australis,1.00,67979.43,-999.00,1647.58,0.00,-999.00,-999.00,-999.00,6.00,-999.00,246.38,2.00,-999.00,-999.00,365.00,1.00,-999.00,252.00,4449.71,-999.00,-999.00,-999.00,1729.33,-999.00,-999,1.00,2,365.00,18583.30,-999.00,367;890;1297;1763;2151;2655,-999.00,1.10,-999.00,-999.00,-999.00,-999.00,-999.00,-999.00,-999.00,-999.00,-999.00,-999,-999.00,-999.00,-999.00,-999.00,-999.00,-999.00,-999.00
Carnivora,Otariidae,Arctocephalus,forsteri,arctocephalus forsteri,1.00,101249.99,-999.00,1701.17,0.00,-999.00,-999.00,-999.00,6.00,-999.00,242.47,2.00,-999.00,-999.00,365.00,1.00,-999.00,180.00,3700.00,-999.00,-999.00,16000.00,2668.42,-999.00,-999,1.00,2,323.72,12251.21,-999.00,367;905;1297;1763;2151;2655,-999.00,1.10,-999.00,-999.00,-999.00,-999.00,-999.00,-999.00,-999.00,-999.00,-999.00,-999,-999.00,-999.00,-999.00,-999.00,-999.00,-999.00,-999.00
Carnivora,Otariidae,Arctocephalus,galapagoensis,arctocephalus galapagoensis,1.00,39448.04,-999.00,1352.21,0.00,-999.00,12433.80,45950.00,6.00,1095.00,215.94,2.00,-999.00,-999.00,730.00,1.00,-999.00,264.00,3499.99,-999.00,-999.00,-999.00,1683.65,-999.00,-999,1.00,2,821.25,12927.84,-999.00,367;543;890;1297;1763;2151;2655;2986,-999.00,0.77,-999.00,-999.00,-999.00,-999.00,-999.00,-999.00,-999.00,-999.00,-999.00,-999,-999.00,-999.00,-999.00,-999.00,-999.00,-999.00,-999.00
Carnivora,Otariidae,Arctocephalus,gazella,arctocephalus gazella,1.00,96599.99,-999.00,1568.56,0.00,1277.50,-999.00,-999.00,1.00,-999.00,294.69,2.00,-999.00,-999.00,365.00,1.00,-999.00,276.00,5794.63,-999.00,22.00,-999.00,1691.66,-999.00,-999,1.00,3,116.28,13811.29,-999.00,367;543;890;1297;1763;2151;2655;2986,-999.00,1.10,-999.00,-999.00,-999.00,-999.00,-999.00,-999.00,-999.00,-999.00,-999.00,-999,-999.00,-999.00,-999.00,-999.00,-999.00,-999.00,-999.00
Carnivora,Otariidae,Arctocephalus,philippii,arctocephalus philippii,-999.00,94999.99,-999.00,1694.94,-999.00,-999.00,-999.00,-999.00,6.00,-999.00,-999.00,2.00,-999.00,-999.00,365.00,1.00,-999.00,-999.00,-999.00,-999.00,-999.00,-999.00,-999.00,-999.00,-999,1.00,2,-999.00,-999.00,-999.00,367;890;2151;2655,-999.00,1.10,-999.00,-999.00,-999.00,-999.00,-999.00,-999.00,-999.00,-999.00,-999.00,-999,-999.00,-999.00,-999.00,-999.00,-999.00,-999.00,-999.00
Carnivora,Otariidae,Arctocephalus,pusillus,arctocephalus pusillus,1.00,178500.00,-999.00,1899.33,0.00,1095.00,-999.00,-999.00,1.00,-999.00,357.99,2.00,-999.00,-999.00,365.00,1.00,-999.00,252.00,5750.00,-999.00,-999.00,-999.00,1698.17,-999.00,-999,1.00,3,356.30,21106.96,-999.00,367;543;1297;1763;2151;2655;2986,-999.00,1.10,-999.00,-999.00,-999.00,-999.00,-999.00,-999.00,-999.00,-999.00,-999.00,-999,-999.00,-999.00,-999.00,-999.00,-999.00,-999.00,-999.00
Carnivora,Otariidae,Arctocephalus,townsendi,arctocephalus townsendi,-999.00,101063.71,-999.00,1704.41,0.00,-999.00,-999.00,-999.00,1.00,-999.00,-999.00,2.00,-999.00,-999.00,365.00,1.00,-999.00,288.00,-999.00,-999.00,-999.00,-999.00,-999.00,-999.00,-999,1.00,3,328.13,-999.00,-999.00,367;2151;2655,-999.00,1.10,-999.00,-999.00,-999.00,-999.00,-999.00,-999.00,-999.00,-999.00,-999.00,-999,-999.00,-999.00,-999.00,-999.00,-999.00,-999.00,-999.00
Carnivora,Otariidae,Arctocephalus,tropicalis,arctocephalus tropicalis,-999.00,92222.55,-999.00,1620.16,0.00,-999.00,-999.00,-999.00,6.00,-999.00,241.69,2.00,-999.00,-999.00,365.00,1.40,-999.00,276.00,4347.41,-999.00,-999.00,-999.00,1538.68,-999.00,-999,1.00,2,304.16,14866.64,-999.00,367;890;1297;1763;2151;2655;2986,-999.00,1.10,-999.00,-999.00,-999.00,-999.00,-999.00,-999.00,-999.00,-999.00,-999.00,-999,-999.00,-999.00,-999.00,-999.00,-999.00,-999.00,-999.00
Carnivora,Viverridae,Arctogalidia,trivirgata,arctogalidia trivirgata,1.00,2323.79,-999.00,526.90,11.02,-999.00,690.00,2400.00,6.00,-999.00,45.95,1.00,-999.00,-999.00,182.50,2.79,-999.00,190.00,-999.00,-999.00,-999.00,-999.00,841.82,-999.00,-999,1.00,2,49.41,-999.00,-999.00,367;543;1113;1297;2655,-999.00,1.56,-999.00,-999.00,2766097.40,29.44,-7.64,10.90,119.26,91.50,105.38,1,97.79,4.00,0.12,199.26,232.10,1365.07,1588.80
Carnivora,Mustelidae,Arctonyx,collaris,arctonyx collaris,1.00,8166.52,-999.00,690.22,-999.00,-999.00,-999.00,-999.00,6.00,-999.00,42.89,1.00,-999.00,-999.00,-999.00,3.00,-999.00,167.00,58.00,-999.00,-999.00,-999.00,-999.00,-999.00,6,1.00,2,165.64,-999.00,-999.00,543;1113;1297;2655,-999.00,-999.00,-999.00,-999.00,4519063.86,38.98,-5.12,16.92,122.70,91.42,107.06,1,250.46,6.00,0.07,124.48,169.67,1020.90,1215.32
Chiroptera,Phyllostomidae,Ardops,nichollsi,ardops nichollsi,-999.00,19.23,48.56,-999.00,-999.00,-999.00,-999.00,-999.00,1.00,-999.00,-999.00,1.00,-999.00,-999.00,-999.00,0.99,2.00,-999.00,2.52,36.29,-999.00,-999.00,-999.00,-999.00,-999,2.00,1,-999.00,-999.00,-999.00,1297;1636;1637;1658;1920;2151;2655;2719;3023,-999.00,-999.00,-999.00,-999.00,4493.21,17.53,13.11,15.32,-60.81,-63.00,-61.90,0,215.47,0.00,0.04,-999.00,-999.00,-999.00,-999.00
Chiroptera,Vespertilionidae,Arielulus,aureocollaris,arielulus aureocollaris,-999.00,-999.00,-999.00,-999.00,-999.00,-999.00,-999.00,-999.00,-999.00,-999.00,-999.00,-999.00,-999.00,-999.00,-999.00,-999.00,-999.00,-999.00,-999.00,-999.00,-999.00,-999.00,-999.00,-999.00,-999,-999.00,-999,-999.00,-999.00,-999.00,-999,-999.00,-999.00,-999.00,-999.00,1761.41,20.28,19.84,20.06,99.34,98.90,99.12,6,25.01,6.00,0.07,129.49,206.51,1097.75,1556.27
Chiroptera,Vespertilionidae,Arielulus,circumdatus,arielulus circumdatus,-999.00,10.40,40.50,-999.00,-999.00,-999.00,-999.00,-999.00,-999.00,-999.00,-999.00,1.00,-999.00,-999.00,-999.00,-999.00,-999.00,-999.00,-999.00,-999.00,-999.00,-999.00,-999.00,-999.00,-999,2.00,-999,-999.00,-999.00,-999.00,196;1658;2151;2655,-999.00,-999.00,-999.00,-999.00,484035.06,28.35,-7.35,10.49,108.23,87.07,97.65,1,168.92,2.00,0.08,166.35,159.27,1086.79,1289.73
Chiroptera,Vespertilionidae,Arielulus,cuprosus,arielulus cuprosus,-999.00,-999.00,35.49,-999.00,-999.00,-999.00,-999.00,-999.00,-999.00,-999.00,-999.00,1.00,-999.00,-999.00,-999.00,-999.00,-999.00,-999.00,-999.00,-999.00,-999.00,-999.00,-999.00,-999.00,-999,2.00,-999,-999.00,-999.00,-999.00,1658;2151,6.91,-999.00,-999.00,-999.00,25.19,5.90,5.85,5.88,117.96,117.91,117.94,58,58.00,58.00,0.28,265.00,267.00,1738.00,1749.00
Chiroptera,Vespertilionidae,Arielulus,societatis,arielulus societatis,-999.00,-999.00,38.49,-999.00,-999.00,-999.00,-999.00,-999.00,-999.00,-999.00,-999.00,1.00,-999.00,-999.00,-999.00,-999.00,-999.00,-999.00,-999.00,-999.00,-999.00,-999.00,-999.00,-999.00,-999,2.00,-999,-999.00,-999.00,-999.00,1658;2151,8.72,-999.00,-999.00,-999.00,7183.23,5.35,3.93,4.64,101.91,101.28,101.59,7,58.01,7.00,0.08,203.61,242.25,1656.57,1759.97
Chiroptera,Vespertilionidae,Arielulus,torquatus,arielulus torquatus,-999.00,-999.00,-999.00,-999.00,-999.00,-999.00,-999.00,-999.00,-999.00,-999.00,-999.00,-999.00,-999.00,-999.00,-999.00,-999.00,-999.00,-999.00,-999.00,-999.00,-999.00,-999.00,-999.00,-999.00,-999,-999.00,-999,-999.00,-999.00,-999.00,-999,-999.00,-999.00,-999.00,-999.00,36065.98,25.29,21.90,23.60,122.00,120.04,121.02,70,676.60,73.00,0.03,160.50,165.80,-999.00,-999.00
Chiroptera,Phyllostomidae,Ariteus,flavescens,ariteus flavescens,-999.00,-999.00,40.50,-999.00,-999.00,-999.00,-999.00,-999.00,-999.00,-999.00,-999.00,1.00,-999.00,-999.00,-999.00,-999.00,-999.00,-999.00,-999.00,-999.00,-999.00,-999.00,-999.00,-999.00,-999,2.00,-999,-999.00,-999.00,-999.00,1658;2151,10.09,-999.00,-999.00,-999.00,8821.83,18.52,17.92,18.22,-65.59,-67.26,-66.42,189,333.48,189.00,0.05,104.75,240.00,-999.00,-999.00
Chiroptera,Phyllostomidae,Artibeus,amplus,artibeus amplus,-999.00,61.04,70.50,-999.00,-999.00,-999.00,-999.00,-999.00,1.00,-999.00,-999.00,1.00,-999.00,-999.00,-999.00,-999.00,-999.00,-999.00,-999.00,-999.00,-999.00,-999.00,-999.00,-999.00,-999,2.00,1,-999.00,-999.00,-999.00,889;1658;2151;2622;2655,-999.00,-999.00,-999.00,-999.00,704691.93,9.23,1.31,5.27,-58.32,-73.61,-65.96,0,6.72,0.00,0.18,160.88,241.38,1483.43,1664.94
Chiroptera,Phyllostomidae,Artibeus,anderseni,artibeus anderseni,-999.00,-999.00,35.49,-999.00,-999.00,-999.00,-999.00,-999.00,1.00,-999.00,-999.00,1.00,-999.00,-999.00,-999.00,0.98,-999.00,-999.00,-999.00,-999.00,-999.00,-999.00,-999.00,-999.00,-999,2.00,1,-999.00,-999.00,-999.00,889;1297;1658;2151;2622;2655,6.91,-999.00,-999.00,-999.00,3362837.20,0.71,-18.71,-9.00,-58.59,-77.93,-68.26,0,4.26,0.00,0.15,178.80,240.02,1384.93,1521.56
Chiroptera,Phyllostomidae,Artibeus,aztecus,artibeus aztecus,-999.00,20.81,44.36,-999.00,-999.00,-999.00,-999.00,-999.00,1.00,-999.00,-999.00,1.00,-999.00,-999.00,-999.00,0.99,2.00,-999.00,-999.00,-999.00,-999.00,-999.00,-999.00,-999.00,-999,2.00,1,-999.00,-999.00,-999.00,748;889;1297;1316;1658;2151;2541;2655;2981,-999.00,-999.00,-999.00,-999.00,572771.69,24.48,8.35,16.41,-82.71,-106.78,-94.74,4,88.99,9.00,0.09,99.95,204.17,999.10,1524.63
Chiroptera,Phyllostomidae,Artibeus,cinereus,artibeus cinereus,-999.00,12.70,38.99,-999.00,-999.00,-999.00,-999.00,-999.00,1.00,-999.00,-999.00,1.00,-999.00,-999.00,-999.00,0.99,-999.00,-999.00,-999.00,-999.00,-999.00,-999.00,-999.00,-999.00,-999,2.00,1,-999.00,-999.00,-999.00,196;889;1297;1658;2151;2622;2655;2719,-999.00,-999.00,-999.00,-999.00,1835095.13,12.23,-1.38,5.42,-49.88,-71.58,-60.73,0,19.68,0.00,0.13,150.84,250.38,1445.86,1710.31
Chiroptera,Phyllostomidae,Artibeus,concolor,artibeus concolor,-999.00,19.65,47.34,-999.00,-999.00,-999.00,32.89,19.70,1.00,-999.00,-999.00,1.00,-999.00,-999.00,-999.00,-999.00,-999.00,-999.00,-999.00,-999.00,-999.00,-999.00,-999.00,-999.00,-999,2.00,1,-999.00,-999.00,-999.00,9;196;889;1658;1822;1948;2151;2655;3037;3038,-999.00,-999.00,-999.00,-999.00,6473389.12,10.01,-13.01,-1.50,-34.79,-75.23,-55.01,0,12.37,0.00,0.10,168.66,251.80,1374.77,1592.68
Chiroptera,Phyllostomidae,Artibeus,fimbriatus,artibeus fimbriatus,-999.00,63.89,-999.00,-999.00,-999.00,-999.00,77.95,63.90,1.00,-999.00,-999.00,1.00,-999.00,-999.00,-999.00,-999.00,-999.00,-999.00,-999.00,-999.00,-999.00,-999.00,-999.00,-999.00,-999,2.00,1,-999.00,-999.00,-999.00,706;889;2151;2655,-999.00,-999.00,-999.00,-999.00,1195211.14,-18.73,-28.22,-23.48,-41.76,-59.24,-50.50,0,75.59,1.00,0.07,125.63,208.92,1233.51,1315.75
Chiroptera,Phyllostomidae,Artibeus,fraterculus,artibeus fraterculus,-999.00,-999.00,56.00,-999.00,-999.00,-999.00,-999.00,-999.00,1.00,-999.00,-999.00,1.00,-999.00,-999.00,-999.00,0.98,-999.00,-999.00,-999.00,-999.00,-999.00,-999.00,-999.00,-999.00,-999,2.00,1,-999.00,-999.00,-999.00,889;1297;1658;2151,25.54,-999.00,-999.00,-999.00,336498.73,1.08,-13.73,-6.32,-75.69,-81.35,-78.52,0,81.95,6.00,0.10,67.93,165.07,790.26,1396.68
Chiroptera,Phyllostomidae,Artibeus,glaucus,artibeus glaucus,-999.00,12.31,-999.00,-999.00,-999.00,-999.00,-999.00,-999.00,1.00,-999.00,-999.00,1.00,-999.00,-999.00,-999.00,-999.00,-999.00,-999.00,-999.00,-999.00,-999.00,-999.00,-999.00,-999.00,-999,2.00,1,-999.00,-999.00,-999.00,196;748;889;2151;2655,-999.00,-999.00,-999.00,-999.00,10710294.79,8.96,-24.02,-7.53,-34.79,-81.35,-58.07,0,21.52,0.00,0.12,153.88,239.21,1289.11,1536.25
Chiroptera,Phyllostomidae,Artibeus,gnomus,artibeus gnomus,-999.00,10.06,-999.00,-999.00,-999.00,-999.00,-999.00,-999.00,-999.00,-999.00,-999.00,-999.00,-999.00,-999.00,-999.00,-999.00,-999.00,-999.00,-999.00,-999.00,-999.00,-999.00,-999.00,-999.00,-999,-999.00,-999,-999.00,-999.00,-999.00,2622,-999.00,-999.00,-999.00,-999.00,8185856.09,12.46,-15.28,-1.41,-34.79,-80.09,-57.44,0,18.14,0.00,0.12,163.49,243.19,1305.44,1538.58
Chiroptera,Phyllostomidae,Artibeus,hirsutus,artibeus hirsutus,-999.00,40.42,55.88,-999.00,-999.00,-999.00,-999.00,-999.00,1.00,-999.00,-999.00,1.00,-999.00,-999.00,-999.00,0.98,-999.00,-999.00,-999.00,-999.00,-999.00,-999.00,-999.00,-999.00,-999,2.00,1,-999.00,-999.00,-999.00,889;1297;1658;2151;2622;2655;2983,-999.00,-999.00,-999.00,-999.00,299330.97,28.69,16.65,22.67,-98.39,-110.11,-104.25,1,82.64,4.00,0.08,68.43,203.79,805.02,1474.59
Chiroptera,Phyllostomidae,Artibeus,incomitatus,artibeus incomitatus,-999.00,-999.00,-999.00,-999.00,-999.00,-999.00,-999.00,-999.00,-999.00,-999.00,-999.00,-999.00,-999.00,-999.00,-999.00,-999.00,-999.00,-999.00,-999.00,-999.00,-999.00,-999.00,-999.00,-999.00,-999,-999.00,-999,-999.00,-999.00,-999.00,-999,-999.00,-999.00,-999.00,-999.00,3.43,9.10,9.09,9.09,-81.54,-81.56,-81.55,7,7.00,7.00,-0.22,-999.00,-999.00,-999.00,-999.00
Chiroptera,Phyllostomidae,Artibeus,inopinatus,artibeus inopinatus,-999.00,-999.00,50.49,-999.00,-999.00,-999.00,-999.00,-999.00,1.00,-999.00,-999.00,1.00,-999.00,-999.00,-999.00,-999.00,-999.00,-999.00,-999.00,-999.00,-999.00,-999.00,-999.00,-999.00,-999,2.00,1,-999.00,-999.00,-999.00,889;1658;2151,18.99,-999.00,-999.00,-999.00,48689.76,14.03,11.26,12.64,-85.42,-90.08,-87.75,27,139.08,44.00,0.13,134.62,230.02,1066.46,1677.08
Chiroptera,Phyllostomidae,Artibeus,jamaicensis,artibeus jamaicensis,-999.00,43.63,60.34,78.30,0.00,-999.00,56.50,45.20,4.00,-999.00,138.70,1.00,-999.00,-999.00,-999.00,1.00,2.00,120.00,10.57,40.72,-999.00,1000.00,333.22,-999.00,-999,2.00,2,-999.00,-999.00,-999.00,108;196;359;543;889;892;980;1297;1309;1325;1507;1508;1536;1658;1702;1705;1784;1822;1948;2143;2151;2295;2315;2622;2655;2719;2751;3023;3035;30373038;3041;3045,-999.00,-999.00,-999.00,-999.00,14327574.52,26.12,-25.53,0.29,-34.79,-108.79,-71.79,0,33.02,0.00,0.11,147.19,237.53,1278.50,1531.97
Chiroptera,Phyllostomidae,Artibeus,lituratus,artibeus lituratus,1.00,59.30,70.33,95.35,0.00,-999.00,84.82,70.10,1.00,-999.00,106.45,1.00,-999.00,-999.00,220.00,1.00,2.00,-999.00,8.90,58.00,-999.00,-999.00,-999.00,-999.00,-999,2.00,1,-999.00,33.79,-999.00,108;196;889;1297;1325;1334;1658;1705;1784;1822;1948;2143;2151;2295;2383;2622;2655;2708;2719;2751;2794;2795;2797;3035;3037;3038,-999.00,-999.00,-999.00,-999.00,14275189.62,22.11,-29.57,-3.73,-34.79,-98.34,-66.56,0,27.78,0.00,0.11,148.64,235.91,1281.41,1521.14
Chiroptera,Phyllostomidae,Artibeus,obscurus,artibeus obscurus,-999.00,35.91,-999.00,-999.00,-999.00,-999.00,-999.00,-999.00,1.00,-999.00,-999.00,1.00,-999.00,-999.00,-999.00,0.98,-999.00,-999.00,-999.00,-999.00,-999.00,-999.00,-999.00,-999.00,-999,2.00,1,-999.00,-999.00,-999.00,889;1297;2151;2622;2655,-999.00,-999.00,-999.00,-999.00,11220757.02,8.79,-26.50,-8.85,-34.79,-78.17,-56.48,0,19.72,0.00,0.11,154.26,240.14,1302.96,1531.52
Chiroptera,Phyllostomidae,Artibeus,phaeotis,artibeus phaeotis,-999.00,11.69,38.55,55.50,-999.00,-999.00,-999.00,-999.00,3.00,-999.00,-999.00,1.00,-999.00,-999.00,-999.00,0.99,2.00,-999.00,2.52,37.54,-999.00,-999.00,-999.00,-999.00,-999,2.00,2,-999.00,7.59,-999.00,108;196;748;889;1297;1325;1658;2143;2151;2622;2655;2751;2851;3023,-999.00,-999.00,-999.00,-999.00,1156701.32,24.53,-2.73,10.89,-75.60,-107.37,-91.49,1,51.66,3.00,0.13,162.28,228.79,1246.06,1593.77
Chiroptera,Phyllostomidae,Artibeus,toltecus,artibeus toltecus,-999.00,15.47,39.50,-999.00,-999.00,-999.00,-999.00,-999.00,1.00,-999.00,-999.00,1.00,-999.00,-999.00,-999.00,0.99,2.00,-999.00,-999.00,-999.00,-999.00,-999.00,-999.00,-999.00,-999,2.00,1,-999.00,-999.00,-999.00,196;748;805;889;1297;1658;2151;2622;2655;2719;2981;2982,-999.00,-999.00,-999.00,-999.00,1039041.68,26.74,1.03,13.89,-76.09,-109.43,-92.76,2,67.80,5.00,0.09,138.84,215.72,1112.27,1568.62
Chiroptera,Phyllostomidae,Artibeus,watsoni,artibeus watsoni,-999.00,11.20,-999.00,-999.00,-999.00,-999.00,-999.00,-999.00,-999.00,-999.00,-999.00,-999.00,-999.00,-999.00,-999.00,1.00,-999.00,-999.00,-999.00,-999.00,-999.00,-999.00,-999.00,-999.00,-999,-999.00,-999,-999.00,-999.00,-999.00,748,-999.00,-999.00,-999.00,-999.00,415964.09,19.12,7.20,13.16,-77.19,-95.55,-86.37,2,36.81,3.00,0.15,185.40,242.27,1374.71,1643.46
Rodentia,Muridae,Arvicanthis,abyssinicus,arvicanthis abyssinicus,-999.00,73.34,-999.00,-999.00,-999.00,-999.00,-999.00,-999.00,-999.00,-999.00,-999.00,-999.00,-999.00,-999.00,-999.00,-999.00,-999.00,-999.00,-999.00,-999.00,10983.58,-999.00,-999.00,-999.00,-999,-999.00,-999,-999.00,-999.00,-999.00,730;2655,-999.00,-999.00,-999.00,-999.00,284170.39,15.08,6.16,10.62,40.05,36.51,38.28,16,114.03,26.00,0.14,91.02,177.94,917.61,1446.32
Rodentia,Muridae,Arvicanthis,ansorgei,arvicanthis ansorgei,-999.00,-999.00,-999.00,-999.00,-999.00,-999.00,-999.00,-999.00,-999.00,-999.00,-999.00,-999.00,-999.00,-999.00,-999.00,-999.00,-999.00,-999.00,-999.00,-999.00,-999.00,-999.00,-999.00,-999.00,-999,-999.00,-999,-999.00,-999.00,-999.00,-999,-999.00,-999.00,-999.00,-999.00,-999.00,-999.00,-999.00,-999.00,-999.00,-999.00,-999.00,-999,-999.00,-999.00,-999.00,-999.00,-999.00,-999.00,-999.00
Rodentia,Muridae,Arvicanthis,blicki,arvicanthis blicki,-999.00,128.00,-999.00,-999.00,-999.00,-999.00,-999.00,-999.00,-999.00,-999.00,-999.00,-999.00,-999.00,-999.00,-999.00,-999.00,-999.00,-999.00,-999.00,-999.00,-999.00,-999.00,-999.00,-999.00,-999,-999.00,-999,-999.00,-999.00,-999.00,2655,-999.00,-999.00,-999.00,-999.00,25420.47,8.00,6.04,7.02,39.93,38.59,39.26,8,86.20,8.00,0.15,71.06,66.91,988.33,1350.16
Rodentia,Muridae,Arvicanthis,nairobae,arvicanthis nairobae,-999.00,-999.00,-999.00,-999.00,-999.00,-999.00,-999.00,-999.00,-999.00,-999.00,-999.00,-999.00,-999.00,-999.00,-999.00,-999.00,-999.00,-999.00,-999.00,-999.00,-999.00,-999.00,-999.00,-999.00,-999,-999.00,-999,-999.00,-999.00,-999.00,-999,-999.00,-999.00,-999.00,-999.00,186397.00,1.40,-7.26,-2.93,38.95,35.65,37.30,2,61.50,5.00,0.17,63.55,211.44,912.74,1535.98
Rodentia,Muridae,Arvicanthis,neumanni,arvicanthis neumanni,-999.00,-999.00,-999.00,-999.00,-999.00,-999.00,-999.00,-999.00,-999.00,-999.00,-999.00,-999.00,-999.00,-999.00,-999.00,-999.00,-999.00,-999.00,-999.00,-999.00,-999.00,-999.00,-999.00,-999.00,-999,-999.00,-999,-999.00,-999.00,-999.00,-999,-999.00,-999.00,-999.00,-999.00,1565119.59,13.73,-8.56,2.58,48.73,33.86,41.29,1,23.68,2.00,0.11,46.96,237.53,680.18,1585.55
Rodentia,Muridae,Arvicanthis,niloticus,arvicanthis niloticus,3.00,95.80,-999.00,-999.00,-999.00,60.00,-999.00,-999.00,-999.00,-999.00,21.99,-999.00,-999.00,-999.00,26.50,4.86,3.50,-999.00,4.25,-999.00,7309.52,-999.00,51.89,-999.00,-999,-999.00,-999,21.00,22.36,-999.00,381;730;774;1297;2112;2655;2815,-999.00,-999.00,-999.00,-999.00,9758465.39,30.73,-14.10,8.31,45.99,-17.53,14.23,0,40.98,1.00,0.11,77.47,249.02,786.76,1572.11
Rodentia,Muridae,Arvicanthis,rufinus,arvicanthis rufinus,-999.00,-999.00,-999.00,-999.00,-999.00,-999.00,-999.00,-999.00,-999.00,-999.00,-999.00,-999.00,-999.00,-999.00,-999.00,-999.00,-999.00,-999.00,-999.00,-999.00,-999.00,-999.00,-999.00,-999.00,-999,-999.00,-999,-999.00,-999.00,-999.00,-999,-999.00,-999.00,-999.00,-999.00,-999.00,-999.00,-999.00,-999.00,-999.00,-999.00,-999.00,-999,-999.00,-999.00,-999.00,-999.00,-999.00,-999.00,-999.00
Rodentia,Cricetidae,Arvicola,amphibius,arvicola amphibius,-999.00,120.00,-999.00,193.57,-999.00,365.00,113.10,97.50,-999.00,-999.00,21.24,-999.00,-999.00,-999.00,22.00,4.76,3.50,60.00,5.29,-999.00,57067.85,-999.00,48.43,-999.00,-999,-999.00,-999,14.00,-999.00,-999.00,222;543;730;1020;1297;1577;1822;1849;1949;2655;2678;2732;2733,-999.00,-999.00,-999.00,-999.00,18177352.00,71.13,31.28,51.20,138.21,-7.80,65.20,0,45.95,0.00,5.32865318689042e-03,39.14,10.26,348.90,467.63
Rodentia,Cricetidae,Arvicola,sapidus,arvicola sapidus,-999.00,219.99,-999.00,-999.00,-999.00,-999.00,-999.00,-999.00,-999.00,-999.00,-999.00,-999.00,-999.00,-999.00,-999.00,3.21,-999.00,42.00,-999.00,-999.00,-999.00,-999.00,-999.00,-999.00,-999,-999.00,-999,-999.00,-999.00,-999.00,543;1297;2655,-999.00,-999.00,-999.00,-999.00,1001465.45,49.96,36.01,42.98,6.59,-9.49,-1.45,3,118.18,10.00,7.23929302161093e-03,56.12,118.31,510.85,809.45
Rodentia,Cricetidae,Arvicola,scherman,arvicola scherman,-999.00,-999.00,-999.00,-999.00,-999.00,-999.00,-999.00,-999.00,-999.00,-999.00,-999.00,-999.00,-999.00,-999.00,-999.00,-999.00,-999.00,-999.00,-999.00,-999.00,-999.00,-999.00,-999.00,-999.00,-999,-999.00,-999,-999.00,-999.00,-999.00,-999,-999.00,-999.00,-999.00,-999.00,-999.00,-999.00,-999.00,-999.00,-999.00,-999.00,-999.00,-999,-999.00,-999.00,-999.00,-999.00,-999.00,-999.00,-999.00
Chiroptera,Hipposideridae,Asellia,patrizii,asellia patrizii,-999.00,-999.00,38.49,-999.00,-999.00,-999.00,-999.00,-999.00,-999.00,-999.00,-999.00,1.00,-999.00,-999.00,-999.00,-999.00,-999.00,-999.00,-999.00,-999.00,-999.00,-999.00,-999.00,-999.00,-999,2.00,-999,-999.00,-999.00,-999.00,1658;2151,8.72,-999.00,-999.00,-999.00,132910.18,17.18,8.75,12.97,44.12,39.68,41.90,4,53.09,5.00,0.14,37.13,255.16,498.01,1672.63
Chiroptera,Hipposideridae,Asellia,tridens,asellia tridens,-999.00,12.94,51.33,56.00,-999.00,-999.00,-999.00,-999.00,1.00,-999.00,66.10,1.00,-999.00,-999.00,-999.00,-999.00,-999.00,-999.00,-999.00,-999.00,-999.00,-999.00,-999.00,-999.00,-999,2.00,3,-999.00,-999.00,-999.00,83;196;679;1297;1524;1658;1860;2151;2622;2655;2719;3110,-999.00,-999.00,-999.00,-999.00,13554119.99,36.80,-1.56,17.61,68.42,-17.10,25.65,0,18.64,0.00,0.11,9.20,236.45,151.40,1341.63
Chiroptera,Hipposideridae,Aselliscus,stoliczkanus,aselliscus stoliczkanus,-999.00,6.09,41.49,-999.00,-999.00,-999.00,-999.00,-999.00,1.00,-999.00,-999.00,1.00,-999.00,-999.00,-999.00,-999.00,-999.00,-999.00,-999.00,-999.00,-999.00,-999.00,-999.00,-999.00,-999,2.00,3,-999.00,-999.00,-999.00,196;679;1658;2151;2622;2655,-999.00,-999.00,-999.00,-999.00,1399537.90,28.75,2.08,15.42,114.60,96.12,105.36,5,167.60,12.00,0.08,139.23,195.97,1102.58,1327.28
Chiroptera,Hipposideridae,Aselliscus,tricuspidatus,aselliscus tricuspidatus,-999.00,4.08,40.50,-999.00,-999.00,-999.00,-999.00,-999.00,1.00,-999.00,-999.00,1.00,-999.00,-999.00,-999.00,0.99,-999.00,-999.00,-999.00,-999.00,-999.00,-999.00,-999.00,-999.00,-999,2.00,3,-999.00,-999.00,-999.00,196;679;1297;1658;2151;2622;2655,-999.00,-999.00,-999.00,-999.00,300956.24,2.64,-16.59,-6.97,167.83,125.99,146.91,1,15.20,2.00,0.10,292.15,234.10,1666.66,1682.57
Erinaceomorpha,Erinaceidae,Atelerix,albiventris,atelerix albiventris,1.00,293.44,-999.00,159.29,-999.00,-999.00,146.70,450.00,5.00,-999.00,35.99,1.00,-999.00,-999.00,-999.00,3.98,1.00,-999.00,8.00,-999.00,-999.00,-999.00,116.45,-999.00,-999,1.00,2,59.27,-999.00,-999.00,678;1184;1297;1456;1822;1946;2408;2655;2786,-999.00,-999.00,-999.00,-999.00,11091420.66,17.94,-17.85,0.04,51.41,-17.53,16.93,0,37.67,1.00,0.11,71.50,250.44,764.21,1594.54
Primates,Tarsiidae,Tarsius,tarsier,tarsius tarsier,1.00,168.04,-999.00,120.21,-999.00,518.30,149.00,173.00,3.00,-999.00,181.69,-999.00,0.02,0.02,262.40,1.00,-999.00,144.00,23.99,-999.00,200.00,-999.00,596.29,3.25,-999,-999.00,2,67.61,-999.00,-999.00,208;223;543;704;1202;1203;1204;1205;1297;1544;1547;1848;2137;2139;2151;2344;2489;2493;2655;2660;2986,-999.00,1.30,-999.00,-999.00,170743.47,1.75,-5.70,-1.97,125.24,118.75,121.99,17,95.54,17.00,0.08,229.41,215.47,1812.60,1909.15
Rodentia,Muridae,Tarsomys,apoensis,tarsomys apoensis,-999.00,-999.00,-999.00,156.99,-999.00,-999.00,-999.00,-999.00,-999.00,-999.00,-999.00,-999.00,-999.00,-999.00,-999.00,-999.00,-999.00,-999.00,-999.00,-999.00,-999.00,-999.00,-999.00,-999.00,-999,-999.00,-999,-999.00,-999.00,-999.00,2152,114.11,-999.00,-999.00,-999.00,347.14,8.28,6.89,7.59,125.33,123.57,124.45,228,245.74,228.00,0.15,159.22,224.74,1567.94,1581.29
Rodentia,Muridae,Tarsomys,echinatus,tarsomys echinatus,-999.00,-999.00,-999.00,-999.00,-999.00,-999.00,-999.00,-999.00,-999.00,-999.00,-999.00,-999.00,-999.00,-999.00,-999.00,-999.00,-999.00,-999.00,-999.00,-999.00,-999.00,-999.00,-999.00,-999.00,-999,-999.00,-999,-999.00,-999.00,-999.00,-999,-999.00,-999.00,-999.00,-999.00,68.88,6.41,6.32,6.36,125.11,125.03,125.07,224,224.00,224.00,0.21,86.00,230.00,1437.00,1828.00
Cetacea,Ziphiidae,Tasmacetus,shepherdi,tasmacetus shepherdi,-999.00,2500000.00,-999.00,-999.00,-999.00,-999.00,-999.00,-999.00,1.00,-999.00,-999.00,1.00,-999.00,-999.00,-999.00,-999.00,-999.00,-999.00,-999.00,-999.00,-999.00,-999.00,-999.00,-999.00,-999,-999.00,3,-999.00,-999.00,-999.00,890;2151;2655,-999.00,-999.00,-999.00,-999.00,-999.00,-999.00,-999.00,-999.00,-999.00,-999.00,-999.00,-999,-999.00,-999.00,-999.00,-999.00,-999.00,-999.00,-999.00
Rodentia,Muridae,Tateomys,macrocercus,tateomys macrocercus,-999.00,-999.00,-999.00,-999.00,-999.00,-999.00,-999.00,-999.00,-999.00,-999.00,-999.00,-999.00,-999.00,-999.00,-999.00,-999.00,-999.00,-999.00,-999.00,-999.00,-999.00,-999.00,-999.00,-999.00,-999,-999.00,-999,-999.00,-999.00,-999.00,-999,-999.00,-999.00,-999.00,-999.00,214.08,-1.14,-1.29,-1.22,120.20,120.05,120.13,41,41.00,41.00,0.10,209.00,164.00,1783.00,2005.00
Rodentia,Muridae,Tateomys,rhinogradoides,tateomys rhinogradoides,-999.00,-999.00,-999.00,-999.00,-999.00,-999.00,-999.00,-999.00,-999.00,-999.00,-999.00,-999.00,-999.00,-999.00,-999.00,-999.00,-999.00,-999.00,-999.00,-999.00,-999.00,-999.00,-999.00,-999.00,-999,-999.00,-999,-999.00,82.79,-999.00,1297,-999.00,-999.00,-999.00,-999.00,51361.43,-1.13,-5.28,-3.21,120.71,118.75,119.73,19,90.65,19.00,0.08,221.03,203.01,1818.60,1928.84
Rodentia,Muridae,Tatera,indica,tatera indica,-999.00,138.28,-999.00,-999.00,20.00,-999.00,92.48,86.90,4.00,-999.00,25.25,-999.00,1.368298e-03,1.745092e-03,47.61,4.99,3.75,84.00,3.00,-999.00,-999.00,-999.00,84.35,-999.00,-999,-999.00,2,29.77,-999.00,-999.00,383;543;679;1297;1472;1577;1822;1849;2278;2322;2328;2329;2330;2655;2978,-999.00,-999.00,-999.00,-999.00,4186319.43,35.84,5.91,20.87,88.81,40.09,64.45,3,213.25,9.00,0.12,54.99,230.51,501.55,1398.58
Rodentia,Muridae,Taterillus,arenarius,taterillus arenarius,-999.00,47.00,-999.00,-999.00,-999.00,-999.00,-999.00,-999.00,-999.00,-999.00,-999.00,-999.00,-999.00,-999.00,-999.00,-999.00,-999.00,-999.00,-999.00,-999.00,-999.00,-999.00,-999.00,-999.00,-999,-999.00,-999,-999.00,-999.00,-999.00,2655,-999.00,-999.00,-999.00,-999.00,446587.97,19.80,13.22,16.51,2.01,-16.48,-7.23,0,6.88,0.00,8.96435797914214e-03,19.13,286.53,264.52,1470.13
Rodentia,Muridae,Taterillus,congicus,taterillus congicus,-999.00,-999.00,-999.00,-999.00,-999.00,-999.00,-999.00,-999.00,-999.00,-999.00,-999.00,-999.00,-999.00,-999.00,-999.00,-999.00,-999.00,-999.00,-999.00,-999.00,-999.00,-999.00,-999.00,-999.00,-999,-999.00,-999,-999.00,-999.00,-999.00,-999,-999.00,-999.00,-999.00,-999.00,943569.44,12.68,3.47,8.08,30.24,14.47,22.36,0,6.45,0.00,0.06,99.11,252.05,980.01,1662.51
Rodentia,Muridae,Taterillus,emini,taterillus emini,-999.00,52.00,-999.00,-999.00,-999.00,-999.00,-999.00,-999.00,-999.00,-999.00,-999.00,-999.00,-999.00,-999.00,-999.00,3.76,-999.00,-999.00,-999.00,-999.00,-999.00,-999.00,-999.00,-999.00,-999,-999.00,-999,-999.00,-999.00,-999.00,1297;2655,-999.00,-999.00,-999.00,-999.00,1861661.04,13.48,-2.74,5.37,41.40,23.58,32.49,1,24.45,1.00,0.09,69.81,247.97,871.66,1581.54
Rodentia,Muridae,Taterillus,gracilis,taterillus gracilis,-999.00,49.90,-999.00,-999.00,-999.00,-999.00,-999.00,-999.00,-999.00,-999.00,28.11,-999.00,-999.00,-999.00,-999.00,4.00,-999.00,-999.00,-999.00,-999.00,467.68,-999.00,84.71,-999.00,-999,-999.00,-999,-999.00,-999.00,-999.00,730;1297;1400;2655,-999.00,-999.00,-999.00,-999.00,886034.69,16.79,11.78,14.29,13.42,-17.11,-1.84,0,36.82,2.00,0.10,43.39,280.90,510.08,1605.55
Rodentia,Muridae,Taterillus,harringtoni,taterillus harringtoni,-999.00,-999.00,-999.00,-999.00,-999.00,-999.00,-999.00,-999.00,-999.00,-999.00,-999.00,-999.00,-999.00,-999.00,-999.00,-999.00,-999.00,-999.00,-999.00,-999.00,-999.00,-999.00,-999.00,-999.00,-999,-999.00,-999,-999.00,-999.00,-999.00,-999,-999.00,-999.00,-999.00,-999.00,548815.01,14.93,-3.67,5.62,42.63,26.06,34.34,1,26.49,1.00,0.10,55.62,237.40,800.72,1534.68
Rodentia,Muridae,Taterillus,lacustris,taterillus lacustris,-999.00,-999.00,-999.00,-999.00,-999.00,-999.00,-999.00,-999.00,-999.00,-999.00,-999.00,-999.00,-999.00,-999.00,-999.00,-999.00,-999.00,-999.00,-999.00,-999.00,-999.00,-999.00,-999.00,-999.00,-999,-999.00,-999,-999.00,-999.00,-999.00,-999,-999.00,-999.00,-999.00,-999.00,31681.03,13.68,11.06,12.37,14.97,12.83,13.90,13,44.40,16.00,0.10,50.20,279.34,596.84,1809.11
Rodentia,Muridae,Taterillus,petteri,taterillus petteri,-999.00,-999.00,-999.00,-999.00,-999.00,-999.00,-999.00,-999.00,-999.00,-999.00,-999.00,-999.00,-999.00,-999.00,-999.00,-999.00,-999.00,-999.00,-999.00,-999.00,-999.00,-999.00,-999.00,-999.00,-999,-999.00,-999,-999.00,-999.00,-999.00,-999,-999.00,-999.00,-999.00,-999.00,16500.23,14.91,13.62,14.26,1.03,-0.50,0.26,11,21.18,11.00,0.17,44.46,287.44,549.68,1622.60
Rodentia,Muridae,Taterillus,pygargus,taterillus pygargus,-999.00,60.19,-999.00,-999.00,-999.00,-999.00,-999.00,-999.00,1.00,-999.00,26.34,-999.00,4.15138e-04,5.29457e-04,-999.00,4.47,-999.00,-999.00,-999.00,-999.00,3000.00,-999.00,80.19,-999.00,-999,-999.00,1,20.92,-999.00,-999.00,730;1297;1400;2318;2319;2655,-999.00,-999.00,-999.00,-999.00,135754.05,16.85,13.42,15.13,-11.56,-17.53,-14.55,3,189.88,3.00,0.07,53.49,275.28,539.05,1563.24
Rodentia,Muridae,Taterillus,tranieri,taterillus tranieri,-999.00,-999.00,-999.00,-999.00,-999.00,-999.00,-999.00,-999.00,-999.00,-999.00,-999.00,-999.00,-999.00,-999.00,-999.00,-999.00,-999.00,-999.00,-999.00,-999.00,-999.00,-999.00,-999.00,-999.00,-999,-999.00,-999,-999.00,-999.00,-999.00,-999,-999.00,-999.00,-999.00,-999.00,-999.00,-999.00,-999.00,-999.00,-999.00,-999.00,-999.00,-999,-999.00,-999.00,-999.00,-999.00,-999.00,-999.00,-999.00
Artiodactyla,Bovidae,Taurotragus,derbianus,taurotragus derbianus,-999.00,646024.25,-999.00,2522.02,-999.00,-999.00,-999.00,-999.00,1.00,-999.00,-999.00,1.00,-999.00,-999.00,-999.00,-999.00,-999.00,194.04,-999.00,-999.00,0.74,50.00,755.15,-999.00,-999,1.00,1,-999.00,-999.00,-999.00,511;869;1525;1848;2655;2693,-999.00,-999.00,-999.00,-999.00,937936.53,14.03,3.48,8.76,31.51,-14.48,8.51,0,9.11,0.00,0.06,109.60,255.49,1024.39,1636.81
Artiodactyla,Bovidae,Taurotragus,oryx,taurotragus oryx,2.00,562592.69,-999.00,2656.78,-999.00,958.12,36000.00,150000.00,3.00,-999.00,271.00,1.00,195.15,38.36,337.00,1.00,-999.00,300.00,30889.05,-999.00,1.64,500.00,672.49,4.05,-999,1.00,1,128.68,96495.55,-999.00,453;543;730;854;869;917;1297;1350;1525;1573;1594;1763;1822;1848;2629;2655;2693;2986,-999.00,1.14,-999.00,-999.00,5405307.84,7.22,-27.42,-10.10,41.67,12.47,27.07,0,24.95,1.00,0.16,76.46,221.37,832.14,1485.68
Carnivora,Mustelidae,Taxidea,taxus,taxidea taxus,1.00,7842.15,-999.00,558.35,35.00,-999.00,1998.00,6525.00,1.00,365.00,43.80,1.00,3.44,3.45,365.00,2.76,-999.00,312.00,93.49,-999.00,1.94,-999.00,365.00,-999.00,8,1.00,3,41.99,-999.00,-999.00,367;543;730;1113;1135;1297;1573;1822;2338;2620;2655;2986,-999.00,1.10,-999.00,-999.00,8860573.16,60.00,16.89,38.45,-75.25,-128.22,-101.73,0,26.45,0.00,0.06,41.62,91.54,502.30,851.78
Artiodactyla,Tayassuidae,Tayassu,pecari,tayassu pecari,2.00,31798.71,119.00,1110.00,-999.00,-999.00,-999.00,-999.00,6.00,-999.00,158.00,1.00,40.97,10.68,-999.00,2.00,-999.00,252.00,1000.00,368.99,1.59,102.50,684.67,-999.00,4,1.00,2,13.64,-999.00,-999.00,543;645;730;905;1297;1573;1848;1908;2151;2180;2655;2686;2998,-999.00,-999.00,-999.00,-999.00,13839052.97,21.60,-33.06,-5.72,-34.79,-95.70,-65.24,0,25.33,0.00,0.11,145.87,236.83,1273.63,1510.12
Afrosoricida,Tenrecidae,Tenrec,ecaudatus,tenrec ecaudatus,2.00,887.59,-999.00,327.50,-999.00,-999.00,287.32,1325.00,3.00,30.84,60.24,1.00,-999.00,-999.00,-999.00,16.89,1.00,75.60,24.24,-999.00,-999.00,1.00,206.92,-999.00,26,1.00,2,21.87,225.00,-999.00,543;886;1045;1048;1297;1822;1946;2151;2333;2655;2720;2786,-999.00,-999.00,-999.00,-999.00,248061.27,-12.32,-25.59,-18.96,50.42,43.22,46.82,2,24.41,3.00,0.19,123.97,221.69,1092.74,1612.90
Artiodactyla,Bovidae,Tetracerus,quadricornis,tetracerus quadricornis,-999.00,19282.12,-999.00,1000.00,-999.00,365.00,-999.00,-999.00,5.00,-999.00,207.31,-999.00,-999.00,-999.00,316.00,1.65,-999.00,129.96,1040.00,-999.00,-999.00,-999.00,-999.00,-999.00,-999,-999.00,1,-999.00,-999.00,-999.00,543;1297;1525;1848;2655,-999.00,1.18,-999.00,-999.00,1865786.32,31.53,13.04,22.28,87.11,70.50,78.80,7,286.57,62.00,0.10,78.16,251.34,688.88,1414.33
Rodentia,Muridae,Thallomys,loringi,thallomys loringi,-999.00,-999.00,-999.00,-999.00,-999.00,-999.00,-999.00,-999.00,-999.00,-999.00,-999.00,-999.00,-999.00,-999.00,-999.00,-999.00,-999.00,-999.00,-999.00,-999.00,-999.00,-999.00,-999.00,-999.00,-999,-999.00,-999,-999.00,-999.00,-999.00,-999,-999.00,-999.00,-999.00,-999.00,52750.18,0.09,-3.58,-1.74,36.88,34.62,35.75,7,68.51,7.00,0.22,62.90,192.57,981.56,1557.71
Rodentia,Muridae,Thallomys,nigricauda,thallomys nigricauda,-999.00,124.49,-999.00,-999.00,-999.00,-999.00,68.46,124.70,-999.00,-999.00,-999.00,-999.00,-999.00,-999.00,-999.00,-999.00,-999.00,-999.00,-999.00,-999.00,-999.00,-999.00,-999.00,-999.00,-999,-999.00,-999,-999.00,-999.00,-999.00,1822;2655,-999.00,-999.00,-999.00,-999.00,1358553.77,-15.23,-28.38,-21.81,28.99,12.02,20.50,0,4.26,0.00,0.08,38.31,203.87,514.29,1419.24
Rodentia,Muridae,Thallomys,paedulcus,thallomys paedulcus,-999.00,77.70,-999.00,-999.00,13.00,107.00,-999.00,-999.00,-999.00,-999.00,26.34,-999.00,-999.00,-999.00,26.00,3.20,-999.00,42.00,2.65,-999.00,34.00,-999.00,91.83,-999.00,-999,-999.00,-999,29.49,-999.00,-999.00,543;1297;1798;1975;2121;2390;2655,-999.00,4.19,-999.00,-999.00,3341504.12,6.22,-28.32,-11.04,41.96,24.99,33.48,1,33.28,2.00,0.15,72.41,224.66,845.03,1490.34
Rodentia,Muridae,Thallomys,shortridgei,thallomys shortridgei,-999.00,-999.00,-999.00,-999.00,-999.00,-999.00,-999.00,-999.00,-999.00,-999.00,-999.00,-999.00,-999.00,-999.00,-999.00,-999.00,-999.00,-999.00,-999.00,-999.00,-999.00,-999.00,-999.00,-999.00,-999,-999.00,-999,-999.00,-999.00,-999.00,-999,-999.00,-999.00,-999.00,-999.00,27645.77,-27.92,-29.15,-28.53,21.43,18.74,20.08,0,0.75,0.00,0.00,10.70,201.67,158.23,1221.30
Rodentia,Cricetidae,Thalpomys,cerradensis,thalpomys cerradensis,-999.00,23.99,-999.00,-999.00,-999.00,-999.00,-999.00,-999.00,-999.00,-999.00,-999.00,-999.00,-999.00,-999.00,-999.00,-999.00,-999.00,-999.00,-999.00,-999.00,-999.00,-999.00,-999.00,-999.00,-999,-999.00,-999,-999.00,-999.00,-999.00,2655,-999.00,-999.00,-999.00,-999.00,359016.48,-11.55,-17.53,-14.54,-46.64,-54.18,-50.41,0,11.98,1.00,0.14,126.71,232.44,1118.75,1466.72
Rodentia,Cricetidae,Thalpomys,lasiotis,thalpomys lasiotis,-999.00,23.99,-999.00,-999.00,-999.00,-999.00,-999.00,-999.00,-999.00,-999.00,-999.00,-999.00,-999.00,-999.00,-999.00,-999.00,-999.00,-999.00,-999.00,-999.00,-999.00,-999.00,-999.00,-999.00,-999,-999.00,-999,-999.00,-999.00,-999.00,2655,-999.00,-999.00,-999.00,-999.00,75615.35,-14.75,-18.26,-16.51,-44.79,-47.33,-46.06,2,8.80,3.00,0.07,124.33,206.48,1078.40,1451.62
Rodentia,Muridae,Thamnomys,kempi,thamnomys kempi,-999.00,75.00,-999.00,-999.00,-999.00,-999.00,-999.00,-999.00,-999.00,-999.00,-999.00,-999.00,-999.00,-999.00,-999.00,-999.00,-999.00,-999.00,-999.00,-999.00,-999.00,-999.00,-999.00,-999.00,-999,-999.00,-999,-999.00,-999.00,-999.00,2655,-999.00,-999.00,-999.00,-999.00,68852.98,1.06,-3.91,-1.42,30.84,28.23,29.54,29,155.01,30.00,0.12,105.83,188.46,1345.29,1532.88
Rodentia,Muridae,Thamnomys,major,thamnomys major,-999.00,-999.00,-999.00,-999.00,-999.00,-999.00,-999.00,-999.00,-999.00,-999.00,-999.00,-999.00,-999.00,-999.00,-999.00,-999.00,-999.00,-999.00,-999.00,-999.00,-999.00,-999.00,-999.00,-999.00,-999,-999.00,-999,-999.00,-999.00,-999.00,-999,-999.00,-999.00,-999.00,-999.00,-999.00,-999.00,-999.00,-999.00,-999.00,-999.00,-999.00,-999,-999.00,-999.00,-999.00,-999.00,-999.00,-999.00,-999.00
Rodentia,Muridae,Thamnomys,venustus,thamnomys venustus,-999.00,61.88,-999.00,-999.00,-999.00,-999.00,-999.00,-999.00,-999.00,-999.00,-999.00,-999.00,-999.00,-999.00,-999.00,1.33,-999.00,-999.00,-999.00,-999.00,-999.00,-999.00,-999.00,-999.00,-999,-999.00,-999,-999.00,-999.00,-999.00,1297;2361;2655,-999.00,-999.00,-999.00,-999.00,99705.53,1.79,-3.96,-1.08,30.60,28.04,29.32,9,125.87,14.00,0.15,112.45,196.26,1387.79,1544.95
Rodentia,Cricetidae,Thaptomys,nigrita,thaptomys nigrita,3.00,19.90,-999.00,-999.00,-999.00,-999.00,-999.00,-999.00,-999.00,-999.00,-999.00,1.00,-999.00,-999.00,-999.00,-999.00,-999.00,-999.00,-999.00,-999.00,-999.00,-999.00,-999.00,-999.00,-999,1.00,-999,-999.00,-999.00,-999.00,890;2655,-999.00,-999.00,-999.00,-999.00,722887.31,-11.48,-29.58,-20.53,-39.55,-56.45,-48.00,5,97.67,11.00,0.06,128.72,197.75,1177.34,1296.29
Primates,Cercopithecidae,Theropithecus,gelada,theropithecus gelada,3.00,15964.11,-999.00,620.00,-999.00,1505.62,-999.00,-999.00,2.00,-999.00,178.64,-999.00,1.16,-999.00,766.50,1.01,-999.00,336.00,464.92,-999.00,51.42,112.00,1894.11,10.00,-999,-999.00,1,494.95,3736.05,-999.00,208;543;730;1297;1544;1547;1577;1763;1767;1825;1848;2344;2489;2493;2655;2660;2986;3033;3086,-999.00,0.75,-999.00,-999.00,153882.50,14.20,7.71,10.95,41.78,36.95,39.37,5,102.00,16.00,0.14,92.49,173.39,900.33,1483.25
Rodentia,Cricetidae,Thomasomys,apeco,thomasomys apeco,-999.00,-999.00,-999.00,-999.00,-999.00,-999.00,-999.00,-999.00,-999.00,-999.00,-999.00,-999.00,-999.00,-999.00,-999.00,-999.00,-999.00,-999.00,-999.00,-999.00,-999.00,-999.00,-999.00,-999.00,-999,-999.00,-999,-999.00,-999.00,-999.00,-999,-999.00,-999.00,-999.00,-999.00,-999.00,-999.00,-999.00,-999.00,-999.00,-999.00,-999.00,-999,-999.00,-999.00,-999.00,-999.00,-999.00,-999.00,-999.00
Rodentia,Cricetidae,Thomasomys,aureus,thomasomys aureus,-999.00,87.99,-999.00,-999.00,-999.00,-999.00,-999.00,-999.00,1.00,-999.00,-999.00,1.00,-999.00,-999.00,-999.00,-999.00,-999.00,-999.00,-999.00,-999.00,-999.00,-999.00,-999.00,-999.00,-999,2.00,1,-999.00,-999.00,-999.00,2151;2655,-999.00,-999.00,-999.00,-999.00,414682.33,8.64,-17.24,-4.29,-64.42,-79.49,-71.95,0,46.70,1.00,0.10,122.64,146.16,1154.24,1449.40
Rodentia,Cricetidae,Thomasomys,baeops,thomasomys baeops,-999.00,77.00,-999.00,-999.00,-999.00,-999.00,-999.00,-999.00,-999.00,-999.00,-999.00,-999.00,-999.00,-999.00,-999.00,-999.00,-999.00,-999.00,-999.00,-999.00,-999.00,-999.00,-999.00,-999.00,-999,-999.00,-999,-999.00,-999.00,-999.00,2655,-999.00,-999.00,-999.00,-999.00,49972.03,1.10,-4.36,-1.62,-77.84,-79.99,-78.92,9,68.47,12.00,0.09,120.89,184.09,1196.14,1439.40
Rodentia,Cricetidae,Thomasomys,bombycinus,thomasomys bombycinus,-999.00,114.50,-999.00,-999.00,-999.00,-999.00,-999.00,-999.00,-999.00,-999.00,-999.00,-999.00,-999.00,-999.00,-999.00,-999.00,-999.00,-999.00,-999.00,-999.00,-999.00,-999.00,-999.00,-999.00,-999,-999.00,-999,-999.00,-999.00,-999.00,2655,-999.00,-999.00,-999.00,-999.00,6928.01,7.41,6.24,6.83,-75.78,-76.37,-76.07,13,172.32,13.00,0.09,192.00,180.66,1517.66,1547.65
Rodentia,Cricetidae,Thomasomys,caudivarius,thomasomys caudivarius,-999.00,-999.00,-999.00,114.37,-999.00,-999.00,-999.00,-999.00,-999.00,-999.00,-999.00,-999.00,-999.00,-999.00,-999.00,-999.00,-999.00,-999.00,-999.00,-999.00,-999.00,-999.00,-999.00,-999.00,-999,-999.00,-999,-999.00,-999.00,-999.00,1836,45.73,-999.00,-999.00,-999.00,-999.00,-999.00,-999.00,-999.00,-999.00,-999.00,-999.00,-999,-999.00,-999.00,-999.00,-999.00,-999.00,-999.00,-999.00
Rodentia,Cricetidae,Thomasomys,cinereiventer,thomasomys cinereiventer,-999.00,77.00,-999.00,-999.00,-999.00,-999.00,-999.00,-999.00,-999.00,-999.00,-999.00,-999.00,-999.00,-999.00,-999.00,-999.00,-999.00,-999.00,-999.00,-999.00,-999.00,-999.00,-999.00,-999.00,-999,-999.00,-999,-999.00,-999.00,-999.00,2655,-999.00,-999.00,-999.00,-999.00,-999.00,-999.00,-999.00,-999.00,-999.00,-999.00,-999.00,-999,-999.00,-999.00,-999.00,-999.00,-999.00,-999.00,-999.00
Rodentia,Cricetidae,Thomasomys,cinereus,thomasomys cinereus,-999.00,77.00,-999.00,-999.00,-999.00,-999.00,-999.00,-999.00,-999.00,-999.00,-999.00,-999.00,-999.00,-999.00,-999.00,-999.00,-999.00,-999.00,-999.00,-999.00,-999.00,-999.00,-999.00,-999.00,-999,-999.00,-999,-999.00,-999.00,-999.00,2655,-999.00,-999.00,-999.00,-999.00,-999.00,-999.00,-999.00,-999.00,-999.00,-999.00,-999.00,-999,-999.00,-999.00,-999.00,-999.00,-999.00,-999.00,-999.00
Rodentia,Cricetidae,Thomasomys,cinnameus,thomasomys cinnameus,-999.00,-999.00,-999.00,-999.00,-999.00,-999.00,-999.00,-999.00,-999.00,-999.00,-999.00,-999.00,-999.00,-999.00,-999.00,-999.00,-999.00,-999.00,-999.00,-999.00,-999.00,-999.00,-999.00,-999.00,-999,-999.00,-999,-999.00,-999.00,-999.00,-999,-999.00,-999.00,-999.00,-999.00,-999.00,-999.00,-999.00,-999.00,-999.00,-999.00,-999.00,-999,-999.00,-999.00,-999.00,-999.00,-999.00,-999.00,-999.00
Rodentia,Cricetidae,Thomasomys,daphne,thomasomys daphne,-999.00,77.00,-999.00,-999.00,-999.00,-999.00,-999.00,-999.00,-999.00,-999.00,-999.00,-999.00,-999.00,-999.00,-999.00,-999.00,-999.00,-999.00,-999.00,-999.00,-999.00,-999.00,-999.00,-999.00,-999,-999.00,-999,-999.00,-999.00,-999.00,2655,-999.00,-999.00,-999.00,-999.00,110024.36,-11.89,-17.84,-14.87,-64.28,-72.21,-68.24,1,17.38,1.00,0.14,180.42,157.58,1206.23,1425.42
Rodentia,Cricetidae,Thomasomys,eleusis,thomasomys eleusis,-999.00,77.00,-999.00,-999.00,-999.00,-999.00,-999.00,-999.00,-999.00,-999.00,-999.00,-999.00,-999.00,-999.00,-999.00,-999.00,-999.00,-999.00,-999.00,-999.00,-999.00,-999.00,-999.00,-999.00,-999,-999.00,-999,-999.00,-999.00,-999.00,2655,-999.00,-999.00,-999.00,-999.00,-999.00,-999.00,-999.00,-999.00,-999.00,-999.00,-999.00,-999,-999.00,-999.00,-999.00,-999.00,-999.00,-999.00,-999.00
Rodentia,Cricetidae,Thomasomys,erro,thomasomys erro,-999.00,-999.00,-999.00,-999.00,-999.00,-999.00,-999.00,-999.00,-999.00,-999.00,-999.00,-999.00,-999.00,-999.00,-999.00,-999.00,-999.00,-999.00,-999.00,-999.00,-999.00,-999.00,-999.00,-999.00,-999,-999.00,-999,-999.00,-999.00,-999.00,-999,-999.00,-999.00,-999.00,-999.00,-999.00,-999.00,-999.00,-999.00,-999.00,-999.00,-999.00,-999,-999.00,-999.00,-999.00,-999.00,-999.00,-999.00,-999.00
Rodentia,Cricetidae,Thomasomys,gracilis,thomasomys gracilis,-999.00,77.00,-999.00,-999.00,-999.00,-999.00,-999.00,-999.00,-999.00,-999.00,-999.00,-999.00,-999.00,-999.00,-999.00,-999.00,-999.00,-999.00,-999.00,-999.00,-999.00,-999.00,-999.00,-999.00,-999,-999.00,-999,-999.00,-999.00,-999.00,2655,-999.00,-999.00,-999.00,-999.00,-999.00,-999.00,-999.00,-999.00,-999.00,-999.00,-999.00,-999,-999.00,-999.00,-999.00,-999.00,-999.00,-999.00,-999.00
Rodentia,Cricetidae,Thomasomys,hudsoni,thomasomys hudsoni,-999.00,-999.00,-999.00,-999.00,-999.00,-999.00,-999.00,-999.00,-999.00,-999.00,-999.00,-999.00,-999.00,-999.00,-999.00,-999.00,-999.00,-999.00,-999.00,-999.00,-999.00,-999.00,-999.00,-999.00,-999,-999.00,-999,-999.00,-999.00,-999.00,-999,-999.00,-999.00,-999.00,-999.00,-999.00,-999.00,-999.00,-999.00,-999.00,-999.00,-999.00,-999,-999.00,-999.00,-999.00,-999.00,-999.00,-999.00,-999.00
Rodentia,Cricetidae,Thomasomys,hylophilus,thomasomys hylophilus,-999.00,77.00,-999.00,-999.00,-999.00,-999.00,-999.00,-999.00,-999.00,-999.00,-999.00,1.00,-999.00,-999.00,-999.00,-999.00,-999.00,-999.00,-999.00,-999.00,-999.00,-999.00,-999.00,-999.00,-999,1.00,-999,-999.00,-999.00,-999.00,2151;2655,-999.00,-999.00,-999.00,-999.00,34302.85,9.16,5.81,7.49,-71.69,-73.38,-72.54,5,55.16,7.00,0.10,112.54,185.34,1408.29,1599.00
Rodentia,Cricetidae,Thomasomys,incanus,thomasomys incanus,-999.00,77.00,-999.00,-999.00,-999.00,-999.00,-999.00,-999.00,-999.00,-999.00,-999.00,-999.00,-999.00,-999.00,-999.00,-999.00,-999.00,-999.00,-999.00,-999.00,-999.00,-999.00,-999.00,-999.00,-999,-999.00,-999,-999.00,-999.00,-999.00,2655,-999.00,-999.00,-999.00,-999.00,57159.77,-9.78,-13.84,-11.81,-72.04,-76.15,-74.09,2,23.37,4.00,0.05,94.30,151.54,939.64,1416.52
Rodentia,Cricetidae,Thomasomys,ischyrus,thomasomys ischyrus,-999.00,77.00,-999.00,-999.00,-999.00,-999.00,-999.00,-999.00,-999.00,-999.00,-999.00,-999.00,-999.00,-999.00,-999.00,-999.00,-999.00,-999.00,-999.00,-999.00,-999.00,-999.00,-999.00,-999.00,-999,-999.00,-999,-999.00,-999.00,-999.00,2655,-999.00,-999.00,-999.00,-999.00,44262.39,-4.88,-11.09,-7.98,-75.33,-78.59,-76.96,2,17.97,4.00,0.10,112.39,162.08,1098.65,1439.55
Rodentia,Cricetidae,Thomasomys,kalinowskii,thomasomys kalinowskii,-999.00,77.00,-999.00,-999.00,-999.00,-999.00,-999.00,-999.00,-999.00,-999.00,-999.00,-999.00,-999.00,-999.00,-999.00,-999.00,-999.00,-999.00,-999.00,-999.00,-999.00,-999.00,-999.00,-999.00,-999,-999.00,-999,-999.00,-999.00,-999.00,2655,-999.00,-999.00,-999.00,-999.00,40500.76,-7.42,-11.35,-9.39,-75.18,-77.57,-76.38,4,18.44,5.00,0.11,125.83,142.95,1150.59,1461.43
Rodentia,Cricetidae,Thomasomys,ladewi,thomasomys ladewi,-999.00,77.00,-999.00,-999.00,-999.00,-999.00,-999.00,-999.00,-999.00,-999.00,-999.00,-999.00,-999.00,-999.00,-999.00,-999.00,-999.00,-999.00,-999.00,-999.00,-999.00,-999.00,-999.00,-999.00,-999,-999.00,-999,-999.00,-999.00,-999.00,2655,-999.00,-999.00,-999.00,-999.00,3831.33,-15.33,-15.91,-15.62,-67.78,-68.57,-68.17,7,33.63,7.00,0.10,85.50,148.70,1121.43,1369.59
Rodentia,Cricetidae,Thomasomys,laniger,thomasomys laniger,-999.00,35.74,-999.00,111.66,-999.00,-999.00,-999.00,-999.00,-999.00,-999.00,-999.00,-999.00,-999.00,-999.00,-999.00,-999.00,-999.00,-999.00,-999.00,-999.00,-999.00,-999.00,-999.00,-999.00,-999,-999.00,-999,-999.00,-999.00,-999.00,1128;2655,-999.00,-999.00,-999.00,-999.00,76001.80,10.43,4.52,7.48,-69.84,-73.94,-71.89,5,47.46,7.00,0.08,108.30,198.44,1405.32,1615.06
Rodentia,Cricetidae,Thomasomys,macrotis,thomasomys macrotis,-999.00,-999.00,-999.00,-999.00,-999.00,-999.00,-999.00,-999.00,-999.00,-999.00,-999.00,-999.00,-999.00,-999.00,-999.00,-999.00,-999.00,-999.00,-999.00,-999.00,-999.00,-999.00,-999.00,-999.00,-999,-999.00,-999,-999.00,-999.00,-999.00,-999,-999.00,-999.00,-999.00,-999.00,-999.00,-999.00,-999.00,-999.00,-999.00,-999.00,-999.00,-999,-999.00,-999.00,-999.00,-999.00,-999.00,-999.00,-999.00
Rodentia,Cricetidae,Thomasomys,monochromos,thomasomys monochromos,-999.00,77.00,-999.00,-999.00,-999.00,-999.00,-999.00,-999.00,-999.00,-999.00,-999.00,-999.00,-999.00,-999.00,-999.00,-999.00,-999.00,-999.00,-999.00,-999.00,-999.00,-999.00,-999.00,-999.00,-999,-999.00,-999,-999.00,-999.00,-999.00,2655,-999.00,-999.00,-999.00,-999.00,-999.00,-999.00,-999.00,-999.00,-999.00,-999.00,-999.00,-999,-999.00,-999.00,-999.00,-999.00,-999.00,-999.00,-999.00
Rodentia,Cricetidae,Thomasomys,niveipes,thomasomys niveipes,-999.00,54.09,-999.00,120.63,-999.00,-999.00,-999.00,-999.00,-999.00,-999.00,-999.00,-999.00,-999.00,-999.00,-999.00,-999.00,-999.00,-999.00,-999.00,-999.00,-999.00,-999.00,-999.00,-999.00,-999,-999.00,-999,-999.00,-999.00,-999.00,1128;2655,-999.00,-999.00,-999.00,-999.00,8507.47,5.53,4.12,4.82,-72.86,-74.08,-73.47,11,150.76,11.00,0.05,76.89,136.13,1382.70,1455.00
Rodentia,Cricetidae,Thomasomys,notatus,thomasomys notatus,-999.00,77.00,-999.00,-999.00,-999.00,-999.00,-999.00,-999.00,-999.00,-999.00,-999.00,-999.00,-999.00,-999.00,-999.00,-999.00,-999.00,-999.00,-999.00,-999.00,-999.00,-999.00,-999.00,-999.00,-999,-999.00,-999,-999.00,-999.00,-999.00,2655,-999.00,-999.00,-999.00,-999.00,25007.61,-11.75,-14.09,-12.92,-70.83,-74.07,-72.45,6,17.78,6.00,0.07,135.05,133.41,960.70,1373.01
Rodentia,Cricetidae,Thomasomys,onkiro,thomasomys onkiro,-999.00,-999.00,-999.00,-999.00,-999.00,-999.00,-999.00,-999.00,-999.00,-999.00,-999.00,-999.00,-999.00,-999.00,-999.00,-999.00,-999.00,-999.00,-999.00,-999.00,-999.00,-999.00,-999.00,-999.00,-999,-999.00,-999,-999.00,-999.00,-999.00,-999,-999.00,-999.00,-999.00,-999.00,-999.00,-999.00,-999.00,-999.00,-999.00,-999.00,-999.00,-999,-999.00,-999.00,-999.00,-999.00,-999.00,-999.00,-999.00
Rodentia,Cricetidae,Thomasomys,oreas,thomasomys oreas,-999.00,77.00,-999.00,-999.00,-999.00,-999.00,-999.00,-999.00,-999.00,-999.00,-999.00,-999.00,-999.00,-999.00,-999.00,-999.00,-999.00,-999.00,-999.00,-999.00,-999.00,-999.00,-999.00,-999.00,-999,-999.00,-999,-999.00,-999.00,-999.00,2655,-999.00,-999.00,-999.00,-999.00,4357.67,-14.14,-14.73,-14.43,-67.88,-68.68,-68.28,0,0.99,0.00,0.00,116.67,203.51,1319.03,1513.84
Rodentia,Cricetidae,Thomasomys,paramorum,thomasomys paramorum,-999.00,77.00,-999.00,-999.00,-999.00,-999.00,-999.00,-999.00,-999.00,-999.00,-999.00,-999.00,-999.00,-999.00,-999.00,-999.00,-999.00,-999.00,-999.00,-999.00,-999.00,-999.00,-999.00,-999.00,-999,-999.00,-999,-999.00,-999.00,-999.00,2655,-999.00,-999.00,-999.00,-999.00,28336.34,0.75,-3.46,-1.35,-77.49,-79.24,-78.36,4,54.87,4.00,0.09,173.76,138.79,1267.24,1389.48
Rodentia,Cricetidae,Thomasomys,popayanus,thomasomys popayanus,-999.00,-999.00,-999.00,-999.00,-999.00,-999.00,-999.00,-999.00,-999.00,-999.00,-999.00,-999.00,-999.00,-999.00,-999.00,-999.00,-999.00,-999.00,-999.00,-999.00,-999.00,-999.00,-999.00,-999.00,-999,-999.00,-999,-999.00,-999.00,-999.00,-999,-999.00,-999.00,-999.00,-999.00,-999.00,-999.00,-999.00,-999.00,-999.00,-999.00,-999.00,-999,-999.00,-999.00,-999.00,-999.00,-999.00,-999.00,-999.00
Rodentia,Cricetidae,Thomasomys,praetor,thomasomys praetor,-999.00,-999.00,-999.00,-999.00,-999.00,-999.00,-999.00,-999.00,-999.00,-999.00,-999.00,-999.00,-999.00,-999.00,-999.00,-999.00,-999.00,-999.00,-999.00,-999.00,-999.00,-999.00,-999.00,-999.00,-999,-999.00,-999,-999.00,-999.00,-999.00,-999,-999.00,-999.00,-999.00,-999.00,-999.00,-999.00,-999.00,-999.00,-999.00,-999.00,-999.00,-999,-999.00,-999.00,-999.00,-999.00,-999.00,-999.00,-999.00
Rodentia,Cricetidae,Thomasomys,pyrrhonotus,thomasomys pyrrhonotus,-999.00,77.00,-999.00,-999.00,-999.00,-999.00,-999.00,-999.00,-999.00,-999.00,-999.00,-999.00,-999.00,-999.00,-999.00,-999.00,-999.00,-999.00,-999.00,-999.00,-999.00,-999.00,-999.00,-999.00,-999,-999.00,-999,-999.00,-999.00,-999.00,2655,-999.00,-999.00,-999.00,-999.00,22177.36,-3.11,-5.96,-4.54,-78.71,-79.92,-79.32,14,38.94,14.00,0.07,46.43,179.44,742.90,1400.90
Rodentia,Cricetidae,Thomasomys,rhoadsi,thomasomys rhoadsi,-999.00,77.00,-999.00,-999.00,-999.00,-999.00,-999.00,-999.00,-999.00,-999.00,-999.00,-999.00,-999.00,-999.00,-999.00,-999.00,-999.00,-999.00,-999.00,-999.00,-999.00,-999.00,-999.00,-999.00,-999,-999.00,-999,-999.00,-999.00,-999.00,2655,-999.00,-999.00,-999.00,-999.00,29270.61,0.74,-3.33,-1.29,-77.55,-79.16,-78.36,4,58.91,4.00,0.09,186.30,128.57,1283.93,1387.06
Rodentia,Cricetidae,Thomasomys,rosalinda,thomasomys rosalinda,-999.00,77.00,-999.00,-999.00,-999.00,-999.00,-999.00,-999.00,-999.00,-999.00,-999.00,-999.00,-999.00,-999.00,-999.00,-999.00,-999.00,-999.00,-999.00,-999.00,-999.00,-999.00,-999.00,-999.00,-999,-999.00,-999,-999.00,-999.00,-999.00,2655,-999.00,-999.00,-999.00,-999.00,18091.25,-6.22,-9.16,-7.69,-76.42,-78.25,-77.33,4,15.58,4.00,0.14,124.89,152.34,1124.77,1472.65
Rodentia,Cricetidae,Thomasomys,silvestris,thomasomys silvestris,-999.00,77.00,-999.00,106.30,-999.00,-999.00,-999.00,-999.00,-999.00,-999.00,-999.00,-999.00,-999.00,-999.00,-999.00,-999.00,-999.00,-999.00,-999.00,-999.00,-999.00,-999.00,-999.00,-999.00,-999,-999.00,-999,-999.00,-999.00,-999.00,1836;2655,-999.00,-999.00,-999.00,-999.00,58234.91,0.95,-3.31,-1.17,-77.59,-79.66,-78.62,4,66.09,6.00,0.10,153.52,172.44,1230.99,1410.04
Rodentia,Cricetidae,Thomasomys,taczanowskii,thomasomys taczanowskii,-999.00,77.00,-999.00,-999.00,-999.00,-999.00,-999.00,-999.00,-999.00,-999.00,-999.00,-999.00,-999.00,-999.00,-999.00,-999.00,-999.00,-999.00,-999.00,-999.00,-999.00,-999.00,-999.00,-999.00,-999,-999.00,-999,-999.00,-999.00,-999.00,2655,-999.00,-999.00,-999.00,-999.00,19972.08,-4.92,-8.18,-6.55,-77.72,-80.08,-78.90,15,35.95,15.50,0.07,45.46,146.50,523.48,1340.88
Rodentia,Cricetidae,Thomasomys,ucucha,thomasomys ucucha,-999.00,-999.00,-999.00,-999.00,-999.00,-999.00,-999.00,-999.00,-999.00,-999.00,-999.00,-999.00,-999.00,-999.00,-999.00,-999.00,-999.00,-999.00,-999.00,-999.00,-999.00,-999.00,-999.00,-999.00,-999,-999.00,-999,-999.00,-999.00,-999.00,-999,-999.00,-999.00,-999.00,-999.00,-999.00,-999.00,-999.00,-999.00,-999.00,-999.00,-999.00,-999,-999.00,-999.00,-999.00,-999.00,-999.00,-999.00,-999.00
Rodentia,Cricetidae,Thomasomys,vestitus,thomasomys vestitus,-999.00,76.50,-999.00,-999.00,-999.00,-999.00,-999.00,-999.00,-999.00,-999.00,-999.00,-999.00,-999.00,-999.00,-999.00,-999.00,-999.00,-999.00,-999.00,-999.00,-999.00,-999.00,-999.00,-999.00,-999,-999.00,-999,-999.00,-999.00,-999.00,2655,-999.00,-999.00,-999.00,-999.00,72313.50,9.98,2.31,6.15,-69.28,-72.30,-70.79,0,12.49,1.00,0.08,154.57,254.42,1275.87,1556.87
Rodentia,Cricetidae,Thomasomys,vulcani,thomasomys vulcani,-999.00,-999.00,-999.00,-999.00,-999.00,-999.00,-999.00,-999.00,-999.00,-999.00,-999.00,-999.00,-999.00,-999.00,-999.00,-999.00,-999.00,-999.00,-999.00,-999.00,-999.00,-999.00,-999.00,-999.00,-999,-999.00,-999,-999.00,-999.00,-999.00,-999,-999.00,-999.00,-999.00,-999.00,-999.00,-999.00,-999.00,-999.00,-999.00,-999.00,-999.00,-999,-999.00,-999.00,-999.00,-999.00,-999.00,-999.00,-999.00
Rodentia,Geomyidae,Thomomys,bottae,thomomys bottae,2.00,122.70,-999.00,156.56,-999.00,91.25,120.12,143.00,4.00,-999.00,23.87,2.00,9.89232e-05,7.79787e-05,-999.00,4.61,2.00,54.00,3.20,-999.00,5250.00,-999.00,201.38,1.00,-999,1.00,1,35.73,-999.00,-999.00,174;230;231;242;296;729;730;740;1098;1297;1342;1573;1577;1805;1822;1849;2026;2027;2151;2655,-999.00,-999.00,-999.00,-999.00,1976663.30,42.33,22.86,32.60,-99.09,-124.41,-111.75,0,29.83,0.00,0.11,26.71,139.89,379.67,1087.86
Rodentia,Geomyidae,Thomomys,bulbivorus,thomomys bulbivorus,-999.00,359.90,-999.00,199.44,-999.00,-999.00,-999.00,-999.00,3.00,-999.00,-999.00,2.00,-999.00,-999.00,-999.00,4.99,1.00,-999.00,6.12,-999.00,-999.00,-999.00,-999.00,1.00,8,1.00,1,41.45,85.99,-999.00,1297;1849;2151;2655;2935,-999.00,-999.00,-999.00,-999.00,6147.08,45.64,44.11,44.87,-122.50,-123.67,-123.09,9,113.27,9.00,0.10,114.34,101.00,488.86,680.90
Rodentia,Geomyidae,Thomomys,clusius,thomomys clusius,-999.00,-999.00,-999.00,-999.00,-999.00,-999.00,-999.00,-999.00,3.00,-999.00,-999.00,2.00,-999.00,-999.00,-999.00,6.50,-999.00,-999.00,-999.00,-999.00,-999.00,-999.00,-999.00,-999.00,-999,1.00,1,-999.00,-999.00,-999.00,1297;2151,-999.00,-999.00,-999.00,-999.00,23161.31,43.61,42.07,42.84,-109.93,-111.95,-110.94,0,2.92,0.00,0.05,30.77,17.79,361.64,765.83
Rodentia,Geomyidae,Thomomys,idahoensis,thomomys idahoensis,-999.00,-999.00,-999.00,-999.00,-999.00,-999.00,-999.00,-999.00,3.00,-999.00,-999.00,2.00,-999.00,-999.00,-999.00,-999.00,-999.00,-999.00,-999.00,-999.00,-999.00,-999.00,-999.00,-999.00,-999,1.00,1,-999.00,-999.00,-999.00,2151,-999.00,-999.00,-999.00,-999.00,98042.23,46.73,42.10,44.41,-109.52,-115.70,-112.61,0,3.34,0.00,0.06,32.99,31.30,370.55,748.37
Rodentia,Geomyidae,Thomomys,mazama,thomomys mazama,-999.00,93.07,-999.00,144.99,-999.00,-999.00,-999.00,-999.00,3.00,-999.00,-999.00,2.00,9.05052e-05,7.60941e-05,-999.00,3.79,-999.00,-999.00,-999.00,-999.00,3578.84,-999.00,-999.00,-999.00,-999,1.00,1,-999.00,-999.00,-999.00,2151;2655;2939,-999.00,-999.00,-999.00,-999.00,80946.15,48.14,39.99,44.06,-120.90,-124.43,-122.66,0,33.13,1.00,0.09,88.44,79.38,423.72,746.34
Rodentia,Geomyidae,Thomomys,monticola,thomomys monticola,-999.00,80.99,-999.00,-999.00,-999.00,-999.00,-999.00,-999.00,3.00,-999.00,-999.00,2.00,5.73596e-05,7.3155e-05,-999.00,3.49,1.00,60.00,-999.00,-999.00,2814.00,-999.00,393.50,-999.00,-999,1.00,1,-999.00,-999.00,-999.00,1297;1440;1441;2151;2655,-999.00,-999.00,-999.00,-999.00,52761.97,41.75,37.07,39.41,-118.58,-122.62,-120.60,1,12.00,1.00,0.09,52.73,80.15,362.56,972.56
Rodentia,Geomyidae,Thomomys,talpoides,thomomys talpoides,-999.00,104.64,-999.00,152.04,25.25,-999.00,128.10,105.00,3.00,-999.00,19.00,2.00,-999.00,-999.00,365.00,4.86,1.00,45.00,3.15,-999.00,2196.71,-999.00,231.94,1.00,11,1.00,1,33.12,-999.00,-999.00,75;242;245;247;543;730;740;1245;1246;1297;1822;1849;2028;2151;2655;2938;3015,-999.00,-999.00,-999.00,-999.00,2619475.72,55.59,33.59,44.59,-96.39,-123.20,-109.79,0,6.70,0.00,0.04,33.07,47.53,393.40,701.05
Rodentia,Geomyidae,Thomomys,townsendii,thomomys townsendii,-999.00,263.35,-999.00,183.92,-999.00,-999.00,-999.00,-999.00,3.00,-999.00,-999.00,2.00,-999.00,-999.00,-999.00,6.15,2.00,-999.00,-999.00,-999.00,-999.00,-999.00,-999.00,-999.00,-999,1.00,1,-999.00,-999.00,-999.00,1297;1381;2151;2655,-999.00,-999.00,-999.00,-999.00,121622.14,45.45,37.46,41.45,-112.61,-121.32,-116.96,0,3.11,0.00,0.02,25.75,68.59,278.35,867.24
Rodentia,Geomyidae,Thomomys,umbrinus,thomomys umbrinus,-999.00,125.56,-999.00,-999.00,-999.00,-999.00,81.00,95.30,3.00,-999.00,-999.00,2.00,-999.00,-999.00,-999.00,2.20,-999.00,-999.00,-999.00,-999.00,-999.00,-999.00,-999.00,-999.00,-999,1.00,1,-999.00,-999.00,-999.00,1297;1822;2151;2655,-999.00,-999.00,-999.00,-999.00,471470.91,32.86,18.11,25.48,-96.39,-112.28,-104.34,1,71.70,2.00,0.11,46.02,165.04,644.24,1290.79
Chiroptera,Pteropodidae,Thoopterus,nigrescens,thoopterus nigrescens,-999.00,66.12,72.33,104.48,-999.00,-999.00,-999.00,-999.00,-999.00,-999.00,-999.00,1.00,-999.00,-999.00,-999.00,0.98,-999.00,-999.00,-999.00,-999.00,-999.00,-999.00,-999.00,-999.00,-999,2.00,-999,-999.00,-999.00,-999.00,978;1297;1658;2143;2151;2655,-999.00,-999.00,-999.00,-999.00,87948.88,3.74,-2.27,0.73,128.69,119.22,123.95,5,65.39,17.00,0.09,223.65,212.23,1811.05,1878.71
Rodentia,Echimyidae,Thrichomys,apereoides,thrichomys apereoides,2.00,297.53,-999.00,-999.00,-999.00,-999.00,206.72,323.00,-999.00,-999.00,96.44,-999.00,-999.00,-999.00,97.00,3.20,-999.00,-999.00,21.09,-999.00,-999.00,-999.00,126.30,-999.00,-999,-999.00,-999,34.16,-999.00,-999.00,890;1297;1822;2458;2655,-999.00,2.15,-999.00,-999.00,-999.00,-999.00,-999.00,-999.00,-999.00,-999.00,-999.00,-999,-999.00,-999.00,-999.00,-999.00,-999.00,-999.00,-999.00
Rodentia,Echimyidae,Thrichomys,inermis,thrichomys inermis,-999.00,-999.00,-999.00,-999.00,-999.00,-999.00,-999.00,-999.00,-999.00,-999.00,-999.00,-999.00,-999.00,-999.00,-999.00,-999.00,-999.00,-999.00,-999.00,-999.00,-999.00,-999.00,-999.00,-999.00,-999,-999.00,-999,-999.00,-999.00,-999.00,-999,-999.00,-999.00,-999.00,-999.00,-999.00,-999.00,-999.00,-999.00,-999.00,-999.00,-999.00,-999,-999.00,-999.00,-999.00,-999.00,-999.00,-999.00,-999.00
Rodentia,Echimyidae,Thrichomys,pachyurus,thrichomys pachyurus,-999.00,-999.00,-999.00,-999.00,-999.00,-999.00,-999.00,-999.00,-999.00,-999.00,-999.00,-999.00,-999.00,-999.00,-999.00,-999.00,-999.00,-999.00,-999.00,-999.00,-999.00,-999.00,-999.00,-999.00,-999,-999.00,-999,-999.00,-999.00,-999.00,-999,-999.00,-999.00,-999.00,-999.00,-999.00,-999.00,-999.00,-999.00,-999.00,-999.00,-999.00,-999,-999.00,-999.00,-999.00,-999.00,-999.00,-999.00,-999.00
Rodentia,Thryonomyidae,Thryonomys,gregorianus,thryonomys gregorianus,1.00,2707.14,-999.00,-999.00,-999.00,-999.00,-999.00,-999.00,-999.00,-999.00,91.24,1.00,-999.00,-999.00,-999.00,2.91,2.00,-999.00,-999.00,-999.00,-999.00,-999.00,-999.00,1.00,-999,1.00,-999,-999.00,-999.00,-999.00,1297;2629;2655,-999.00,-999.00,-999.00,-999.00,7278562.16,12.63,-22.11,-4.74,39.69,8.69,24.19,0,27.68,1.00,0.14,113.61,234.15,1114.33,1545.26
Rodentia,Thryonomyidae,Thryonomys,swinderianus,thryonomys swinderianus,1.00,3750.85,-999.00,-999.00,0.00,456.25,-999.00,-999.00,2.00,-999.00,125.76,1.00,-999.00,-999.00,-999.00,3.88,2.00,51.60,118.89,-999.00,-999.00,-999.00,175.38,1.00,-999,1.00,1,25.17,433.70,-999.00,130;543;923;1297;1594;1849;2629;2655;2903,-999.00,-999.00,-999.00,-999.00,13000746.74,16.63,-33.88,-8.62,40.84,-16.79,12.02,0,36.40,1.00,0.14,103.67,238.94,1010.87,1535.59
Dasyuromorphia,Thylacinidae,Thylacinus,cynocephalus,thylacinus cynocephalus,2.00,29999.99,-999.00,-999.00,-999.00,-999.00,-999.00,-999.00,-999.00,-999.00,-999.00,-999.00,-999.00,-999.00,365.00,3.00,-999.00,156.00,-999.00,-999.00,-999.00,-999.00,-999.00,-999.00,-999,-999.00,-999,-999.00,-999.00,-999.00,543;955;1297;1760;2655,-999.00,1.10,-999.00,-999.00,-999.00,-999.00,-999.00,-999.00,-999.00,-999.00,-999.00,-999,-999.00,-999.00,-999.00,-999.00,-999.00,-999.00,-999.00
Didelphimorphia,Didelphidae,Thylamys,cinderella,thylamys cinderella,-999.00,-999.00,-999.00,-999.00,-999.00,-999.00,-999.00,-999.00,-999.00,-999.00,-999.00,-999.00,-999.00,-999.00,-999.00,-999.00,-999.00,-999.00,-999.00,-999.00,-999.00,-999.00,-999.00,-999.00,-999,-999.00,-999,-999.00,-999.00,-999.00,-999,-999.00,-999.00,-999.00,-999.00,-999.00,-999.00,-999.00,-999.00,-999.00,-999.00,-999.00,-999,-999.00,-999.00,-999.00,-999.00,-999.00,-999.00,-999.00
Didelphimorphia,Didelphidae,Thylamys,elegans,thylamys elegans,2.00,28.90,-999.00,120.71,-999.00,-999.00,-999.00,-999.00,3.00,-999.00,-999.00,3.00,7.05614e-04,7.08921e-04,-999.00,10.60,2.00,-999.00,-999.00,-999.00,703.01,-999.00,-999.00,-999.00,19,2.00,2,-999.00,-999.00,-999.00,889;890;955;1297;1449;1760;2211;2655,-999.00,-999.00,-999.00,-999.00,-999.00,-999.00,-999.00,-999.00,-999.00,-999.00,-999.00,-999,-999.00,-999.00,-999.00,-999.00,-999.00,-999.00,-999.00
Didelphimorphia,Didelphidae,Thylamys,karimii,thylamys karimii,-999.00,-999.00,-999.00,95.00,-999.00,-999.00,-999.00,-999.00,-999.00,-999.00,-999.00,-999.00,-999.00,-999.00,-999.00,-999.00,-999.00,-999.00,-999.00,-999.00,-999.00,-999.00,-999.00,-999.00,-999,-999.00,-999,-999.00,-999.00,-999.00,890,26.76,-999.00,-999.00,-999.00,-999.00,-999.00,-999.00,-999.00,-999.00,-999.00,-999.00,-999,-999.00,-999.00,-999.00,-999.00,-999.00,-999.00,-999.00
Didelphimorphia,Didelphidae,Thylamys,macrurus,thylamys macrurus,1.00,34.43,-999.00,127.27,-999.00,-999.00,-999.00,-999.00,-999.00,-999.00,-999.00,-999.00,-999.00,-999.00,-999.00,-999.00,-999.00,-999.00,-999.00,-999.00,-999.00,-999.00,-999.00,-999.00,-999,-999.00,-999,-999.00,-999.00,-999.00,889;890;1760;2655,-999.00,-999.00,-999.00,-999.00,223583.71,-20.11,-25.14,-22.63,-53.07,-60.04,-56.55,0,10.36,0.00,0.11,106.08,228.35,1247.40,1327.17
Didelphimorphia,Didelphidae,Thylamys,pallidior,thylamys pallidior,1.00,15.34,-999.00,85.87,-999.00,-999.00,-999.00,-999.00,-999.00,-999.00,-999.00,2.00,-999.00,-999.00,-999.00,-999.00,-999.00,-999.00,-999.00,-999.00,-999.00,-999.00,-999.00,-999.00,-999,2.00,-999,-999.00,-999.00,-999.00,889;890;1760;2655,-999.00,-999.00,-999.00,-999.00,341665.68,-14.73,-27.20,-20.97,-63.05,-68.84,-65.94,1,18.81,1.00,0.12,65.29,140.71,826.32,1380.51
Didelphimorphia,Didelphidae,Thylamys,pusillus,thylamys pusillus,1.00,28.21,-999.00,94.30,-999.00,-999.00,-999.00,-999.00,-999.00,-999.00,-999.00,-999.00,-999.00,-999.00,-999.00,-999.00,-999.00,-999.00,-999.00,-999.00,-999.00,-999.00,-999.00,-999.00,-999,-999.00,-999,-999.00,-999.00,-999.00,889;890;1760;2655,-999.00,-999.00,-999.00,-999.00,-999.00,-999.00,-999.00,-999.00,-999.00,-999.00,-999.00,-999,-999.00,-999.00,-999.00,-999.00,-999.00,-999.00,-999.00
Didelphimorphia,Didelphidae,Thylamys,sponsorius,thylamys sponsorius,-999.00,-999.00,-999.00,-999.00,-999.00,-999.00,-999.00,-999.00,-999.00,-999.00,-999.00,-999.00,-999.00,-999.00,-999.00,-999.00,-999.00,-999.00,-999.00,-999.00,-999.00,-999.00,-999.00,-999.00,-999,-999.00,-999,-999.00,-999.00,-999.00,-999,-999.00,-999.00,-999.00,-999.00,-999.00,-999.00,-999.00,-999.00,-999.00,-999.00,-999.00,-999,-999.00,-999.00,-999.00,-999.00,-999.00,-999.00,-999.00
Didelphimorphia,Didelphidae,Thylamys,tatei,thylamys tatei,-999.00,-999.00,-999.00,-999.00,-999.00,-999.00,-999.00,-999.00,-999.00,-999.00,-999.00,-999.00,-999.00,-999.00,-999.00,-999.00,-999.00,-999.00,-999.00,-999.00,-999.00,-999.00,-999.00,-999.00,-999,-999.00,-999,-999.00,-999.00,-999.00,-999,-999.00,-999.00,-999.00,-999.00,-999.00,-999.00,-999.00,-999.00,-999.00,-999.00,-999.00,-999,-999.00,-999.00,-999.00,-999.00,-999.00,-999.00,-999.00
Didelphimorphia,Didelphidae,Thylamys,velutinus,thylamys velutinus,1.00,20.69,-999.00,49.99,-999.00,-999.00,-999.00,-999.00,2.00,-999.00,-999.00,-999.00,0.02,0.02,-999.00,-999.00,-999.00,-999.00,-999.00,-999.00,54.99,-999.00,-999.00,-999.00,-999,-999.00,3,-999.00,-999.00,-999.00,890;1760;1843;2655,-999.00,-999.00,-999.00,-999.00,639611.93,-15.51,-26.05,-20.78,-45.93,-55.37,-50.65,1,29.94,2.00,0.06,126.23,215.91,1208.38,1379.27
Didelphimorphia,Didelphidae,Thylamys,venustus,thylamys venustus,-999.00,-999.00,-999.00,-999.00,-999.00,-999.00,-999.00,-999.00,-999.00,-999.00,-999.00,-999.00,-999.00,-999.00,-999.00,-999.00,-999.00,-999.00,-999.00,-999.00,-999.00,-999.00,-999.00,-999.00,-999,-999.00,-999,-999.00,-999.00,-999.00,-999,-999.00,-999.00,-999.00,-999.00,-999.00,-999.00,-999.00,-999.00,-999.00,-999.00,-999.00,-999,-999.00,-999.00,-999.00,-999.00,-999.00,-999.00,-999.00
Diprotodontia,Macropodidae,Thylogale,billardierii,thylogale billardierii,-999.00,5865.86,-999.00,-999.00,-999.00,441.04,-999.00,-999.00,-999.00,-999.00,30.73,1.00,-999.00,-999.00,284.50,1.00,1.00,120.00,0.40,-999.00,250.00,-999.00,418.85,-999.00,-999,1.00,-999,289.17,1727.45,-999.00,543;955;1297;1412;1760;1848;2483;2484;2655;2986,-999.00,-999.00,-999.00,-999.00,66496.92,-39.58,-43.64,-41.61,148.48,143.83,146.15,0,5.75,0.00,-0.09,71.08,105.05,610.94,778.91
Diprotodontia,Macropodidae,Thylogale,browni,thylogale browni,-999.00,5478.00,-999.00,550.88,-999.00,-999.00,-999.00,-999.00,-999.00,-999.00,-999.00,1.00,-999.00,-999.00,-999.00,1.02,-999.00,-999.00,-999.00,-999.00,-999.00,-999.00,-999.00,-999.00,4,1.00,-999,-999.00,-999.00,-999.00,977;2152;2655,-999.00,-999.00,-999.00,-999.00,194749.10,-1.59,-8.07,-4.83,153.11,135.41,144.26,2,10.44,2.00,0.15,279.46,228.36,1677.74,1707.82
Diprotodontia,Macropodidae,Thylogale,brunii,thylogale brunii,-999.00,-999.00,-999.00,539.59,-999.00,-999.00,-999.00,-999.00,-999.00,-999.00,-999.00,1.00,-999.00,-999.00,-999.00,1.00,-999.00,-999.00,-999.00,-999.00,-999.00,-999.00,-999.00,-999.00,4,1.00,-999,-999.00,-999.00,-999.00,977;1760;1848;1991;2152,4030.18,-999.00,-999.00,-999.00,28572.95,-5.27,-9.91,-7.59,147.97,132.84,140.40,1,3.92,1.00,0.15,195.33,261.63,1520.98,1645.61
Diprotodontia,Macropodidae,Thylogale,calabyi,thylogale calabyi,-999.00,-999.00,-999.00,-999.00,-999.00,-999.00,-999.00,-999.00,-999.00,-999.00,-999.00,-999.00,-999.00,-999.00,-999.00,-999.00,-999.00,-999.00,-999.00,-999.00,-999.00,-999.00,-999.00,-999.00,-999,-999.00,-999,-999.00,-999.00,-999.00,-999,-999.00,-999.00,-999.00,-999.00,2289.89,-5.75,-8.84,-7.29,147.62,144.32,145.97,5,16.71,5.00,0.11,266.41,161.24,1581.50,1590.50
Diprotodontia,Macropodidae,Thylogale,lanatus,thylogale lanatus,-999.00,-999.00,-999.00,-999.00,-999.00,-999.00,-999.00,-999.00,-999.00,-999.00,-999.00,-999.00,-999.00,-999.00,-999.00,-999.00,-999.00,-999.00,-999.00,-999.00,-999.00,-999.00,-999.00,-999.00,-999,-999.00,-999,-999.00,-999.00,-999.00,-999,-999.00,-999.00,-999.00,-999.00,16143.32,-5.55,-6.79,-6.17,147.86,146.09,146.97,10,12.99,10.00,0.09,285.22,217.32,1699.33,1826.38
Diprotodontia,Macropodidae,Thylogale,stigmatica,thylogale stigmatica,1.00,4511.47,-999.00,565.12,-999.00,-999.00,-999.00,-999.00,3.00,-999.00,29.00,1.00,0.02,0.02,185.00,1.00,-999.00,-999.00,-999.00,-999.00,313.68,-999.00,386.63,1.00,4,1.00,1,250.00,-999.00,-999.00,955;977;1502;1573;1760;1848;1991;2152;2655;2930;2931;2986,-999.00,1.55,-999.00,-999.00,223751.05,-8.60,-32.84,-20.72,153.63,141.44,147.54,0,15.72,0.00,0.11,107.23,208.36,1023.56,1552.79
Diprotodontia,Macropodidae,Thylogale,thetis,thylogale thetis,1.00,5399.95,-999.00,-999.00,-999.00,-999.00,1399.20,4400.00,-999.00,-999.00,-999.00,1.00,0.10,0.10,182.00,1.00,-999.00,108.00,-999.00,-999.00,359.99,-999.00,627.19,-999.00,-999,1.00,-999,209.40,800.00,-999.00,955;1412;1573;1760;1848;2655;2986,-999.00,1.56,-999.00,-999.00,156196.97,-24.70,-34.82,-29.76,153.63,149.17,151.40,1,35.34,1.00,0.09,83.16,161.60,829.03,1230.42
Chiroptera,Thyropteridae,Thyroptera,discifera,thyroptera discifera,-999.00,3.13,33.50,-999.00,-999.00,-999.00,-999.00,-999.00,-999.00,-999.00,-999.00,1.00,-999.00,-999.00,-999.00,-999.00,-999.00,-999.00,-999.00,-999.00,-999.00,-999.00,-999.00,-999.00,-999,2.00,-999,-999.00,-999.00,-999.00,1658;2143;2151;2655,-999.00,-999.00,-999.00,-999.00,6234471.86,12.46,-14.88,-1.21,-49.87,-84.34,-67.11,0,15.05,0.00,0.12,178.23,247.27,1454.24,1605.83
Chiroptera,Thyropteridae,Thyroptera,lavali,thyroptera lavali,-999.00,-999.00,-999.00,-999.00,-999.00,-999.00,-999.00,-999.00,-999.00,-999.00,-999.00,-999.00,-999.00,-999.00,-999.00,-999.00,-999.00,-999.00,-999.00,-999.00,-999.00,-999.00,-999.00,-999.00,-999,-999.00,-999,-999.00,-999.00,-999.00,-999,-999.00,-999.00,-999.00,-999.00,1256123.71,5.68,-8.46,-1.38,-61.95,-77.72,-69.83,0,0.92,0.00,0.10,203.11,255.22,1547.45,1578.06
Chiroptera,Thyropteridae,Thyroptera,tricolor,thyroptera tricolor,-999.00,4.52,35.49,-999.00,-999.00,-999.00,-999.00,-999.00,1.00,-999.00,154.24,1.00,-999.00,-999.00,-999.00,0.98,2.00,-999.00,1.09,18.00,-999.00,-999.00,-999.00,-999.00,-999,2.00,3,-999.00,-999.00,-999.00,196;679;716;890;1297;1658;1784;2143;2151;2622;2655;2719;2751;3050,-999.00,-999.00,-999.00,-999.00,9815698.72,17.73,-25.41,-3.84,-34.79,-93.81,-64.30,0,28.90,0.00,0.11,160.56,239.84,1339.48,1563.27
Didelphimorphia,Didelphidae,Tlacuatzin,canescens,tlacuatzin canescens,1.00,47.73,-999.00,-999.00,-999.00,-999.00,-999.00,-999.00,-999.00,-999.00,-999.00,2.00,-999.00,-999.00,-999.00,8.49,-999.00,-999.00,-999.00,-999.00,305.11,-999.00,-999.00,1.00,-999,2.00,-999,-999.00,20.00,-999.00,568;730;955;1297;1760;2151;2655,-999.00,-999.00,-999.00,-999.00,476499.55,27.28,15.64,21.46,-88.33,-109.72,-99.02,3,43.26,5.00,0.09,87.55,206.14,955.56,1534.22
Rodentia,Muridae,Tokudaia,muenninki,tokudaia muenninki,-999.00,-999.00,-999.00,-999.00,-999.00,-999.00,-999.00,-999.00,-999.00,-999.00,-999.00,-999.00,-999.00,-999.00,-999.00,-999.00,-999.00,-999.00,-999.00,-999.00,-999.00,-999.00,-999.00,-999.00,-999,-999.00,-999,-999.00,-999.00,-999.00,-999,-999.00,-999.00,-999.00,-999.00,1209.87,26.87,26.07,26.47,128.32,127.63,127.98,365,365.00,365.00,0.04,-999.00,-999.00,-999.00,-999.00
Rodentia,Muridae,Tokudaia,osimensis,tokudaia osimensis,-999.00,84.65,-999.00,-999.00,-999.00,-999.00,-999.00,-999.00,-999.00,-999.00,-999.00,-999.00,-999.00,-999.00,-999.00,-999.00,-999.00,-999.00,-999.00,-999.00,-999.00,-999.00,-999.00,-999.00,-999,-999.00,-999,-999.00,-999.00,-999.00,456,-999.00,-999.00,-999.00,-999.00,710.54,28.51,28.10,28.31,129.72,129.14,129.43,365,365.00,365.00,0.04,-999.00,-999.00,-999.00,-999.00
Cingulata,Dasypodidae,Tolypeutes,matacus,tolypeutes matacus,2.00,1303.47,-999.00,-999.00,-999.00,-999.00,209.96,1160.00,3.00,-999.00,125.14,2.00,-999.00,-999.00,-999.00,1.00,-999.00,-999.00,113.00,-999.00,7.00,-999.00,330.37,1.00,-999,1.00,2,71.79,-999.00,-999.00,403;890;1297;1822;1946;1947;2151;2655,-999.00,-999.00,-999.00,-999.00,1839317.09,-12.18,-34.83,-23.51,-53.68,-68.83,-61.26,0,7.08,0.00,0.12,86.56,213.39,985.55,1294.48
Cingulata,Dasypodidae,Tolypeutes,tricinctus,tolypeutes tricinctus,-999.00,1465.72,-999.00,300.00,-999.00,-999.00,-999.00,-999.00,2.00,-999.00,-999.00,2.00,-999.00,-999.00,-999.00,0.93,1.00,-999.00,-999.00,-999.00,-999.00,-999.00,-999.00,-999.00,-999,1.00,2,-999.00,-999.00,-999.00,511;736;899;1297;2655,-999.00,-999.00,-999.00,-999.00,1893159.84,-3.23,-17.55,-10.39,-34.79,-52.18,-43.48,0,28.82,1.00,0.08,108.23,239.48,1012.33,1478.53
Chiroptera,Molossidae,Tomopeas,ravus,tomopeas ravus,-999.00,-999.00,32.99,-999.00,-999.00,-999.00,-999.00,-999.00,-999.00,-999.00,-999.00,2.00,-999.00,-999.00,-999.00,-999.00,-999.00,-999.00,-999.00,-999.00,-999.00,-999.00,-999.00,-999.00,-999,2.00,-999,-999.00,-999.00,-999.00,890;1658;2151,5.61,-999.00,-999.00,-999.00,207270.61,-4.31,-16.16,-10.23,-73.77,-81.35,-77.56,2,83.17,4.00,0.07,33.35,103.38,544.12,1330.85
Chiroptera,Phyllostomidae,Tonatia,bidens,tonatia bidens,-999.00,27.70,58.13,-999.00,-999.00,-999.00,39.18,27.40,3.00,-999.00,-999.00,1.00,-999.00,-999.00,-999.00,0.98,-999.00,-999.00,-999.00,-999.00,-999.00,-999.00,-999.00,-999.00,-999,2.00,2,-999.00,-999.00,-999.00,108;196;197;890;1297;1658;1822;1948;2151;2622;2655;2751,-999.00,-999.00,-999.00,-999.00,3493484.02,-2.79,-27.24,-15.02,-34.79,-67.04,-50.91,0,49.89,1.00,0.07,103.54,215.60,1071.13,1366.74
Chiroptera,Phyllostomidae,Tonatia,saurophila,tonatia saurophila,-999.00,-999.00,-999.00,-999.00,-999.00,-999.00,-999.00,-999.00,-999.00,-999.00,-999.00,-999.00,-999.00,-999.00,-999.00,-999.00,-999.00,-999.00,-999.00,-999.00,-999.00,-999.00,-999.00,-999.00,-999,-999.00,-999,-999.00,-999.00,-999.00,-999,-999.00,-999.00,-999.00,-999.00,7442847.60,17.73,-16.75,0.48,-37.30,-91.60,-64.45,0,15.84,0.00,0.12,162.39,246.85,1372.47,1591.69
Chiroptera,Phyllostomidae,Trachops,cirrhosus,trachops cirrhosus,-999.00,36.90,58.45,-999.00,-999.00,-999.00,-999.00,-999.00,2.00,-999.00,-999.00,1.00,-999.00,-999.00,-999.00,0.98,-999.00,-999.00,-999.00,-999.00,-999.00,-999.00,-999.00,-999.00,-999,2.00,3,-999.00,-999.00,-999.00,108;196;889;984;1297;1658;2143;2144;2151;2289;2622;2655;2719;2751,-999.00,-999.00,-999.00,-999.00,12679671.21,18.60,-29.60,-5.50,-34.79,-96.36,-65.57,0,27.05,0.00,0.12,154.52,239.27,1306.41,1545.21
Primates,Cercopithecidae,Trachypithecus,auratus,trachypithecus auratus,3.00,9719.60,-999.00,-999.00,-999.00,-999.00,-999.00,-999.00,-999.00,-999.00,-999.00,-999.00,0.03,0.05,-999.00,-999.00,-999.00,-999.00,-999.00,-999.00,41.99,-999.00,-999.00,11.00,-999,-999.00,-999,-999.00,-999.00,-999.00,741;1544;2344,-999.00,-999.00,-999.00,-999.00,136882.26,-5.87,-8.96,-7.41,116.73,105.20,110.96,267,790.72,298.00,0.04,201.20,244.35,1370.42,1640.76
Primates,Cercopithecidae,Trachypithecus,barbei,trachypithecus barbei,-999.00,-999.00,-999.00,-999.00,-999.00,-999.00,-999.00,-999.00,-999.00,-999.00,-999.00,-999.00,-999.00,-999.00,-999.00,-999.00,-999.00,-999.00,-999.00,-999.00,-999.00,-999.00,-999.00,-999.00,-999,-999.00,-999,-999.00,-999.00,-999.00,-999,-999.00,-999.00,-999.00,-999.00,4080.83,15.17,14.34,14.75,98.92,98.52,98.72,5,9.34,5.00,0.04,372.07,232.67,1112.37,1710.64
Primates,Cercopithecidae,Trachypithecus,cristatus,trachypithecus cristatus,3.00,7176.81,-999.00,-999.00,-999.00,1460.00,-999.00,-999.00,-999.00,-999.00,-999.00,-999.00,0.12,-999.00,-999.00,1.01,-999.00,373.20,-999.00,-999.00,36.63,30.60,-999.00,27.40,-999,-999.00,-999,362.93,-999.00,-999.00,208;543;730;1297;1347;1544;1547;2344;2655;2660;2748;2986;3102,-999.00,-999.00,-999.00,-999.00,827350.53,7.03,-5.94,0.54,119.26,95.18,107.22,1,73.16,4.00,0.16,242.86,250.29,1682.06,1747.29
Primates,Cercopithecidae,Trachypithecus,delacouri,trachypithecus delacouri,3.00,-999.00,-999.00,577.49,-999.00,-999.00,-999.00,-999.00,3.00,-999.00,-999.00,-999.00,-999.00,-999.00,-999.00,1.50,0.50,-999.00,-999.00,-999.00,-999.00,-999.00,-999.00,-999.00,-999,-999.00,1,-999.00,-999.00,-999.00,1015;1544;1848,4902.69,-999.00,-999.00,-999.00,33489.77,21.54,18.25,19.90,106.29,104.61,105.45,22,412.99,30.00,0.10,131.41,212.48,1073.80,1209.24
Primates,Cercopithecidae,Trachypithecus,ebenus,trachypithecus ebenus,-999.00,-999.00,-999.00,-999.00,-999.00,-999.00,-999.00,-999.00,-999.00,-999.00,-999.00,-999.00,-999.00,-999.00,-999.00,-999.00,-999.00,-999.00,-999.00,-999.00,-999.00,-999.00,-999.00,-999.00,-999,-999.00,-999,-999.00,-999.00,-999.00,-999,-999.00,-999.00,-999.00,-999.00,715.41,17.55,17.20,17.38,106.21,105.84,106.03,10,54.21,10.00,0.11,165.26,216.00,1389.75,1520.31
Primates,Cercopithecidae,Trachypithecus,francoisi,trachypithecus francoisi,3.00,8139.93,-999.00,599.99,-999.00,1460.00,-999.00,-999.00,1.00,-999.00,-999.00,-999.00,-999.00,-999.00,-999.00,-999.00,-999.00,-999.00,454.56,-999.00,-999.00,-999.00,-999.00,-999.00,-999,-999.00,1,391.76,-999.00,-999.00,899;1544;1547;2344;2655,-999.00,-999.00,-999.00,-999.00,313031.71,28.59,17.21,22.90,109.95,104.29,107.12,5,217.97,24.00,0.08,123.18,187.52,1100.40,1182.72
Primates,Cercopithecidae,Trachypithecus,geei,trachypithecus geei,3.00,8356.00,-999.00,605.00,-999.00,-999.00,-999.00,-999.00,-999.00,-999.00,-999.00,-999.00,2.22,3.75,-999.00,1.02,-999.00,-999.00,-999.00,-999.00,2.60,13.30,-999.00,11.00,-999,-999.00,-999,-999.00,-999.00,-999.00,208;741;1347;1544;1547;1848;2344;2655;2660;2986,-999.00,-999.00,-999.00,-999.00,10913.89,27.28,26.30,26.79,91.12,89.70,90.41,29,230.87,29.00,0.09,147.91,175.84,1040.94,1243.13
Primates,Cercopithecidae,Trachypithecus,germaini,trachypithecus germaini,-999.00,-999.00,-999.00,-999.00,-999.00,-999.00,-999.00,-999.00,-999.00,-999.00,-999.00,-999.00,-999.00,-999.00,-999.00,-999.00,-999.00,-999.00,-999.00,-999.00,-999.00,-999.00,-999.00,-999.00,-999,-999.00,-999,-999.00,-999.00,-999.00,-999,-999.00,-999.00,-999.00,-999.00,544016.79,17.13,8.55,12.84,109.46,97.72,103.59,2,151.88,5.00,0.11,176.62,253.08,1197.00,1619.55
Primates,Cercopithecidae,Trachypithecus,hatinhensis,trachypithecus hatinhensis,-999.00,-999.00,-999.00,-999.00,-999.00,-999.00,-999.00,-999.00,-999.00,-999.00,-999.00,-999.00,-999.00,-999.00,-999.00,-999.00,-999.00,-999.00,-999.00,-999.00,-999.00,-999.00,-999.00,-999.00,-999,-999.00,-999,-999.00,-999.00,-999.00,-999,-999.00,-999.00,-999.00,-999.00,30579.77,20.70,14.92,17.81,108.54,105.19,106.86,7,276.67,16.00,0.10,171.41,217.86,1284.43,1430.00
Primates,Cercopithecidae,Trachypithecus,johnii,trachypithecus johnii,3.00,10595.08,-999.00,553.17,-999.00,-999.00,-999.00,-999.00,1.00,-999.00,-999.00,-999.00,0.08,-999.00,-999.00,1.02,-999.00,-999.00,-999.00,-999.00,71.00,-999.00,-999.00,10.00,-999,-999.00,1,-999.00,-999.00,-999.00,208;730;741;1167;1544;1547;1848;2344;2626;2655;2660;2748;2986,-999.00,-999.00,-999.00,-999.00,15101.08,12.16,9.34,10.75,77.49,76.11,76.80,191,442.77,191.00,0.06,128.04,256.55,1126.21,1577.64
Primates,Cercopithecidae,Trachypithecus,laotum,trachypithecus laotum,3.00,-999.00,-999.00,-999.00,-999.00,-999.00,-999.00,-999.00,-999.00,-999.00,-999.00,-999.00,-999.00,-999.00,-999.00,-999.00,-999.00,-999.00,-999.00,-999.00,-999.00,-999.00,-999.00,-999.00,-999,-999.00,-999,-999.00,-999.00,-999.00,1544,-999.00,-999.00,-999.00,-999.00,3111.96,18.22,17.64,17.93,105.04,104.28,104.66,9,28.81,9.00,0.09,169.20,226.01,1085.89,1312.18
Primates,Cercopithecidae,Trachypithecus,obscurus,trachypithecus obscurus,3.00,7247.88,-999.00,549.99,-999.00,1460.00,-999.00,-999.00,1.00,-999.00,146.63,-999.00,0.18,-999.00,-999.00,1.01,-999.00,300.00,339.18,-999.00,57.00,14.00,-999.00,10.00,-999,-999.00,1,362.93,-999.00,-999.00,208;543;730;741;1297;1347;1544;1547;1848;2151;2344;2655;2660;2748;2986,-999.00,-999.00,-999.00,-999.00,209688.40,12.38,1.26,6.82,104.30,98.11,101.21,3,162.74,8.00,0.09,201.98,255.04,1624.49,1834.83
Primates,Cercopithecidae,Trachypithecus,phayrei,trachypithecus phayrei,3.00,7681.72,-999.00,-999.00,-999.00,-999.00,-999.00,-999.00,-999.00,-999.00,180.61,-999.00,0.17,0.30,456.25,1.00,-999.00,-999.00,-999.00,-999.00,0.60,-999.00,-999.00,12.90,-999,-999.00,-999,305.87,-999.00,-999.00,741;1544;1547;1766;1767;2344;2655,-999.00,0.98,-999.00,-999.00,1313008.67,26.62,14.35,20.48,107.69,91.70,99.69,5,101.42,10.00,0.07,145.87,213.33,1055.67,1419.10
Primates,Cercopithecidae,Trachypithecus,pileatus,trachypithecus pileatus,3.00,11219.93,-999.00,575.00,-999.00,-999.00,-999.00,-999.00,-999.00,-999.00,-999.00,-999.00,0.22,0.37,-999.00,-999.00,-999.00,-999.00,-999.00,-999.00,81.49,7.85,-999.00,8.50,-999,-999.00,-999,-999.00,-999.00,-999.00,730;741;1347;1544;1547;1848;2344;2655;2986,-999.00,-999.00,-999.00,-999.00,453900.78,28.44,21.21,24.83,99.63,88.00,93.81,1,326.52,3.00,0.08,190.31,203.32,1063.78,1264.71
Primates,Cercopithecidae,Trachypithecus,poliocephalus,trachypithecus poliocephalus,3.00,-999.00,-999.00,-999.00,-999.00,-999.00,-999.00,-999.00,-999.00,-999.00,-999.00,-999.00,-999.00,-999.00,-999.00,-999.00,-999.00,-999.00,-999.00,-999.00,-999.00,-999.00,-999.00,-999.00,-999,-999.00,-999,-999.00,-999.00,-999.00,1544,-999.00,-999.00,-999.00,-999.00,2402.32,22.06,20.71,21.38,107.93,106.90,107.42,75,340.00,75.00,0.06,155.82,211.61,1199.87,1266.60
Primates,Cercopithecidae,Trachypithecus,shortridgei,trachypithecus shortridgei,-999.00,-999.00,-999.00,-999.00,-999.00,-999.00,-999.00,-999.00,-999.00,-999.00,-999.00,-999.00,-999.00,-999.00,-999.00,-999.00,-999.00,-999.00,-999.00,-999.00,-999.00,-999.00,-999.00,-999.00,-999,-999.00,-999,-999.00,-999.00,-999.00,-999,-999.00,-999.00,-999.00,-999.00,80950.94,27.54,23.38,25.46,99.88,96.08,97.98,1,39.62,1.00,0.05,153.88,109.62,1064.16,1272.25
Primates,Cercopithecidae,Trachypithecus,vetulus,trachypithecus vetulus,3.00,7205.08,-999.00,584.99,-999.00,1460.00,-999.00,-999.00,2.00,-999.00,204.72,-999.00,0.02,0.04,783.83,1.01,-999.00,276.00,359.99,-999.00,144.65,8.60,1113.70,8.35,-999,-999.00,1,245.78,1053.75,-999.00,208;543;730;741;1297;1347;1544;1547;1763;1767;1848;2344;2493;2655;2660;2986,-999.00,0.74,-999.00,-999.00,52878.45,9.83,6.24,8.03,81.84,79.69,80.77,68,336.63,74.00,0.07,143.41,257.50,1544.43,1644.48
Artiodactyla,Bovidae,Tragelaphus,angasii,tragelaphus angasii,2.00,87616.76,-999.00,1935.86,-999.00,695.78,-999.00,-999.00,4.00,-999.00,219.99,1.00,1.63,-999.00,297.00,1.00,-999.00,192.00,5541.58,-999.00,126.94,-999.00,645.51,15.50,-999,1.00,1,212.91,-999.00,-999.00,87;543;730;869;917;1297;1763;1848;2629;2655;2693;2986,-999.00,1.22,-999.00,-999.00,274074.58,-15.60,-28.48,-22.04,35.21,29.07,32.14,1,18.74,2.00,0.21,65.29,229.85,860.67,1417.11
Artiodactyla,Bovidae,Tragelaphus,buxtoni,tragelaphus buxtoni,2.00,215000.75,-999.00,2249.44,-999.00,-999.00,-999.00,-999.00,1.00,-999.00,-999.00,1.00,-999.00,-999.00,-999.00,1.00,-999.00,132.00,-999.00,-999.00,80.50,9.00,755.15,15.00,-999,1.00,1,-999.00,-999.00,-999.00,511;869;899;1525;1848;2655;2693,-999.00,-999.00,-999.00,-999.00,41913.30,9.35,6.16,7.76,42.00,38.40,40.20,8,98.00,13.00,0.15,65.43,109.12,994.44,1441.72
Artiodactyla,Bovidae,Tragelaphus,eurycerus,tragelaphus eurycerus,2.00,270998.37,-999.00,2274.99,-999.00,-999.00,-999.00,-999.00,4.00,-999.00,284.99,1.00,-999.00,-999.00,-999.00,1.00,-999.00,233.00,19944.92,-999.00,0.40,-999.00,887.46,13.50,-999,1.00,1,-999.00,-999.00,-999.00,543;869;917;1297;1525;1848;2366;2655;2693;2875;2882;2986,-999.00,-999.00,-999.00,-999.00,2564432.61,10.00,-5.83,2.08,37.81,-12.64,12.58,0,30.97,1.00,0.11,143.55,243.77,1379.01,1585.05
Artiodactyla,Bovidae,Tragelaphus,imberbis,tragelaphus imberbis,-999.00,94320.39,-999.00,1675.00,-999.00,1115.07,-999.00,-999.00,3.00,-999.00,222.00,1.00,-999.00,-999.00,258.54,1.00,-999.00,227.00,5891.21,-999.00,0.35,-999.00,666.44,3.00,-999,1.00,1,-999.00,-999.00,-999.00,543;730;869;917;1297;1525;1848;2655;2693;2886;2986,-999.00,1.31,-999.00,-999.00,1907499.42,16.88,-9.03,3.92,48.87,32.08,40.48,0,26.55,2.00,0.11,50.25,236.53,695.54,1584.80
Rodentia,Echimyidae,Trinomys,dimidiatus,trinomys dimidiatus,-999.00,167.60,-999.00,197.69,-999.00,-999.00,-999.00,-999.00,-999.00,-999.00,-999.00,-999.00,-999.00,-999.00,-999.00,2.00,-999.00,-999.00,-999.00,-999.00,-999.00,-999.00,-999.00,-999.00,-999,-999.00,-999,-999.00,-999.00,-999.00,2264;2655,-999.00,-999.00,-999.00,-999.00,63705.50,-21.18,-23.88,-22.53,-41.04,-46.18,-43.61,34,423.15,39.00,0.04,135.72,188.36,1218.20,1398.12
Rodentia,Echimyidae,Trinomys,eliasi,trinomys eliasi,-999.00,-999.00,-999.00,-999.00,-999.00,-999.00,-999.00,-999.00,-999.00,-999.00,-999.00,-999.00,-999.00,-999.00,-999.00,3.00,-999.00,-999.00,-999.00,-999.00,-999.00,-999.00,-999.00,-999.00,-999,-999.00,-999,-999.00,-999.00,-999.00,2265,-999.00,-999.00,-999.00,-999.00,-999.00,-999.00,-999.00,-999.00,-999.00,-999.00,-999.00,-999,-999.00,-999.00,-999.00,-999.00,-999.00,-999.00,-999.00
Rodentia,Echimyidae,Trinomys,gratiosus,trinomys gratiosus,-999.00,-999.00,-999.00,-999.00,-999.00,-999.00,-999.00,-999.00,-999.00,-999.00,-999.00,-999.00,-999.00,-999.00,-999.00,1.37,-999.00,-999.00,-999.00,-999.00,-999.00,-999.00,-999.00,-999.00,-999,-999.00,-999,-999.00,-999.00,-999.00,2265,-999.00,-999.00,-999.00,-999.00,-999.00,-999.00,-999.00,-999.00,-999.00,-999.00,-999.00,-999,-999.00,-999.00,-999.00,-999.00,-999.00,-999.00,-999.00
Rodentia,Echimyidae,Trinomys,iheringi,trinomys iheringi,-999.00,220.39,-999.00,197.54,-999.00,-999.00,-999.00,-999.00,-999.00,-999.00,-999.00,-999.00,0.01,0.01,-999.00,0.97,-999.00,-999.00,-999.00,-999.00,362.78,-999.00,-999.00,-999.00,-999,-999.00,-999,-999.00,-999.00,-999.00,31;569;2225;2265;2655,-999.00,-999.00,-999.00,-999.00,-999.00,-999.00,-999.00,-999.00,-999.00,-999.00,-999.00,-999,-999.00,-999.00,-999.00,-999.00,-999.00,-999.00,-999.00
Rodentia,Echimyidae,Trinomys,mirapitanga,trinomys mirapitanga,-999.00,-999.00,-999.00,-999.00,-999.00,-999.00,-999.00,-999.00,-999.00,-999.00,-999.00,-999.00,-999.00,-999.00,-999.00,-999.00,-999.00,-999.00,-999.00,-999.00,-999.00,-999.00,-999.00,-999.00,-999,-999.00,-999,-999.00,-999.00,-999.00,-999,-999.00,-999.00,-999.00,-999.00,-999.00,-999.00,-999.00,-999.00,-999.00,-999.00,-999.00,-999,-999.00,-999.00,-999.00,-999.00,-999.00,-999.00,-999.00
Rodentia,Echimyidae,Trinomys,moojeni,trinomys moojeni,-999.00,-999.00,-999.00,-999.00,-999.00,-999.00,-999.00,-999.00,-999.00,-999.00,-999.00,-999.00,-999.00,-999.00,-999.00,-999.00,-999.00,-999.00,-999.00,-999.00,-999.00,-999.00,-999.00,-999.00,-999,-999.00,-999,-999.00,-999.00,-999.00,-999,-999.00,-999.00,-999.00,-999.00,-999.00,-999.00,-999.00,-999.00,-999.00,-999.00,-999.00,-999,-999.00,-999.00,-999.00,-999.00,-999.00,-999.00,-999.00
Rodentia,Echimyidae,Trinomys,myosuros,trinomys myosuros,-999.00,284.99,-999.00,-999.00,-999.00,-999.00,-999.00,-999.00,-999.00,-999.00,-999.00,-999.00,-999.00,-999.00,-999.00,-999.00,-999.00,-999.00,-999.00,-999.00,-999.00,-999.00,-999.00,-999.00,-999,-999.00,-999,-999.00,-999.00,-999.00,2655,-999.00,-999.00,-999.00,-999.00,-999.00,-999.00,-999.00,-999.00,-999.00,-999.00,-999.00,-999,-999.00,-999.00,-999.00,-999.00,-999.00,-999.00,-999.00
Rodentia,Echimyidae,Trinomys,paratus,trinomys paratus,-999.00,-999.00,-999.00,-999.00,-999.00,-999.00,-999.00,-999.00,-999.00,-999.00,-999.00,-999.00,-999.00,-999.00,-999.00,-999.00,-999.00,-999.00,-999.00,-999.00,-999.00,-999.00,-999.00,-999.00,-999,-999.00,-999,-999.00,-999.00,-999.00,-999,-999.00,-999.00,-999.00,-999.00,-999.00,-999.00,-999.00,-999.00,-999.00,-999.00,-999.00,-999,-999.00,-999.00,-999.00,-999.00,-999.00,-999.00,-999.00
Rodentia,Echimyidae,Trinomys,setosus,trinomys setosus,-999.00,284.99,-999.00,-999.00,-999.00,-999.00,-999.00,-999.00,-999.00,-999.00,-999.00,-999.00,-999.00,-999.00,-999.00,-999.00,-999.00,-999.00,-999.00,-999.00,-999.00,-999.00,-999.00,-999.00,-999,-999.00,-999,-999.00,-999.00,-999.00,2655,-999.00,-999.00,-999.00,-999.00,86849.07,-17.70,-21.35,-19.53,-41.20,-44.02,-42.61,9,53.43,12.00,0.05,107.38,202.59,1118.36,1332.46
Rodentia,Echimyidae,Trinomys,yonenagae,trinomys yonenagae,-999.00,-999.00,-999.00,-999.00,-999.00,-999.00,-999.00,-999.00,-999.00,-999.00,-999.00,-999.00,-999.00,-999.00,-999.00,-999.00,-999.00,-999.00,-999.00,-999.00,-999.00,-999.00,-999.00,-999.00,-999,-999.00,-999,-999.00,-999.00,-999.00,-999,-999.00,-999.00,-999.00,-999.00,-999.00,-999.00,-999.00,-999.00,-999.00,-999.00,-999.00,-999,-999.00,-999.00,-999.00,-999.00,-999.00,-999.00,-999.00
Chiroptera,Phyllostomidae,Trinycteris,nicefori,trinycteris nicefori,-999.00,8.25,38.00,-999.00,-999.00,-999.00,-999.00,-999.00,2.00,-999.00,-999.00,1.00,-999.00,-999.00,-999.00,1.00,-999.00,-999.00,-999.00,-999.00,-999.00,-999.00,-999.00,-999.00,-999,2.00,2,-999.00,-999.00,-999.00,889;1089;1297;1658;2151;2622;2655,-999.00,-999.00,-999.00,-999.00,3834710.43,12.67,-15.02,-1.17,-46.14,-84.22,-65.18,0,20.22,0.00,0.12,175.32,239.33,1422.51,1615.90
Rodentia,Sciuridae,Trogopterus,xanthipes,trogopterus xanthipes,-999.00,-999.00,-999.00,-999.00,-999.00,-999.00,-999.00,-999.00,1.00,-999.00,80.30,-999.00,-999.00,-999.00,-999.00,1.64,-999.00,144.00,-999.00,-999.00,-999.00,-999.00,669.16,-999.00,-999,-999.00,1,105.00,-999.00,-999.00,543;679;1297,-999.00,-999.00,-999.00,-999.00,62202.44,36.09,27.58,31.84,111.96,88.92,100.44,1,95.28,3.00,0.07,69.48,64.50,679.74,885.11
Rodentia,Muridae,Tryphomys,adustus,tryphomys adustus,-999.00,-999.00,-999.00,152.50,-999.00,-999.00,-999.00,-999.00,-999.00,-999.00,-999.00,-999.00,-999.00,-999.00,-999.00,-999.00,-999.00,-999.00,-999.00,-999.00,-999.00,-999.00,-999.00,-999.00,-999,-999.00,-999,-999.00,-999.00,-999.00,2152,104.94,-999.00,-999.00,-999.00,33281.15,16.39,13.59,14.99,121.76,119.74,120.75,49,578.21,75.00,0.10,232.43,251.40,1269.93,1725.90
Rodentia,Cricetidae,Tscherskia,triton,tscherskia triton,-999.00,25.00,-999.00,-999.00,15.00,-999.00,-999.00,-999.00,-999.00,-999.00,-999.00,-999.00,-999.00,-999.00,-999.00,4.24,-999.00,-999.00,5.25,-999.00,-999.00,-999.00,-999.00,-999.00,-999,-999.00,-999,29.23,-999.00,-999.00,1297;1849,-999.00,-999.00,-999.00,-999.00,2200630.09,48.76,29.32,39.04,135.07,104.25,119.66,1,322.56,20.00,0.04,58.44,81.60,680.40,790.28
Scandentia,Tupaiidae,Tupaia,belangeri,tupaia belangeri,-999.00,200.00,-999.00,-999.00,-999.00,-999.00,-999.00,-999.00,-999.00,-999.00,-999.00,-999.00,-999.00,-999.00,-999.00,-999.00,-999.00,120.00,-999.00,-999.00,-999.00,-999.00,-999.00,-999.00,6,-999.00,-999,-999.00,-999.00,-999.00,543;1736;2655,-999.00,-999.00,-999.00,-999.00,2798268.56,30.31,8.55,19.43,112.23,90.00,101.11,1,120.95,5.00,0.08,153.33,197.45,1071.26,1378.46
Scandentia,Tupaiidae,Tupaia,chrysogaster,tupaia chrysogaster,-999.00,-999.00,-999.00,-999.00,-999.00,-999.00,-999.00,-999.00,-999.00,-999.00,-999.00,-999.00,-999.00,-999.00,-999.00,-999.00,-999.00,-999.00,-999.00,-999.00,-999.00,-999.00,-999.00,-999.00,-999,-999.00,-999,-999.00,-999.00,-999.00,-999,-999.00,-999.00,-999.00,-999.00,2155.21,-2.02,-3.34,-2.68,100.47,99.51,99.99,43,60.75,43.00,0.25,-999.00,-999.00,-999.00,-999.00
Scandentia,Tupaiidae,Tupaia,dorsalis,tupaia dorsalis,3.00,168.05,-999.00,185.00,-999.00,-999.00,-999.00,-999.00,4.00,-999.00,-999.00,-999.00,-999.00,-999.00,-999.00,-999.00,-999.00,-999.00,-999.00,-999.00,-999.00,-999.00,-999.00,-999.00,-999,-999.00,2,-999.00,-999.00,-999.00,2152,-999.00,-999.00,-999.00,-999.00,486839.84,7.03,-3.01,2.00,118.99,108.83,113.91,1,18.96,3.00,0.17,271.94,239.10,1677.61,1689.92
Scandentia,Tupaiidae,Tupaia,glis,tupaia glis,3.00,132.43,-999.00,185.00,-999.00,203.75,93.48,123.00,4.00,-999.00,45.99,2.00,8.142403e-03,8.725349e-03,45.30,2.22,2.50,149.00,12.60,97.36,406.30,-999.00,122.77,-999.00,4,2.00,2,34.27,100.00,-999.00,543;679;730;885;1297;1736;1822;2152;2655,-999.00,-999.00,-999.00,-999.00,752165.74,9.27,-8.78,0.24,114.60,95.18,104.89,3,247.48,22.00,0.10,216.09,252.14,1647.22,1768.46
Scandentia,Tupaiidae,Tupaia,gracilis,tupaia gracilis,3.00,111.95,-999.00,185.00,-999.00,-999.00,-999.00,-999.00,4.00,-999.00,-999.00,-999.00,-999.00,-999.00,-999.00,-999.00,-999.00,-999.00,-999.00,-999.00,-999.00,-999.00,-999.00,-999.00,-999,-999.00,2,-999.00,-999.00,-999.00,2152;2655,-999.00,-999.00,-999.00,-999.00,502657.27,7.36,-3.26,2.04,119.26,105.10,112.18,1,22.86,3.00,0.17,272.59,240.77,1679.29,1699.23
Scandentia,Tupaiidae,Tupaia,javanica,tupaia javanica,-999.00,-999.00,-999.00,-999.00,-999.00,-999.00,-999.00,-999.00,-999.00,-999.00,-999.00,-999.00,-999.00,-999.00,-999.00,2.95,-999.00,-999.00,-999.00,-999.00,-999.00,-999.00,-999.00,-999.00,-999,-999.00,-999,-999.00,-999.00,-999.00,1297,-999.00,-999.00,-999.00,-999.00,146194.77,1.53,-8.84,-3.65,115.71,97.05,106.38,35,656.75,36.00,0.06,223.00,242.50,1506.88,1712.16
Scandentia,Tupaiidae,Tupaia,longipes,tupaia longipes,3.00,168.05,-999.00,185.00,-999.00,-999.00,-999.00,-999.00,5.00,-999.00,-999.00,2.00,-999.00,-999.00,-999.00,1.50,-999.00,144.00,-999.00,-999.00,-999.00,-999.00,-999.00,-999.00,-999,2.00,2,-999.00,-999.00,-999.00,1015;2152,-999.00,-999.00,-999.00,-999.00,714870.49,7.03,-4.18,1.42,118.99,108.90,113.95,1,27.10,3.00,0.18,260.99,244.55,1680.64,1711.03
Scandentia,Tupaiidae,Tupaia,minor,tupaia minor,3.00,70.00,-999.00,185.00,-999.00,-999.00,-999.00,-999.00,4.00,-999.00,-999.00,-999.00,-999.00,-999.00,-999.00,1.93,-999.00,-999.00,-999.00,-999.00,-999.00,-999.00,-999.00,-999.00,-999,-999.00,2,-999.00,-999.00,-999.00,1297;2152;2655,-999.00,-999.00,-999.00,-999.00,1286356.26,9.33,-5.94,1.69,118.78,95.18,106.98,1,73.41,4.00,0.15,241.37,248.57,1683.73,1745.68
Scandentia,Tupaiidae,Tupaia,moellendorffi,tupaia moellendorffi,-999.00,-999.00,-999.00,-999.00,-999.00,-999.00,-999.00,-999.00,-999.00,-999.00,-999.00,-999.00,-999.00,-999.00,-999.00,-999.00,-999.00,-999.00,-999.00,-999.00,-999.00,-999.00,-999.00,-999.00,-999,-999.00,-999,-999.00,-999.00,-999.00,-999,-999.00,-999.00,-999.00,-999.00,1403.25,12.33,10.79,11.56,121.08,119.84,120.46,29,104.83,29.00,0.21,-999.00,-999.00,-999.00,-999.00
Scandentia,Tupaiidae,Tupaia,montana,tupaia montana,3.00,168.05,-999.00,185.00,-999.00,-999.00,-999.00,-999.00,4.00,-999.00,48.99,1.00,-999.00,-999.00,-999.00,2.01,-999.00,-999.00,11.00,-999.00,-999.00,-999.00,-999.00,-999.00,-999,1.00,2,27.84,-999.00,-999.00,899;1297;2152;2655,-999.00,-999.00,-999.00,-999.00,62408.01,7.03,3.85,5.44,117.93,113.82,115.87,3,45.11,3.50,0.24,267.88,237.74,1780.53,1838.59
Scandentia,Tupaiidae,Tupaia,nicobarica,tupaia nicobarica,-999.00,170.25,-999.00,-999.00,-999.00,-999.00,-999.00,-999.00,-999.00,-999.00,-999.00,-999.00,-999.00,-999.00,-999.00,0.96,-999.00,-999.00,-999.00,-999.00,-999.00,-999.00,-999.00,-999.00,-999,-999.00,-999,-999.00,-999.00,-999.00,1297;2655,-999.00,-999.00,-999.00,-999.00,1115.80,7.44,6.74,7.09,93.95,93.61,93.78,14,14.00,14.00,0.16,-999.00,-999.00,-999.00,-999.00
Scandentia,Tupaiidae,Tupaia,palawanensis,tupaia palawanensis,3.00,168.05,-999.00,185.00,-999.00,-999.00,-999.00,-999.00,4.00,-999.00,-999.00,-999.00,-999.00,-999.00,-999.00,-999.00,-999.00,-999.00,-999.00,-999.00,-999.00,-999.00,-999.00,-999.00,-999,-999.00,2,-999.00,-999.00,-999.00,2152,-999.00,-999.00,-999.00,-999.00,11882.47,11.42,7.80,9.61,119.71,116.93,118.32,22,44.59,23.50,0.21,224.00,249.78,-999.00,-999.00
Scandentia,Tupaiidae,Tupaia,picta,tupaia picta,3.00,168.05,-999.00,185.00,-999.00,-999.00,-999.00,-999.00,4.00,-999.00,-999.00,-999.00,-999.00,-999.00,-999.00,-999.00,-999.00,-999.00,-999.00,-999.00,-999.00,-999.00,-999.00,-999.00,-999,-999.00,2,-999.00,-999.00,-999.00,2152,-999.00,-999.00,-999.00,-999.00,130848.12,4.86,-2.90,0.98,118.99,113.20,116.10,1,18.50,2.00,0.23,261.79,237.26,1696.65,1714.62
Scandentia,Tupaiidae,Tupaia,splendidula,tupaia splendidula,3.00,168.05,-999.00,185.00,-999.00,-999.00,-999.00,-999.00,4.00,-999.00,-999.00,-999.00,-999.00,-999.00,-999.00,-999.00,-999.00,-999.00,-999.00,-999.00,-999.00,-999.00,-999.00,-999.00,-999,-999.00,2,-999.00,-999.00,-999.00,2152,-999.00,-999.00,-999.00,-999.00,170822.40,4.77,-4.18,0.29,116.54,107.93,112.23,10,31.35,12.00,0.13,229.89,258.16,1693.49,1745.79
Scandentia,Tupaiidae,Tupaia,tana,tupaia tana,3.00,182.33,-999.00,185.00,-999.00,-999.00,-999.00,-999.00,4.00,-999.00,-999.00,-999.00,-999.00,-999.00,-999.00,2.51,-999.00,-999.00,-999.00,-999.00,-999.00,-999.00,-999.00,-999.00,-999,-999.00,2,54.56,-999.00,-999.00,679;1297;2152;2655,-999.00,-999.00,-999.00,-999.00,1167155.84,7.36,-5.94,0.70,119.26,95.18,107.22,1,51.80,4.00,0.16,248.43,247.84,1687.55,1736.43
Cetacea,Delphinidae,Tursiops,aduncus,tursiops aduncus,-999.00,-999.00,-999.00,2366.00,-999.00,-999.00,-999.00,-999.00,2.00,-999.00,365.00,-999.00,-999.00,-999.00,1095.00,-999.00,-999.00,-999.00,9828.52,878.91,-999.00,64.00,4544.15,-999.00,-999,-999.00,3,638.75,-999.00,-999.00,712,287499.41,0.63,-999.00,-999.00,-999.00,-999.00,-999.00,-999.00,-999.00,-999.00,-999.00,-999,-999.00,-999.00,-999.00,-999.00,-999.00,-999.00,-999.00
Cetacea,Delphinidae,Tursiops,truncatus,tursiops truncatus,-999.00,281040.55,-999.00,3257.91,-999.00,1825.00,-999.00,-999.00,2.00,-999.00,365.00,1.00,52.77,84.99,747.48,0.98,-999.00,552.00,24369.60,1050.00,0.20,7.00,3354.80,10.00,-999,-999.00,3,544.40,-999.00,-999.00,5;6;56;146;150;171;172;218;290;382;385;389;538;543;552;712;890;1004;1217;1297;2151;2655,-999.00,0.76,-999.00,-999.00,-999.00,-999.00,-999.00,-999.00,-999.00,-999.00,-999.00,-999,-999.00,-999.00,-999.00,-999.00,-999.00,-999.00,-999.00
Rodentia,Cricetidae,Tylomys,bullaris,tylomys bullaris,-999.00,280.00,-999.00,-999.00,-999.00,-999.00,-999.00,-999.00,-999.00,-999.00,-999.00,-999.00,-999.00,-999.00,-999.00,-999.00,-999.00,-999.00,-999.00,-999.00,-999.00,-999.00,-999.00,-999.00,-999,-999.00,-999,-999.00,-999.00,-999.00,2655,-999.00,-999.00,-999.00,-999.00,1184.64,16.93,16.57,16.75,-92.93,-93.28,-93.11,110,130.00,110.00,0.06,67.50,191.00,1201.50,1562.00
Rodentia,Cricetidae,Tylomys,fulviventer,tylomys fulviventer,-999.00,-999.00,-999.00,-999.00,-999.00,-999.00,-999.00,-999.00,-999.00,-999.00,-999.00,-999.00,-999.00,-999.00,-999.00,-999.00,-999.00,-999.00,-999.00,-999.00,-999.00,-999.00,-999.00,-999.00,-999,-999.00,-999,-999.00,-999.00,-999.00,-999,-999.00,-999.00,-999.00,-999.00,105.37,7.91,7.81,7.86,-77.33,-77.44,-77.39,6,6.00,6.00,0.00,226.00,253.00,1556.00,1648.00
Rodentia,Cricetidae,Tylomys,mirae,tylomys mirae,1.00,183.60,-999.00,-999.00,-999.00,-999.00,-999.00,-999.00,1.00,-999.00,-999.00,1.00,-999.00,-999.00,-999.00,-999.00,-999.00,-999.00,-999.00,-999.00,-999.00,-999.00,-999.00,-999.00,-999,2.00,3,-999.00,-999.00,-999.00,2151;2655,-999.00,-999.00,-999.00,-999.00,108833.01,4.31,-0.36,1.97,-73.83,-79.13,-76.48,2,85.46,6.00,0.11,142.95,196.93,1501.37,1568.36
Rodentia,Cricetidae,Tylomys,nudicaudus,tylomys nudicaudus,3.00,181.65,-999.00,-999.00,11.00,-999.00,-999.00,-999.00,-999.00,-999.00,39.51,1.00,-999.00,-999.00,39.00,2.47,5.53,64.80,19.90,84.30,-999.00,-999.00,102.04,-999.00,-999,-999.00,-999,26.29,40.00,-999.00,543;1297;2655;2830,-999.00,-999.00,-999.00,-999.00,480905.77,20.70,10.95,15.82,-84.37,-99.80,-92.09,3,73.88,8.00,0.12,139.27,221.72,1230.33,1624.97
Rodentia,Cricetidae,Tylomys,panamensis,tylomys panamensis,-999.00,-999.00,-999.00,-999.00,-999.00,-999.00,-999.00,-999.00,-999.00,-999.00,-999.00,-999.00,-999.00,-999.00,-999.00,-999.00,-999.00,-999.00,-999.00,-999.00,-999.00,-999.00,-999.00,-999.00,-999,-999.00,-999,-999.00,-999.00,-999.00,-999,-999.00,-999.00,-999.00,-999.00,3614.75,8.04,7.28,7.66,-77.47,-78.21,-77.84,2,3.50,2.00,0.05,223.22,247.99,1546.27,1716.90
Rodentia,Cricetidae,Tylomys,tumbalensis,tylomys tumbalensis,-999.00,280.00,-999.00,-999.00,-999.00,-999.00,-999.00,-999.00,-999.00,-999.00,-999.00,-999.00,-999.00,-999.00,-999.00,-999.00,-999.00,-999.00,-999.00,-999.00,-999.00,-999.00,-999.00,-999.00,-999,-999.00,-999,-999.00,-999.00,-999.00,2655,-999.00,-999.00,-999.00,-999.00,208.64,17.37,17.22,17.29,-92.24,-92.39,-92.31,68,68.00,68.00,0.06,107.00,233.00,1411.00,1549.00
Rodentia,Cricetidae,Tylomys,watsoni,tylomys watsoni,-999.00,-999.00,-999.00,-999.00,-999.00,-999.00,-999.00,-999.00,-999.00,-999.00,-999.00,-999.00,-999.00,-999.00,-999.00,2.91,-999.00,-999.00,-999.00,-999.00,-999.00,-999.00,-999.00,-999.00,-999,-999.00,-999,-999.00,-999.00,-999.00,1297,-999.00,-999.00,-999.00,-999.00,104864.26,10.88,7.19,9.04,-77.25,-85.87,-81.56,3,40.50,5.00,0.10,220.68,250.39,1364.15,1781.03
Chiroptera,Vespertilionidae,Tylonycteris,pachypus,tylonycteris pachypus,-999.00,4.10,26.24,-999.00,-999.00,365.00,-999.00,-999.00,1.00,-999.00,90.88,1.00,-999.00,-999.00,-999.00,1.92,1.00,-999.00,0.60,-999.00,-999.00,5.00,-999.00,-999.00,-999,2.00,3,58.46,2.93,-999.00,185;196;1297;1384;1439;1621;1652;1658;1784;1972;2143;2151;2655;2719;3023,-999.00,-999.00,-999.00,-999.00,4251795.63,28.55,-8.96,9.79,128.34,74.10,101.22,1,154.95,5.00,0.11,184.32,229.24,1277.53,1550.05
Chiroptera,Vespertilionidae,Tylonycteris,robustula,tylonycteris robustula,-999.00,7.98,27.99,-999.00,-999.00,365.00,-999.00,-999.00,1.00,-999.00,90.88,1.00,-999.00,-999.00,-999.00,2.00,1.00,-999.00,1.25,-999.00,-999.00,4.00,140.97,-999.00,-999,2.00,3,-999.00,6.44,-999.00,185;196;1297;1384;1621;1652;1658;1784;1972;2143;2151;2655;2719;3023,-999.00,-999.00,-999.00,-999.00,2491915.89,26.43,-10.14,8.14,126.29,92.83,109.56,1,146.00,9.00,0.09,183.30,231.27,1283.27,1577.24
Rodentia,Octodontidae,Tympanoctomys,barrerae,tympanoctomys barrerae,1.00,86.02,-999.00,128.53,6.00,-999.00,73.18,71.40,1.00,-999.00,-999.00,2.00,-999.00,-999.00,-999.00,-999.00,-999.00,-999.00,4.00,-999.00,-999.00,-999.00,-999.00,1.00,-999,1.00,1,-999.00,-999.00,-999.00,424;793;890;1822;2151;2655;2861,-999.00,-999.00,-999.00,-999.00,6195.04,-33.20,-38.08,-35.64,-66.92,-69.56,-68.24,0,2.50,0.00,0.03,31.67,145.86,400.29,837.50
Rodentia,Platacanthomyidae,Typhlomys,cinereus,typhlomys cinereus,-999.00,-999.00,-999.00,-999.00,-999.00,-999.00,-999.00,-999.00,-999.00,-999.00,-999.00,-999.00,-999.00,-999.00,-999.00,-999.00,-999.00,-999.00,-999.00,-999.00,-999.00,-999.00,-999.00,-999.00,-999,-999.00,-999,-999.00,-999.00,-999.00,-999,-999.00,-999.00,-999.00,-999.00,643812.54,34.22,21.15,27.69,119.89,100.69,110.29,9,166.82,50.50,0.07,104.31,147.30,995.38,1086.72
Carnivora,Felidae,Uncia,uncia,uncia uncia,2.00,32500.00,-999.00,1146.57,7.03,-999.00,-999.00,-999.00,1.00,-999.00,100.95,1.00,22.72,24.07,365.00,2.12,-999.00,216.00,442.60,-999.00,0.07,-999.00,841.82,-999.00,-999,1.00,3,101.42,-999.00,-999.00,543;1113;1573;2655,-999.00,1.10,-999.00,-999.00,2744453.48,53.26,27.11,40.19,106.08,66.21,86.14,0,12.36,0.00,0.07,43.86,-46.81,358.22,764.56
Rodentia,Muridae,Uranomys,ruddi,uranomys ruddi,-999.00,35.48,-999.00,92.95,-999.00,-999.00,-999.00,-999.00,-999.00,-999.00,-999.00,-999.00,-999.00,-999.00,-999.00,4.07,-999.00,-999.00,-999.00,-999.00,189.55,-999.00,-999.00,-999.00,-999,-999.00,-999,-999.00,-999.00,-999.00,456;730;1254;1297;2655,-999.00,-999.00,-999.00,-999.00,2843093.77,13.88,-22.08,-4.09,36.78,-16.82,9.98,1,65.19,4.00,0.12,116.61,253.60,1050.33,1570.24
Carnivora,Canidae,Urocyon,cinereoargenteus,urocyon cinereoargenteus,2.00,3833.71,-999.00,601.70,9.75,-999.00,-999.00,-999.00,6.00,210.00,61.48,1.00,1.83,1.94,365.00,3.71,-999.00,180.00,103.68,-999.00,2.41,-999.00,350.76,-999.00,6,1.00,2,63.79,-999.00,-999.00,543;730;1113;1297;1573;2151;2338;2620;2655,-999.00,1.10,-999.00,-999.00,9010481.09,49.72,2.54,26.13,-65.36,-124.56,-94.96,0,52.72,0.00,0.08,69.98,148.41,739.72,1097.73
Carnivora,Canidae,Urocyon,littoralis,urocyon littoralis,2.00,1923.00,-999.00,471.23,10.50,-999.00,-999.00,-999.00,6.00,150.00,53.70,1.00,0.42,0.45,365.00,2.17,-999.00,96.00,100.00,-999.00,7.00,-999.00,361.52,-999.00,-999,1.00,2,-999.00,-999.00,-999.00,542;1113;1573;2655,-999.00,1.10,-999.00,-999.00,511.92,34.08,33.89,33.98,-119.52,-120.45,-119.98,2,82.01,2.00,6.37097046717771e-03,-999.00,-999.00,-999.00,-999.00
Chiroptera,Phyllostomidae,Uroderma,bilobatum,uroderma bilobatum,-999.00,16.28,42.03,-999.00,-999.00,-999.00,26.56,16.20,3.00,-999.00,130.88,1.00,-999.00,-999.00,-999.00,0.99,2.00,-999.00,-999.00,-999.00,-999.00,30.50,-999.00,-999.00,-999,2.00,2,40.58,8.14,-999.00,108;158;160;196;889;1297;1658;1783;1784;1822;1948;2143;2151;2295;2622;2655;2719;2751;2852;3023,-999.00,-999.00,-999.00,-999.00,12877448.68,19.15,-25.48,-3.16,-34.79,-95.39,-65.09,0,27.68,0.00,0.12,152.59,237.52,1293.07,1542.99
Chiroptera,Phyllostomidae,Uroderma,magnirostrum,uroderma magnirostrum,-999.00,17.30,41.49,-999.00,-999.00,-999.00,-999.00,-999.00,1.00,-999.00,-999.00,1.00,-999.00,-999.00,-999.00,0.98,-999.00,-999.00,-999.00,-999.00,-999.00,-999.00,-999.00,-999.00,-999,2.00,1,-999.00,-999.00,-999.00,889;1297;1658;2151;2622;2655;3037,-999.00,-999.00,-999.00,-999.00,10432701.36,18.16,-19.29,-0.56,-34.79,-101.65,-68.22,0,18.77,0.00,0.12,159.27,243.82,1326.68,1570.21
Scandentia,Tupaiidae,Urogale,everetti,urogale everetti,-999.00,300.79,-999.00,195.00,-999.00,-999.00,224.11,260.60,4.00,-999.00,55.49,-999.00,-999.00,-999.00,-999.00,1.69,-999.00,138.00,19.97,129.99,-999.00,-999.00,-999.00,-999.00,-999,-999.00,2,30.24,-999.00,-999.00,543;679;1297;1822;2152;2655,-999.00,-999.00,-999.00,-999.00,96031.85,10.47,5.55,8.01,126.60,121.89,124.24,33,161.55,55.00,0.11,170.68,236.39,1567.81,1734.24
Rodentia,Muridae,Uromys,anak,uromys anak,-999.00,745.38,-999.00,310.32,-999.00,-999.00,-999.00,-999.00,3.00,-999.00,-999.00,2.00,-999.00,-999.00,-999.00,4.30,-999.00,-999.00,-999.00,-999.00,-999.00,-999.00,-999.00,-999.00,4,2.00,1,-999.00,-999.00,-999.00,456;661;977;2152;2655;2803,-999.00,-999.00,-999.00,-999.00,187554.86,-3.19,-10.01,-6.60,149.44,135.59,142.51,1,10.58,2.00,0.13,262.10,199.72,1689.44,1712.76
Rodentia,Muridae,Uromys,boeadii,uromys boeadii,-999.00,-999.00,-999.00,-999.00,-999.00,-999.00,-999.00,-999.00,-999.00,-999.00,-999.00,-999.00,-999.00,-999.00,-999.00,-999.00,-999.00,-999.00,-999.00,-999.00,-999.00,-999.00,-999.00,-999.00,-999,-999.00,-999,-999.00,-999.00,-999.00,-999,-999.00,-999.00,-999.00,-999.00,-999.00,-999.00,-999.00,-999.00,-999.00,-999.00,-999.00,-999,-999.00,-999.00,-999.00,-999.00,-999.00,-999.00,-999.00
Rodentia,Muridae,Uromys,caudimaculatus,uromys caudimaculatus,3.00,644.42,-999.00,283.01,-999.00,-999.00,570.83,812.00,6.00,-999.00,38.85,2.00,-999.00,-999.00,-999.00,1.46,-999.00,-999.00,20.00,-999.00,-999.00,-999.00,184.63,-999.00,4,2.00,2,40.00,-999.00,234.98,456;661;977;1297;1822;2152;2655;2803,-999.00,-999.00,-999.00,285.24,563894.10,-7.690122e-03,-18.49,-9.25,151.29,130.20,140.75,0,6.55,0.00,0.13,231.39,234.95,1544.47,1698.58
Rodentia,Muridae,Uromys,emmae,uromys emmae,-999.00,-999.00,-999.00,-999.00,-999.00,-999.00,-999.00,-999.00,-999.00,-999.00,-999.00,-999.00,-999.00,-999.00,-999.00,-999.00,-999.00,-999.00,-999.00,-999.00,-999.00,-999.00,-999.00,-999.00,-999,-999.00,-999,-999.00,-999.00,-999.00,-999,-999.00,-999.00,-999.00,-999.00,-999.00,-999.00,-999.00,-999.00,-999.00,-999.00,-999.00,-999,-999.00,-999.00,-999.00,-999.00,-999.00,-999.00,-999.00
Rodentia,Muridae,Uromys,hadrourus,uromys hadrourus,-999.00,149.11,-999.00,134.99,-999.00,-999.00,-999.00,-999.00,1.00,-999.00,-999.00,-999.00,-999.00,-999.00,-999.00,3.00,-999.00,-999.00,-999.00,-999.00,-999.00,-999.00,-999.00,-999.00,-999,-999.00,1,18.60,-999.00,-999.00,899;2655,-999.00,-999.00,-999.00,-999.00,6687.39,-15.65,-18.07,-16.86,145.61,144.53,145.07,0,1.37,0.00,0.00,123.43,210.80,1161.29,1701.41
Rodentia,Muridae,Uromys,imperator,uromys imperator,-999.00,1000.00,-999.00,-999.00,-999.00,-999.00,-999.00,-999.00,-999.00,-999.00,-999.00,-999.00,-999.00,-999.00,-999.00,-999.00,-999.00,-999.00,-999.00,-999.00,-999.00,-999.00,-999.00,-999.00,4,-999.00,-999,-999.00,-999.00,248.54,2655;2803,-999.00,-999.00,-999.00,329.06,5496.09,-9.24,-9.94,-9.59,160.83,159.58,160.20,13,13.00,13.00,0.18,200.00,247.50,-999.00,-999.00
Rodentia,Muridae,Uromys,neobritannicus,uromys neobritannicus,-999.00,612.49,-999.00,-999.00,-999.00,-999.00,-999.00,-999.00,-999.00,-999.00,-999.00,-999.00,-999.00,-999.00,-999.00,-999.00,-999.00,-999.00,-999.00,-999.00,-999.00,-999.00,-999.00,-999.00,4,-999.00,-999,-999.00,-999.00,-999.00,2655;2803,-999.00,-999.00,-999.00,-999.00,-999.00,-999.00,-999.00,-999.00,-999.00,-999.00,-999.00,-999,-999.00,-999.00,-999.00,-999.00,-999.00,-999.00,-999.00
Rodentia,Muridae,Uromys,porculus,uromys porculus,-999.00,-999.00,-999.00,216.22,-999.00,-999.00,-999.00,-999.00,-999.00,-999.00,-999.00,-999.00,-999.00,-999.00,-999.00,-999.00,-999.00,-999.00,-999.00,-999.00,-999.00,-999.00,-999.00,-999.00,4,-999.00,-999,-999.00,-999.00,-999.00,2803,287.54,-999.00,-999.00,-999.00,-999.00,-999.00,-999.00,-999.00,-999.00,-999.00,-999.00,-999,-999.00,-999.00,-999.00,-999.00,-999.00,-999.00,-999.00
Rodentia,Muridae,Uromys,rex,uromys rex,-999.00,419.99,-999.00,260.03,-999.00,-999.00,-999.00,-999.00,-999.00,-999.00,-999.00,-999.00,-999.00,-999.00,-999.00,-999.00,-999.00,-999.00,-999.00,-999.00,-999.00,-999.00,-999.00,-999.00,4,-999.00,-999,-999.00,-999.00,-999.00,2655;2803,-999.00,-999.00,-999.00,-999.00,5496.09,-9.24,-9.94,-9.59,160.83,159.58,160.20,13,13.00,13.00,0.18,200.00,247.50,-999.00,-999.00
Rodentia,Muridae,Uromys,siebersi,uromys siebersi,-999.00,-999.00,-999.00,275.19,-999.00,-999.00,-999.00,-999.00,-999.00,-999.00,-999.00,-999.00,-999.00,-999.00,-999.00,-999.00,-999.00,-999.00,-999.00,-999.00,-999.00,-999.00,-999.00,-999.00,-999,-999.00,-999,-999.00,-999.00,-999.00,2803,576.86,-999.00,-999.00,-999.00,-999.00,-999.00,-999.00,-999.00,-999.00,-999.00,-999.00,-999,-999.00,-999.00,-999.00,-999.00,-999.00,-999.00,-999.00
Soricomorpha,Talpidae,Uropsilus,andersoni,uropsilus andersoni,-999.00,-999.00,-999.00,-999.00,-999.00,-999.00,-999.00,-999.00,-999.00,-999.00,-999.00,-999.00,-999.00,-999.00,-999.00,-999.00,-999.00,-999.00,-999.00,-999.00,-999.00,-999.00,-999.00,-999.00,-999,-999.00,-999,-999.00,-999.00,-999.00,-999,-999.00,-999.00,-999.00,-999.00,10488.24,29.48,28.57,29.02,104.19,102.66,103.42,69,197.60,69.00,0.05,131.36,123.97,888.87,932.66
Soricomorpha,Talpidae,Uropsilus,gracilis,uropsilus gracilis,-999.00,-999.00,-999.00,-999.00,-999.00,-999.00,-999.00,-999.00,-999.00,-999.00,-999.00,-999.00,-999.00,-999.00,-999.00,-999.00,-999.00,-999.00,-999.00,-999.00,-999.00,-999.00,-999.00,-999.00,-999,-999.00,-999,-999.00,-999.00,-999.00,-999,-999.00,-999.00,-999.00,-999.00,502188.85,34.46,23.86,29.16,110.24,97.49,103.87,1,131.36,4.00,0.06,108.82,85.07,868.66,1003.21
Soricomorpha,Talpidae,Uropsilus,investigator,uropsilus investigator,-999.00,-999.00,-999.00,75.00,-999.00,-999.00,-999.00,-999.00,-999.00,-999.00,-999.00,-999.00,-999.00,-999.00,-999.00,-999.00,-999.00,-999.00,-999.00,-999.00,-999.00,-999.00,-999.00,-999.00,-999,-999.00,-999,-999.00,-999.00,-999.00,2741,13.52,-999.00,-999.00,-999.00,363.35,28.10,27.89,28.00,98.72,98.51,98.61,7,11.00,7.00,0.11,187.98,8.51,889.04,1034.13
Soricomorpha,Talpidae,Uropsilus,soricipes,uropsilus soricipes,-999.00,16.00,-999.00,72.69,-999.00,-999.00,-999.00,-999.00,1.00,-999.00,-999.00,1.00,-999.00,-999.00,-999.00,-999.00,-999.00,-999.00,-999.00,-999.00,-999.00,-999.00,-999.00,-999.00,-999,1.00,3,-999.00,-999.00,-999.00,2131;2655;2741,-999.00,-999.00,-999.00,-999.00,240300.08,34.54,25.38,29.96,110.38,99.22,104.80,3,114.37,4.00,0.06,92.15,59.06,747.48,911.11
Soricomorpha,Talpidae,Urotrichus,talpoides,urotrichus talpoides,2.00,18.20,-999.00,89.99,-999.00,-999.00,-999.00,-999.00,2.00,-999.00,36.05,2.00,1.791593e-03,2.17889e-03,-999.00,3.49,1.25,42.00,-999.00,-999.00,4999.99,2.00,371.23,-999.00,-999,1.00,2,27.79,-999.00,-999.00,1297;1438;1451;2131;2655;2741;2786;3107,-999.00,-999.00,-999.00,-999.00,284142.56,41.54,30.98,36.26,142.07,129.55,135.81,74,382.65,100.00,8.95406607247756e-03,145.01,105.61,784.99,830.18
Carnivora,Ursidae,Ursus,americanus,ursus americanus,3.00,110500.00,-999.00,1380.87,38.86,1797.62,24365.40,110500.00,1.00,483.00,213.95,1.00,31.25,34.07,821.25,2.39,-999.00,384.00,293.99,-999.00,0.72,-999.00,1448.45,-999.00,-999,1.00,1,167.99,-999.00,-999.00,367;542;543;730;1113;1297;1573;2338;2620;2655,-999.00,0.73,-999.00,-999.00,9650153.48,71.58,23.55,47.57,179.99,-179.99,0.00,0,11.45,0.00,0.05,51.94,3.89,392.57,516.74
Carnivora,Ursidae,Ursus,arctos,ursus arctos,2.00,196287.50,-999.00,1484.07,31.82,1460.00,20790.60,162428.57,6.00,912.49,227.56,1.00,310.81,333.82,912.50,2.24,-999.00,600.00,499.99,-999.00,0.02,-999.00,1327.95,-999.00,-999,1.00,2,182.50,26000.00,-999.00,367;542;543;730;1113;1297;1573;2338;2620;2655,-999.00,0.69,-999.00,-999.00,23972321.42,72.38,29.14,50.76,179.99,-168.12,5.93,0,14.85,0.00,4.33096329098736e-03,35.01,-46.56,292.87,408.25
Carnivora,Ursidae,Ursus,maritimus,ursus maritimus,3.00,371703.81,-999.00,1992.55,34.12,1825.00,44346.00,365000.00,3.00,820.99,64.66,1.00,77270.47,82990.48,831.67,1.66,-999.00,458.40,670.48,-999.00,7.048404e-03,1.00,1850.26,-999.00,4,1.00,2,205.17,8500.00,-999.00,367;542;543;730;1015;1113;1297;2655,-999.00,0.72,-999.00,-999.00,-999.00,-999.00,-999.00,-999.00,-999.00,-999.00,-999.00,-999,-999.00,-999.00,-999.00,-999.00,-999.00,-999.00,-999.00
Carnivora,Ursidae,Ursus,thibetanus,ursus thibetanus,2.00,99714.19,-999.00,1505.70,7.03,1095.00,-999.00,-999.00,3.00,912.49,199.92,1.00,0.70,0.83,365.00,1.50,-999.00,422.00,357.50,-999.00,-999.00,-999.00,1015.00,-999.00,-999,1.00,1,82.01,-999.00,-999.00,543;1113;1297;2655,-999.00,1.10,-999.00,-999.00,5348705.49,50.50,6.05,28.27,142.07,62.64,102.35,0,156.32,2.00,0.08,111.63,126.64,861.13,1144.42
Chiroptera,Phyllostomidae,Vampyressa,bidens,vampyressa bidens,-999.00,11.91,35.57,-999.00,-999.00,-999.00,-999.00,-999.00,-999.00,-999.00,-999.00,1.00,-999.00,-999.00,-999.00,0.98,-999.00,-999.00,0.61,22.52,-999.00,-999.00,-999.00,-999.00,-999,2.00,-999,-999.00,-999.00,-999.00,751;1297;1658;2151;2622;2655,-999.00,-999.00,-999.00,-999.00,6977521.45,9.53,-17.12,-3.79,-46.74,-79.62,-63.18,0,8.47,0.00,0.13,173.85,239.75,1412.81,1576.53
Chiroptera,Phyllostomidae,Vampyressa,brocki,vampyressa brocki,-999.00,48.00,33.50,-999.00,-999.00,-999.00,-999.00,-999.00,-999.00,-999.00,-999.00,1.00,-999.00,-999.00,-999.00,-999.00,-999.00,-999.00,-999.00,-999.00,-999.00,-999.00,-999.00,-999.00,-999,2.00,-999,-999.00,-999.00,-999.00,1658;2151;2622,-999.00,-999.00,-999.00,-999.00,813032.62,7.06,-5.53,0.76,-54.07,-71.77,-62.92,0,1.96,0.00,0.11,171.14,258.51,1514.43,1648.90
Chiroptera,Phyllostomidae,Vampyressa,melissa,vampyressa melissa,-999.00,16.58,38.00,-999.00,-999.00,-999.00,-999.00,-999.00,-999.00,-999.00,-999.00,1.00,-999.00,-999.00,-999.00,0.98,-999.00,-999.00,-999.00,-999.00,-999.00,-999.00,-999.00,-999.00,-999,2.00,-999,-999.00,-999.00,-999.00,1297;1658;2151;2622;2655,-999.00,-999.00,-999.00,-999.00,521452.78,5.77,-5.24,0.26,-51.66,-76.44,-64.05,0,1.45,0.00,0.10,240.44,257.98,1473.03,1521.41
Chiroptera,Phyllostomidae,Vampyressa,nymphaea,vampyressa nymphaea,-999.00,69.00,36.50,-999.00,-999.00,-999.00,-999.00,-999.00,-999.00,-999.00,-999.00,1.00,-999.00,-999.00,-999.00,0.99,-999.00,-999.00,-999.00,-999.00,-999.00,-999.00,-999.00,-999.00,-999,2.00,-999,-999.00,-999.00,-999.00,1297;1658;2151;2622,-999.00,-999.00,-999.00,-999.00,118464.26,12.57,7.07,9.82,-77.23,-84.79,-81.01,2,36.13,3.00,0.10,230.23,249.61,1460.74,1751.05
Chiroptera,Phyllostomidae,Vampyressa,pusilla,vampyressa pusilla,-999.00,8.77,30.50,53.00,-999.00,-999.00,20.50,8.80,1.00,-999.00,-999.00,1.00,-999.00,-999.00,-999.00,0.98,2.00,-999.00,3.81,-999.00,-999.00,-999.00,-999.00,-999.00,-999,2.00,1,-999.00,-999.00,-999.00,108;196;706;890;892;1297;1658;1782;2151;2622;2655;2719,-999.00,-999.00,-999.00,-999.00,-999.00,-999.00,-999.00,-999.00,-999.00,-999.00,-999.00,-999,-999.00,-999.00,-999.00,-999.00,-999.00,-999.00,-999.00
Chiroptera,Phyllostomidae,Vampyressa,thyone,vampyressa thyone,-999.00,7.17,31.50,-999.00,-999.00,-999.00,-999.00,-999.00,-999.00,-999.00,-999.00,-999.00,-999.00,-999.00,-999.00,-999.00,-999.00,-999.00,1.02,24.33,-999.00,-999.00,-999.00,-999.00,-999,-999.00,-999,-999.00,-999.00,-999.00,2267;2708,-999.00,-999.00,-999.00,-999.00,-999.00,-999.00,-999.00,-999.00,-999.00,-999.00,-999.00,-999,-999.00,-999.00,-999.00,-999.00,-999.00,-999.00,-999.00
Chiroptera,Phyllostomidae,Vampyrodes,caraccioli,vampyrodes caraccioli,-999.00,35.89,52.05,-999.00,-999.00,-999.00,-999.00,-999.00,1.00,-999.00,-999.00,1.00,-999.00,-999.00,-999.00,0.98,2.00,-999.00,-999.00,-999.00,-999.00,3.50,-999.00,-999.00,-999,2.00,1,-999.00,-999.00,-999.00,108;196;890;1297;1658;1784;2143;2151;2622;2655;2751;3023;3040,-999.00,-999.00,-999.00,-999.00,8377468.83,18.42,-17.84,0.28,-46.70,-96.92,-71.81,0,15.57,0.00,0.13,172.08,241.37,1403.61,1586.43
Chiroptera,Phyllostomidae,Vampyrum,spectrum,vampyrum spectrum,-999.00,171.61,68.79,-999.00,-999.00,-999.00,-999.00,-999.00,2.00,-999.00,-999.00,1.00,-999.00,-999.00,-999.00,1.00,-999.00,78.00,-999.00,-999.00,-999.00,-999.00,-999.00,-999.00,-999,2.00,2,-999.00,-999.00,-999.00,108;196;889;984;1181;1297;1658;1784;2110;2143;2144;2151;2622;2655;2719;2751;3023,-999.00,-999.00,-999.00,-999.00,5565902.37,19.13,-20.64,-0.75,-51.51,-94.78,-73.14,0,27.09,0.00,0.13,155.53,232.02,1342.14,1562.35
Rodentia,Muridae,Vandeleuria,nilagirica,vandeleuria nilagirica,-999.00,-999.00,-999.00,-999.00,-999.00,-999.00,-999.00,-999.00,-999.00,-999.00,-999.00,-999.00,-999.00,-999.00,-999.00,-999.00,-999.00,-999.00,-999.00,-999.00,-999.00,-999.00,-999.00,-999.00,-999,-999.00,-999,-999.00,-999.00,-999.00,-999,-999.00,-999.00,-999.00,-999.00,-999.00,-999.00,-999.00,-999.00,-999.00,-999.00,-999.00,-999,-999.00,-999.00,-999.00,-999.00,-999.00,-999.00,-999.00
Rodentia,Muridae,Vandeleuria,nolthenii,vandeleuria nolthenii,-999.00,-999.00,-999.00,-999.00,-999.00,-999.00,-999.00,-999.00,-999.00,-999.00,-999.00,-999.00,-999.00,-999.00,-999.00,4.00,-999.00,-999.00,-999.00,-999.00,-999.00,-999.00,-999.00,-999.00,-999,-999.00,-999,-999.00,-999.00,-999.00,1297,-999.00,-999.00,-999.00,-999.00,14381.82,7.99,6.29,7.14,81.62,80.41,81.02,100,274.77,100.00,0.04,155.65,253.16,1536.25,1556.84
Rodentia,Muridae,Vandeleuria,oleracea,vandeleuria oleracea,-999.00,-999.00,-999.00,-999.00,-999.00,-999.00,-999.00,-999.00,-999.00,-999.00,-999.00,-999.00,-999.00,-999.00,-999.00,3.24,-999.00,-999.00,-999.00,-999.00,-999.00,-999.00,-999.00,-999.00,-999,-999.00,-999,-999.00,-999.00,-999.00,1297,-999.00,-999.00,-999.00,-999.00,4483397.06,29.60,5.91,17.76,109.06,72.50,90.78,1,267.47,11.00,0.09,127.71,232.99,930.85,1444.28
Primates,Lemuridae,Varecia,rubra,varecia rubra,-999.00,3872.60,-999.00,-999.00,-999.00,-999.00,-999.00,-999.00,-999.00,-999.00,-999.00,-999.00,-999.00,-999.00,-999.00,-999.00,-999.00,-999.00,-999.00,-999.00,-999.00,-999.00,-999.00,-999.00,-999,-999.00,-999,-999.00,-999.00,-999.00,1546,-999.00,-999.00,-999.00,-999.00,6367.02,-14.88,-15.99,-15.44,50.44,49.59,50.02,14,28.68,14.00,0.15,176.31,223.32,1470.97,1867.64
Primates,Lemuridae,Varecia,variegata,varecia variegata,2.00,3849.99,-999.00,547.35,-999.00,700.80,-999.00,-999.00,4.00,-999.00,102.50,2.00,1.39,1.97,365.00,2.16,-999.00,384.00,93.69,83.06,27.83,3.50,701.52,2.80,6,2.00,1,90.73,-999.00,-999.00,208;511;543;899;1046;1048;1261;1297;1544;1545;1546;1547;1848;2151;2344;2428;2489;2493;2655;2660;2986;3089,-999.00,1.10,-999.00,-999.00,60508.59,-15.11,-23.26,-19.18,49.83,46.68,48.25,5,45.33,8.00,0.18,188.58,199.00,1351.40,1563.99
Rodentia,Muridae,Vernaya,fulva,vernaya fulva,-999.00,-999.00,-999.00,-999.00,-999.00,-999.00,-999.00,-999.00,-999.00,-999.00,-999.00,-999.00,-999.00,-999.00,-999.00,-999.00,-999.00,-999.00,-999.00,-999.00,-999.00,-999.00,-999.00,-999.00,-999,-999.00,-999,-999.00,-999.00,-999.00,-999,-999.00,-999.00,-999.00,-999.00,133272.20,35.00,24.37,29.69,108.69,97.78,103.24,1,136.79,11.00,0.06,93.48,83.91,829.31,1003.65
Chiroptera,Vespertilionidae,Vespadelus,baverstocki,vespadelus baverstocki,-999.00,-999.00,30.08,-999.00,-999.00,-999.00,-999.00,-999.00,-999.00,-999.00,-999.00,1.00,-999.00,-999.00,-999.00,-999.00,-999.00,-999.00,-999.00,-999.00,-999.00,-999.00,-999.00,-999.00,-999,2.00,-999,-999.00,-999.00,-999.00,1835;2151,4.30,-999.00,-999.00,-999.00,1863120.68,-23.39,-35.10,-29.24,147.10,121.11,134.11,0,0.10,0.00,0.01,19.28,197.50,253.46,1232.17
Chiroptera,Vespertilionidae,Vespadelus,caurinus,vespadelus caurinus,-999.00,-999.00,-999.00,-999.00,-999.00,-999.00,-999.00,-999.00,-999.00,-999.00,-999.00,-999.00,-999.00,-999.00,-999.00,1.50,-999.00,-999.00,-999.00,-999.00,-999.00,-999.00,-999.00,-999.00,-999,-999.00,-999,36.41,-999.00,-999.00,1854,-999.00,-999.00,-999.00,-999.00,608744.02,-11.11,-19.25,-15.18,137.29,123.42,130.35,0,0.74,0.00,5.01253804495775e-03,70.36,268.34,772.23,1764.33
Chiroptera,Vespertilionidae,Vespadelus,darlingtoni,vespadelus darlingtoni,-999.00,6.06,34.00,-999.00,-999.00,-999.00,-999.00,-999.00,1.00,-999.00,-999.00,1.00,-999.00,-999.00,-999.00,-999.00,-999.00,-999.00,-999.00,-999.00,-999.00,-999.00,-999.00,-999.00,-999,2.00,3,-999.00,-999.00,-999.00,1658;1784;2143;2151;2186;2655;2846,-999.00,-999.00,-999.00,-999.00,495283.96,-27.14,-43.64,-35.39,159.11,136.53,147.82,0,29.99,1.00,0.04,65.24,135.85,622.39,1020.31
Chiroptera,Vespertilionidae,Vespadelus,douglasorum,vespadelus douglasorum,-999.00,4.99,35.99,-999.00,-999.00,-999.00,-999.00,-999.00,-999.00,-999.00,-999.00,1.00,-999.00,-999.00,-999.00,-999.00,-999.00,-999.00,-999.00,-999.00,-999.00,-999.00,-999.00,-999.00,-999,2.00,-999,-999.00,-999.00,-999.00,1658;2151;2622;2655,-999.00,-999.00,-999.00,-999.00,88721.66,-13.73,-17.07,-15.40,127.95,123.42,125.68,0,0.00,0.00,-999.00,76.59,278.47,790.93,1774.35
Chiroptera,Vespertilionidae,Vespadelus,finlaysoni,vespadelus finlaysoni,-999.00,-999.00,-999.00,-999.00,-999.00,-999.00,-999.00,-999.00,-999.00,-999.00,-999.00,-999.00,-999.00,-999.00,-999.00,-999.00,-999.00,-999.00,-999.00,-999.00,-999.00,-999.00,-999.00,-999.00,-999,-999.00,-999,-999.00,-999.00,-999.00,-999,-999.00,-999.00,-999.00,-999.00,3351207.49,-14.92,-32.51,-23.72,144.54,113.14,128.84,0,0.04,0.00,4.1197265880428e-03,24.47,221.69,324.15,1381.88
Chiroptera,Vespertilionidae,Vespadelus,pumilus,vespadelus pumilus,-999.00,5.40,31.50,-999.00,18.00,-999.00,-999.00,-999.00,1.00,-999.00,-999.00,1.00,-999.00,-999.00,-999.00,1.21,1.00,-999.00,0.83,-999.00,-999.00,-999.00,420.91,-999.00,-999,2.00,3,46.60,3.37,-999.00,196;1174;1297;1658;2143;2151;2655;2719,-999.00,-999.00,-999.00,-999.00,179988.93,-16.62,-34.11,-25.37,159.11,144.31,151.71,0,44.99,0.00,0.07,82.86,179.00,884.64,1343.27
Chiroptera,Vespertilionidae,Vespadelus,regulus,vespadelus regulus,-999.00,5.05,30.09,-999.00,-999.00,-999.00,-999.00,-999.00,1.00,-999.00,92.54,1.00,-999.00,-999.00,-999.00,1.00,1.00,-999.00,-999.00,-999.00,-999.00,-999.00,-999.00,-999.00,-999,2.00,3,60.41,-999.00,-999.00,1297;1618;1658;1784;1835;2143;2151;2186;2655;2846,-999.00,-999.00,-999.00,-999.00,1078384.63,-27.16,-43.64,-35.40,153.63,114.97,134.30,0,16.50,0.00,0.04,47.48,151.07,474.32,1049.18
Chiroptera,Vespertilionidae,Vespadelus,troughtoni,vespadelus troughtoni,-999.00,-999.00,-999.00,-999.00,-999.00,-999.00,-999.00,-999.00,-999.00,-999.00,-999.00,-999.00,-999.00,-999.00,-999.00,-999.00,-999.00,-999.00,-999.00,-999.00,-999.00,-999.00,-999.00,-999.00,-999,-999.00,-999,-999.00,-999.00,-999.00,-999,-999.00,-999.00,-999.00,-999.00,961524.54,-10.69,-36.55,-23.62,153.63,142.24,147.94,0,6.01,0.00,0.06,71.93,206.49,803.20,1467.10
Chiroptera,Vespertilionidae,Vespadelus,vulturnus,vespadelus vulturnus,-999.00,3.77,26.88,-999.00,-999.00,-999.00,-999.00,-999.00,1.00,-999.00,-999.00,1.00,-999.00,-999.00,-999.00,1.00,1.00,-999.00,-999.00,-999.00,-999.00,-999.00,-999.00,-999.00,-999,2.00,3,-999.00,-999.00,-999.00,1618;1658;1835;2143;2151;2186;2655;2846;2847,-999.00,-999.00,-999.00,-999.00,1456169.83,-24.78,-43.64,-34.21,153.63,138.09,145.86,0,12.35,0.00,0.03,46.90,165.23,518.04,1101.06
Chiroptera,Vespertilionidae,Vespertilio,murinus,vespertilio murinus,-999.00,15.42,44.84,-999.00,-999.00,-999.00,-999.00,-999.00,1.00,-999.00,52.14,1.00,-999.00,-999.00,-999.00,1.50,1.00,144.00,-999.00,-999.00,-999.00,-999.00,371.23,-999.00,-999,2.00,3,94.29,-999.00,-999.00,196;578;1297;1658;2143;2151;2519;2655;2719,-999.00,-999.00,-999.00,-999.00,11582955.40,61.20,34.29,47.75,137.64,4.94,71.29,0,45.97,1.00,0.02,34.99,40.46,367.71,588.14
Chiroptera,Vespertilionidae,Vespertilio,sinensis,vespertilio sinensis,-999.00,24.30,48.50,-999.00,10.00,-999.00,-999.00,-999.00,1.00,-999.00,52.14,1.00,-999.00,-999.00,-999.00,2.00,-999.00,-999.00,2.16,-999.00,-999.00,-999.00,-999.00,-999.00,-999,2.00,3,34.99,11.47,-999.00,185;1030;1297;1658;1704;2151;2622;2655,-999.00,-999.00,-999.00,-999.00,738710.66,49.95,21.90,35.92,142.07,108.26,125.16,1,309.79,1.00,0.02,74.05,72.35,660.06,752.01
Artiodactyla,Camelidae,Vicugna,vicugna,vicugna vicugna,-999.00,47499.61,-999.00,1575.00,-999.00,1140.62,-999.00,-999.00,1.00,-999.00,345.45,1.00,0.12,0.13,547.50,1.00,1.00,297.60,6082.92,-999.00,3.10,-999.00,941.19,-999.00,-999,1.00,1,309.89,-999.00,-999.00,543;613;730;890;899;1297;1848;2655,-999.00,-999.00,-999.00,-999.00,817999.23,-7.13,-31.87,-19.50,-65.41,-77.97,-71.69,0,10.74,0.00,0.06,60.49,38.23,570.13,1282.79
Carnivora,Viverridae,Viverra,civettina,viverra civettina,1.00,12061.27,-999.00,843.04,-999.00,-999.00,-999.00,-999.00,6.00,-999.00,-999.00,1.00,-999.00,-999.00,-999.00,-999.00,-999.00,-999.00,-999.00,-999.00,-999.00,-999.00,-999.00,-999.00,-999,1.00,2,-999.00,-999.00,-999.00,1113,-999.00,-999.00,-999.00,-999.00,14075.26,12.72,9.01,10.87,77.14,75.41,76.27,176,521.43,176.00,0.06,192.47,257.89,1116.69,1667.26
Carnivora,Viverridae,Viverra,megaspila,viverra megaspila,-999.00,-999.00,-999.00,-999.00,-999.00,-999.00,-999.00,-999.00,-999.00,-999.00,-999.00,-999.00,-999.00,-999.00,-999.00,-999.00,-999.00,-999.00,-999.00,-999.00,-999.00,-999.00,-999.00,-999.00,-999,-999.00,-999,-999.00,-999.00,-999.00,-999,-999.00,-999.00,-999.00,-999.00,1595937.43,22.94,1.26,12.10,109.46,94.19,101.83,2,136.81,8.00,0.09,162.59,242.10,1169.97,1563.69
Carnivora,Viverridae,Viverra,tangalunga,viverra tangalunga,1.00,7349.99,-999.00,655.78,-999.00,-999.00,-999.00,-999.00,6.00,-999.00,-999.00,1.00,-999.00,-999.00,-999.00,1.92,-999.00,144.00,-999.00,-999.00,-999.00,-999.00,-999.00,-999.00,-999,1.00,2,-999.00,-999.00,-999.00,543;1113;1297;2655,-999.00,-999.00,-999.00,-999.00,1304276.80,7.03,-5.94,0.54,119.26,95.18,107.22,1,67.69,4.00,0.15,244.56,248.46,1686.79,1742.88
Carnivora,Viverridae,Viverra,zibetha,viverra zibetha,1.00,9148.77,-999.00,816.76,9.97,-999.00,-999.00,-999.00,6.00,-999.00,80.30,1.00,9.36,8.78,182.50,2.89,-999.00,240.00,-999.00,-999.00,-999.00,-999.00,-999.00,-999.00,-999,1.00,2,-999.00,-999.00,-999.00,543;1113;1297;1573;2655,-999.00,1.56,-999.00,-999.00,4064204.47,32.02,1.25,16.64,121.43,86.44,103.93,1,189.50,6.00,0.08,149.37,187.90,1080.02,1326.78
Carnivora,Viverridae,Viverricula,indica,viverricula indica,2.00,2918.88,-999.00,539.19,-999.00,-999.00,-999.00,-999.00,6.00,-999.00,-999.00,3.00,-999.00,-999.00,-999.00,3.74,-999.00,126.00,-999.00,-999.00,-999.00,1.50,-999.00,-999.00,-999,2.00,2,-999.00,-999.00,-999.00,543;1045;1113;1297;2151;2655,-999.00,-999.00,-999.00,-999.00,8147745.62,32.74,-8.96,11.89,122.00,66.75,94.37,0,262.87,12.00,0.09,126.95,216.69,966.54,1393.13
Rodentia,Nesomyidae,Voalavo,gymnocaudus,voalavo gymnocaudus,-999.00,-999.00,-999.00,-999.00,-999.00,-999.00,-999.00,-999.00,-999.00,-999.00,-999.00,-999.00,-999.00,-999.00,-999.00,-999.00,-999.00,-999.00,-999.00,-999.00,-999.00,-999.00,-999.00,-999.00,-999,-999.00,-999,-999.00,-999.00,-999.00,-999,-999.00,-999.00,-999.00,-999.00,-999.00,-999.00,-999.00,-999.00,-999.00,-999.00,-999.00,-999,-999.00,-999.00,-999.00,-999.00,-999.00,-999.00,-999.00
Rodentia,Cricetidae,Volemys,millicens,volemys millicens,-999.00,-999.00,-999.00,-999.00,-999.00,-999.00,-999.00,-999.00,-999.00,-999.00,-999.00,-999.00,-999.00,-999.00,-999.00,-999.00,-999.00,-999.00,-999.00,-999.00,-999.00,-999.00,-999.00,-999.00,-999,-999.00,-999,-999.00,-999.00,-999.00,-999,-999.00,-999.00,-999.00,-999.00,483932.57,32.49,23.64,28.07,104.32,93.66,98.99,1,61.76,2.00,0.06,141.56,41.84,782.93,992.79
Rodentia,Cricetidae,Volemys,musseri,volemys musseri,-999.00,-999.00,-999.00,-999.00,-999.00,-999.00,-999.00,-999.00,-999.00,-999.00,-999.00,-999.00,-999.00,-999.00,-999.00,-999.00,-999.00,-999.00,-999.00,-999.00,-999.00,-999.00,-999.00,-999.00,-999,-999.00,-999,-999.00,-999.00,-999.00,-999,-999.00,-999.00,-999.00,-999.00,3425.31,31.94,30.97,31.45,102.87,102.36,102.62,11,13.84,11.00,0.06,117.58,12.40,748.92,840.40
Diprotodontia,Vombatidae,Vombatus,ursinus,vombatus ursinus,1.00,26000.00,-999.00,986.78,-999.00,-999.00,-999.00,-999.00,3.00,-999.00,30.00,2.00,0.08,0.07,730.00,1.00,-999.00,313.20,0.49,-999.00,25.92,1.00,755.15,-999.00,-999,1.00,1,447.45,5700.00,-999.00,543;730;955;1015;1297;1573;1760;1848;2484;2655,-999.00,0.77,-999.00,-999.00,308388.60,-28.47,-43.64,-36.05,152.32,138.71,145.51,0,26.21,1.00,0.01,64.51,129.65,610.73,973.38
Carnivora,Mustelidae,Vormela,peregusna,vormela peregusna,2.00,594.13,-999.00,319.52,-999.00,-999.00,-999.00,-999.00,1.00,-999.00,60.83,1.00,-999.00,-999.00,365.00,5.07,-999.00,107.00,-999.00,-999.00,-999.00,-999.00,-999.00,-999.00,-999,1.00,3,-999.00,-999.00,-999.00,543;1113;1297;2655,-999.00,1.10,-999.00,-999.00,8883616.47,54.26,26.93,40.59,113.82,22.67,68.25,0,37.77,0.00,0.05,25.66,70.33,299.26,724.54
Carnivora,Canidae,Vulpes,bengalensis,vulpes bengalensis,2.00,2514.40,-999.00,521.66,-999.00,-999.00,-999.00,-999.00,6.00,-999.00,52.33,1.00,-999.00,-999.00,365.00,3.49,-999.00,120.00,58.49,-999.00,-999.00,-999.00,-999.00,-999.00,-999,1.00,2,-999.00,-999.00,-999.00,543;1113;1297;2655,-999.00,1.10,-999.00,-999.00,3182952.32,32.61,9.94,21.27,90.94,65.77,78.36,2,323.93,40.00,0.09,84.38,244.33,699.36,1422.91
Carnivora,Canidae,Vulpes,cana,vulpes cana,1.00,988.50,-999.00,425.92,-999.00,-999.00,-999.00,-999.00,6.00,150.00,57.35,1.00,1.17,1.52,-999.00,2.00,-999.00,120.00,29.00,-999.00,1.25,-999.00,380.55,-999.00,-999,1.00,2,44.74,-999.00,-999.00,543;966;1113;2655,-999.00,-999.00,-999.00,-999.00,2162391.85,40.82,13.29,27.06,68.31,29.73,49.02,0,33.51,1.00,0.15,19.76,165.74,240.12,1247.38
Carnivora,Canidae,Vulpes,chama,vulpes chama,1.00,2919.80,-999.00,532.20,-999.00,-999.00,-999.00,-999.00,6.00,-999.00,52.59,1.00,-999.00,-999.00,-999.00,2.50,-999.00,120.00,-999.00,-999.00,-999.00,-999.00,311.36,-999.00,-999,1.00,2,-999.00,-999.00,-999.00,543;1113;1297;2655,-999.00,-999.00,-999.00,-999.00,2079866.13,-15.52,-34.83,-25.18,30.88,12.09,21.48,0,15.78,0.00,0.09,30.71,179.11,449.16,1259.72
Carnivora,Canidae,Vulpes,corsac,vulpes corsac,1.00,2615.33,-999.00,578.27,-999.00,-999.00,-999.00,-999.00,6.00,-999.00,54.99,1.00,-999.00,-999.00,365.00,5.62,-999.00,-999.00,63.12,-999.00,-999.00,-999.00,1024.89,-999.00,-999,1.00,2,54.56,-999.00,-999.00,1113;1297;2655,-999.00,1.10,-999.00,-999.00,6378396.40,54.73,29.19,41.96,125.77,59.02,92.40,0,22.43,0.00,0.08,19.36,37.75,230.03,718.59
Carnivora,Canidae,Vulpes,ferrilata,vulpes ferrilata,-999.00,5543.74,-999.00,600.05,-999.00,-999.00,-999.00,-999.00,1.00,-999.00,54.23,1.00,-999.00,-999.00,-999.00,3.49,-999.00,-999.00,89.99,-999.00,-999.00,-999.00,420.91,-999.00,-999,1.00,3,55.68,-999.00,-999.00,1113;1297;2655,-999.00,-999.00,-999.00,-999.00,2339623.06,38.52,26.28,32.40,104.57,78.85,91.71,0,29.53,0.00,0.06,60.84,-34.54,441.55,831.40
Carnivora,Canidae,Vulpes,lagopus,vulpes lagopus,2.00,3584.37,-999.00,564.81,15.03,-999.00,1627.20,3200.00,1.00,165.00,52.99,1.00,14.10,15.08,365.00,7.65,-999.00,180.00,69.17,-999.00,0.10,-999.00,293.89,-999.00,14,1.00,3,49.50,-999.00,-999.00,367;542;543;730;1113;1297;1573;2655,-999.00,1.10,-999.00,-999.00,16988732.37,83.62,47.29,65.45,179.99,-179.99,0.00,0,2.84,0.00,-0.05,29.99,-90.38,207.97,217.25
Carnivora,Canidae,Vulpes,macrotis,vulpes macrotis,-999.00,4499.97,-999.00,-999.00,-999.00,-999.00,-999.00,-999.00,-999.00,-999.00,-999.00,-999.00,8.10,8.41,-999.00,4.50,-999.00,240.00,-999.00,-999.00,0.19,-999.00,-999.00,-999.00,-999,-999.00,-999,-999.00,-999.00,-999.00,542;543;1297;1573,-999.00,-999.00,-999.00,-999.00,1790499.14,44.11,21.43,32.77,-100.03,-122.35,-111.19,0,13.40,0.00,0.11,24.17,135.39,372.72,1058.57
Carnivora,Canidae,Vulpes,pallida,vulpes pallida,1.00,2800.01,-999.00,429.21,-999.00,-999.00,-999.00,-999.00,6.00,-999.00,-999.00,1.00,-999.00,-999.00,-999.00,4.00,-999.00,120.00,-999.00,-999.00,6.11,-999.00,-999.00,-999.00,-999,1.00,2,-999.00,-999.00,-999.00,543;730;1113;2655,-999.00,-999.00,-999.00,-999.00,4166246.10,19.26,10.74,15.00,41.23,-17.53,11.84,0,28.92,0.00,0.09,38.33,270.96,462.94,1583.35
Carnivora,Canidae,Vulpes,rueppellii,vulpes rueppellii,1.00,3249.97,-999.00,458.63,-999.00,-999.00,-999.00,-999.00,1.00,-999.00,-999.00,1.00,29.93,31.70,-999.00,2.12,-999.00,-999.00,-999.00,-999.00,-999.00,-999.00,-999.00,-999.00,-999,1.00,3,-999.00,-999.00,-999.00,1113;1297;1573;2655,-999.00,-999.00,-999.00,-999.00,11669070.90,37.70,11.52,24.61,67.27,-12.82,27.22,0,23.42,0.00,0.11,8.65,221.83,131.57,1239.13
Carnivora,Canidae,Vulpes,velox,vulpes velox,1.00,2088.00,-999.00,503.79,12.50,-999.00,1114.20,2088.00,1.00,150.00,53.70,1.00,4.59,5.48,365.00,4.25,-999.00,240.00,39.94,-999.00,0.41,-999.00,470.29,-999.00,6,1.00,3,47.08,-999.00,-999.00,367;543;730;1113;1297;2655,-999.00,1.10,-999.00,-999.00,671658.66,45.05,31.81,38.43,-98.69,-106.98,-102.84,0,7.54,0.00,0.05,35.38,105.62,525.24,905.80
Carnivora,Canidae,Vulpes,vulpes,vulpes vulpes,1.00,4820.36,-999.00,627.12,14.01,-999.00,2152.80,4100.00,1.00,225.00,52.50,1.00,3.50,3.51,365.00,4.59,-999.00,180.00,100.49,-999.00,1.10,-999.00,321.07,-999.00,8,1.00,3,50.71,1487.48,300.00,367;542;543;730;1113;1297;1573;1577;1594;2338;2655,-999.00,1.10,-999.00,-999.00,63034304.34,74.04,12.16,43.10,179.99,-179.99,0.00,0,66.44,0.00,0.04,46.58,34.32,407.98,646.29
Carnivora,Canidae,Vulpes,zerda,vulpes zerda,1.00,1317.13,-999.00,374.23,16.95,-999.00,467.97,1303.00,6.00,-999.00,51.00,1.00,-999.00,-999.00,365.00,2.36,-999.00,175.00,28.04,111.70,-999.00,-999.00,294.06,-999.00,-999,1.00,2,65.56,-999.00,-999.00,367;543;1113;1297;1822;2655,-999.00,1.10,-999.00,-999.00,6960271.02,35.37,16.09,25.73,47.68,-15.69,15.99,0,3.93,0.00,0.08,3.55,245.56,67.33,1255.58
Diprotodontia,Macropodidae,Wallabia,bicolor,wallabia bicolor,1.00,14999.95,-999.00,-999.00,-999.00,273.75,-999.00,-999.00,2.00,-999.00,35.88,1.00,0.11,0.11,249.66,1.04,1.40,180.00,0.60,-999.00,32.00,-999.00,490.72,-999.00,-999,1.00,1,447.45,-999.00,-999.00,543;955;1297;1573;1760;1848;2484;2655;2986,-999.00,-999.00,-999.00,-999.00,872414.78,-10.69,-39.13,-24.91,153.63,140.59,147.11,0,18.21,0.00,0.06,75.11,181.49,791.19,1322.97
Rodentia,Cricetidae,Wiedomys,pyrrhorhinos,wiedomys pyrrhorhinos,-999.00,46.70,-999.00,-999.00,-999.00,-999.00,-999.00,-999.00,2.00,-999.00,-999.00,2.00,-999.00,-999.00,-999.00,3.80,-999.00,-999.00,-999.00,-999.00,-999.00,-999.00,-999.00,-999.00,-999,2.00,2,-999.00,-999.00,-999.00,890;1297;2655,-999.00,-999.00,-999.00,-999.00,552523.41,-3.90,-11.75,-7.82,-34.79,-45.94,-40.37,1,60.33,2.00,0.07,87.50,247.87,908.09,1463.56
Rodentia,Cricetidae,Wilfredomys,oenax,wilfredomys oenax,1.00,46.80,-999.00,-999.00,-999.00,-999.00,-999.00,-999.00,-999.00,-999.00,-999.00,1.00,-999.00,-999.00,-999.00,-999.00,-999.00,-999.00,-999.00,-999.00,-999.00,-999.00,-999.00,-999.00,-999,2.00,-999,-999.00,-999.00,-999.00,890;2655,-999.00,-999.00,-999.00,-999.00,348515.42,-24.67,-34.97,-29.82,-47.68,-56.24,-51.96,3,43.65,5.00,0.05,120.33,168.09,1059.88,1170.50
Diprotodontia,Phalangeridae,Wyulda,squamicaudata,wyulda squamicaudata,1.00,1799.21,-999.00,-999.00,-999.00,-999.00,-999.00,-999.00,1.00,-999.00,-999.00,2.00,-999.00,-999.00,365.00,1.01,1.00,72.00,-999.00,-999.00,345.00,-999.00,834.72,-999.00,-999,2.00,1,240.97,-999.00,-999.00,543;955;1297;1760;1848;2644;2655,-999.00,-999.00,-999.00,-999.00,39625.83,-14.22,-17.58,-15.90,126.05,123.42,124.73,0,0.00,0.00,-999.00,80.16,280.76,779.27,1753.69
Rodentia,Cricetidae,Xenomys,nelsoni,xenomys nelsoni,-999.00,129.99,-999.00,-999.00,-999.00,-999.00,-999.00,-999.00,-999.00,-999.00,-999.00,2.00,-999.00,-999.00,-999.00,1.60,-999.00,-999.00,4.99,-999.00,-999.00,-999.00,-999.00,-999.00,-999,2.00,-999,-999.00,-999.00,-999.00,568;2655,-999.00,-999.00,-999.00,-999.00,28727.89,22.87,18.76,20.82,-103.64,-105.96,-104.80,7,37.09,9.00,0.07,79.07,222.62,831.97,1619.83
Rodentia,Muridae,Xenuromys,barbatus,xenuromys barbatus,-999.00,975.30,-999.00,304.67,-999.00,-999.00,-999.00,-999.00,4.00,-999.00,-999.00,1.00,-999.00,-999.00,-999.00,-999.00,-999.00,-999.00,-999.00,-999.00,-999.00,-999.00,-999.00,-999.00,4,1.00,2,-999.00,-999.00,-999.00,968;977;2152;2655;2803,-999.00,-999.00,-999.00,-999.00,32191.27,-3.24,-9.92,-6.58,149.63,139.39,144.51,1,7.14,3.00,0.17,266.38,238.77,1699.19,1699.23
Rodentia,Muridae,Xeromys,myoides,xeromys myoides,-999.00,45.20,-999.00,113.03,-999.00,-999.00,-999.00,-999.00,1.00,-999.00,-999.00,2.00,-999.00,-999.00,-999.00,2.00,-999.00,-999.00,-999.00,-999.00,-999.00,-999.00,-999.00,-999.00,4,1.00,3,-999.00,-999.00,-999.00,899;1297;2655;2803,-999.00,-999.00,-999.00,-999.00,54426.50,-11.15,-25.80,-18.48,153.36,129.40,141.38,0,3.41,0.00,0.14,103.71,239.63,1056.06,1789.27
Rodentia,Sciuridae,Xerus,erythropus,xerus erythropus,-999.00,602.23,-999.00,312.04,-999.00,-999.00,-999.00,-999.00,-999.00,-999.00,-999.00,1.00,0.09,0.09,-999.00,3.45,-999.00,72.00,-999.00,-999.00,-999.00,-999.00,210.45,-999.00,-999,1.00,-999,50.21,-999.00,-999.00,32;543;1297;1573;1599;2495;2655;2974,-999.00,-999.00,-999.00,-999.00,7830117.89,28.52,-4.09,12.21,38.59,-17.53,10.52,0,35.17,0.00,0.10,78.70,258.83,788.00,1579.70
Rodentia,Sciuridae,Xerus,inauris,xerus inauris,3.00,572.60,-999.00,247.00,12.00,-999.00,310.21,515.30,4.00,-999.00,47.29,2.00,-999.00,-999.00,-999.00,2.06,1.00,156.00,20.00,-999.00,-999.00,-999.00,347.80,30.00,-999,1.00,1,51.85,-999.00,-999.00,543;1297;1822;1881;2121;2495;2629;2655;2974;3139,-999.00,-999.00,-999.00,-999.00,1481484.56,-15.81,-32.41,-24.11,29.64,13.33,21.48,0,10.11,0.00,0.08,32.64,189.73,458.94,1339.91
Rodentia,Sciuridae,Xerus,princeps,xerus princeps,3.00,624.90,-999.00,-999.00,-999.00,-999.00,354.25,627.00,3.00,-999.00,45.50,3.00,-999.00,-999.00,-999.00,2.00,-999.00,-999.00,-999.00,-999.00,-999.00,-999.00,-999.00,2.00,-999,2.00,1,-999.00,-999.00,-999.00,1822;2629;2655;2974,-999.00,-999.00,-999.00,-999.00,333016.54,-14.88,-28.84,-21.86,18.88,12.85,15.86,0,2.65,0.00,0.07,22.45,172.47,368.85,1233.62
Rodentia,Sciuridae,Xerus,rutilus,xerus rutilus,3.00,316.96,-999.00,221.83,-999.00,-999.00,-999.00,-999.00,4.00,-999.00,-999.00,1.00,0.03,0.03,-999.00,1.94,-999.00,-999.00,-999.00,-999.00,798.09,-999.00,-999.00,-999.00,-999,1.00,2,-999.00,-999.00,-999.00,32;730;1297;1573;1599;2194;2495;2655,-999.00,-999.00,-999.00,-999.00,1869962.36,17.94,-6.45,5.74,51.41,34.89,43.15,1,24.09,2.00,0.10,40.14,243.90,589.32,1664.25
Cingulata,Dasypodidae,Zaedyus,pichiy,zaedyus pichiy,-999.00,1444.76,-999.00,297.50,-999.00,-999.00,396.72,1740.00,3.00,-999.00,61.27,-999.00,-999.00,-999.00,-999.00,2.00,-999.00,108.00,105.00,-999.00,-999.00,-999.00,303.29,1.00,-999,-999.00,2,41.88,-999.00,-999.00,543;890;1008;1297;1822;1946;2151;2655,-999.00,-999.00,-999.00,-999.00,899460.99,-28.90,-52.89,-40.89,-58.92,-72.39,-65.66,0,11.78,0.00,0.10,32.73,96.22,383.10,740.55
Monotremata,Tachyglossidae,Zaglossus,attenboroughi,zaglossus attenboroughi,-999.00,-999.00,-999.00,-999.00,-999.00,-999.00,-999.00,-999.00,-999.00,-999.00,-999.00,-999.00,-999.00,-999.00,-999.00,-999.00,-999.00,-999.00,-999.00,-999.00,-999.00,-999.00,-999.00,-999.00,-999,-999.00,-999,-999.00,-999.00,-999.00,-999,-999.00,-999.00,-999.00,-999.00,504.34,-2.45,-2.59,-2.52,140.72,140.35,140.53,8,8.00,8.00,0.14,195.00,302.50,1702.50,1834.50
Monotremata,Tachyglossidae,Zaglossus,bartoni,zaglossus bartoni,-999.00,-999.00,-999.00,-999.00,-999.00,-999.00,-999.00,-999.00,-999.00,-999.00,-999.00,-999.00,-999.00,-999.00,-999.00,-999.00,-999.00,-999.00,-999.00,-999.00,-999.00,-999.00,-999.00,-999.00,-999,-999.00,-999,-999.00,-999.00,-999.00,-999,-999.00,-999.00,-999.00,-999.00,131753.83,-3.54,-9.90,-6.72,149.38,136.48,142.93,1,12.06,2.00,0.14,277.69,180.29,1679.27,1694.36
Monotremata,Tachyglossidae,Zaglossus,bruijni,zaglossus bruijni,1.00,8951.71,-999.00,675.00,-999.00,-999.00,1215.40,10700.00,1.00,-999.00,10.00,1.00,-999.00,-999.00,-999.00,1.00,-999.00,372.00,-999.00,-999.00,1.60,1.00,-999.00,1.00,-999,1.00,3,90.73,400.00,-999.00,511;543;899;1297;1822;1848;1947;1991;2152;2484;2655,-999.00,-999.00,-999.00,-999.00,25654.49,-7.690132e-03,-4.14,-2.07,136.38,130.20,133.29,2,10.12,2.00,0.12,211.51,220.20,1735.90,1953.00
Carnivora,Otariidae,Zalophus,californianus,zalophus californianus,2.00,137194.86,-999.00,2018.97,0.00,-999.00,-999.00,-999.00,6.00,-999.00,349.99,2.00,-999.00,-999.00,547.50,1.41,-999.00,360.00,6347.89,-999.00,0.50,-999.00,2023.55,-999.00,-999,1.00,2,319.01,20199.75,-999.00,367;543;890;1297;1763;2151;2655;2986,-999.00,0.89,-999.00,-999.00,-999.00,-999.00,-999.00,-999.00,-999.00,-999.00,-999.00,-999,-999.00,-999.00,-999.00,-999.00,-999.00,-999.00,-999.00
Carnivora,Otariidae,Zalophus,japonicus,zalophus japonicus,-999.00,-999.00,-999.00,-999.00,-999.00,-999.00,-999.00,-999.00,-999.00,-999.00,-999.00,-999.00,-999.00,-999.00,-999.00,-999.00,-999.00,-999.00,-999.00,-999.00,-999.00,-999.00,-999.00,-999.00,-999,-999.00,-999,-999.00,-999.00,-999.00,-999,-999.00,-999.00,-999.00,-999.00,-999.00,-999.00,-999.00,-999.00,-999.00,-999.00,-999.00,-999,-999.00,-999.00,-999.00,-999.00,-999.00,-999.00,-999.00
Carnivora,Otariidae,Zalophus,wollebaeki,zalophus wollebaeki,-999.00,-999.00,-999.00,-999.00,-999.00,-999.00,-999.00,-999.00,-999.00,-999.00,-999.00,-999.00,-999.00,-999.00,-999.00,-999.00,-999.00,-999.00,-999.00,-999.00,-999.00,-999.00,-999.00,-999.00,-999,-999.00,-999,-999.00,-999.00,-999.00,-999,-999.00,-999.00,-999.00,-999.00,-999.00,-999.00,-999.00,-999.00,-999.00,-999.00,-999.00,-999,-999.00,-999.00,-999.00,-999.00,-999.00,-999.00,-999.00
Rodentia,Dipodidae,Zapus,hudsonius,zapus hudsonius,-999.00,18.43,-999.00,85.89,25.00,60.83,45.00,30.00,3.00,-999.00,18.24,2.00,1.85499e-03,2.280076e-03,-999.00,5.36,2.00,60.00,0.78,-999.00,882.00,-999.00,61.87,1.00,-999,1.00,2,25.00,-999.00,-999.00,374;543;730;1297;1822;1849;2135;2151;2338;2347;2655;3003;3005,-999.00,-999.00,-999.00,-999.00,8541120.18,65.02,31.67,48.34,-55.61,-163.38,-109.50,0,23.76,0.00,0.02,58.16,25.09,480.77,542.36
Rodentia,Dipodidae,Zapus,princeps,zapus princeps,-999.00,27.20,-999.00,94.06,-999.00,-999.00,-999.00,-999.00,3.00,-999.00,18.11,-999.00,1.944219e-03,2.479607e-03,-999.00,5.04,1.00,-999.00,-999.00,-999.00,292.30,-999.00,-999.00,-999.00,-999,-999.00,2,29.04,-999.00,-999.00,480;483;730;1297;1849;2099;2151;2655;2922,-999.00,-999.00,-999.00,-999.00,3361363.77,62.26,32.54,47.40,-96.67,-136.16,-116.42,0,6.09,0.00,0.06,39.73,32.97,371.16,648.32
Rodentia,Dipodidae,Zapus,trinotatus,zapus trinotatus,2.00,27.45,-999.00,97.70,-999.00,-999.00,-999.00,-999.00,3.00,-999.00,21.37,-999.00,-999.00,-999.00,-999.00,5.47,1.00,-999.00,0.80,-999.00,-999.00,-999.00,-999.00,-999.00,8,-999.00,2,30.18,-999.00,-999.00,1040;1297;2151;2655;2771,-999.00,-999.00,-999.00,-999.00,162680.18,49.65,37.81,43.73,-120.82,-124.73,-122.77,0,67.34,1.00,0.08,95.81,75.86,433.91,737.68
Rodentia,Muridae,Zelotomys,hildegardeae,zelotomys hildegardeae,-999.00,55.22,-999.00,-999.00,-999.00,-999.00,-999.00,-999.00,-999.00,-999.00,-999.00,-999.00,-999.00,-999.00,-999.00,5.75,-999.00,-999.00,-999.00,-999.00,61.11,-999.00,-999.00,-999.00,-999,-999.00,-999,-999.00,-999.00,-999.00,730;1297;2655,-999.00,-999.00,-999.00,-999.00,3217960.29,5.80,-14.10,-4.15,40.18,14.40,27.29,0,40.05,2.00,0.17,101.60,220.68,1045.09,1519.34
Rodentia,Muridae,Zelotomys,woosnami,zelotomys woosnami,-999.00,54.10,-999.00,-999.00,-999.00,-999.00,-999.00,-999.00,-999.00,-999.00,30.99,-999.00,-999.00,-999.00,31.00,4.99,-999.00,-999.00,-999.00,-999.00,-999.00,-999.00,-999.00,-999.00,-999,-999.00,-999,15.90,-999.00,-999.00,1297;2655,-999.00,3.83,-999.00,-999.00,557092.73,-17.49,-27.63,-22.56,26.62,14.83,20.73,0,2.08,0.00,0.10,32.83,214.54,461.02,1464.56
Rodentia,Anomaluridae,Zenkerella,insignis,zenkerella insignis,-999.00,200.00,-999.00,-999.00,-999.00,-999.00,-999.00,-999.00,-999.00,-999.00,-999.00,2.00,-999.00,-999.00,-999.00,-999.00,-999.00,-999.00,-999.00,-999.00,-999.00,-999.00,-999.00,-999.00,-999,2.00,-999,-999.00,-999.00,-999.00,511;2655,-999.00,-999.00,-999.00,-999.00,171070.54,4.57,1.65,3.11,16.89,9.62,13.26,1,20.37,1.00,0.05,151.21,238.98,1342.66,1488.96
Cetacea,Ziphiidae,Ziphius,cavirostris,ziphius cavirostris,-999.00,4774999.99,-999.00,-999.00,-999.00,-999.00,-999.00,-999.00,1.00,-999.00,-999.00,1.00,-999.00,-999.00,-999.00,1.00,-999.00,432.00,-999.00,-999.00,-999.00,2.00,-999.00,-999.00,-999,-999.00,3,-999.00,-999.00,-999.00,172;543;1297;2151;2655,-999.00,-999.00,-999.00,-999.00,-999.00,-999.00,-999.00,-999.00,-999.00,-999.00,-999.00,-999,-999.00,-999.00,-999.00,-999.00,-999.00,-999.00,-999.00
Rodentia,Cricetidae,Zygodontomys,brevicauda,zygodontomys brevicauda,1.00,52.22,-999.00,-999.00,-999.00,-999.00,-999.00,-999.00,3.00,-999.00,25.39,1.00,-999.00,-999.00,25.00,4.23,5.50,-999.00,3.54,-999.00,1029.29,-999.00,42.69,-999.00,-999,1.00,2,18.50,21.99,-999.00,730;1297;2151;2159;2655,-999.00,-999.00,-999.00,-999.00,2460355.58,11.58,0.16,5.87,-51.65,-83.74,-67.70,0,32.13,0.00,0.12,163.89,243.08,1462.12,1666.76
Rodentia,Cricetidae,Zygodontomys,brunneus,zygodontomys brunneus,-999.00,75.59,-999.00,-999.00,-999.00,-999.00,-999.00,-999.00,-999.00,-999.00,-999.00,-999.00,-999.00,-999.00,-999.00,-999.00,-999.00,-999.00,-999.00,-999.00,-999.00,-999.00,-999.00,-999.00,-999,-999.00,-999,-999.00,-999.00,-999.00,2655,-999.00,-999.00,-999.00,-999.00,91161.44,7.46,1.15,4.31,-73.50,-77.64,-75.57,7,116.18,13.00,0.09,150.38,195.09,1502.65,1553.88
Rodentia,Geomyidae,Zygogeomys,trichopus,zygogeomys trichopus,-999.00,473.54,-999.00,225.00,-999.00,-999.00,-999.00,-999.00,4.00,-999.00,-999.00,2.00,-999.00,-999.00,-999.00,-999.00,-999.00,-999.00,-999.00,-999.00,-999.00,-999.00,-999.00,-999.00,-999,1.00,1,-999.00,-999.00,-999.00,1015;2151;2655,-999.00,-999.00,-999.00,-999.00,1706.58,19.74,19.26,19.50,-101.67,-102.41,-102.04,83,105.64,83.00,0.05,84.67,176.37,833.34,1362.00
Rodentia,Muridae,Zyzomys,argurus,zyzomys argurus,-999.00,40.42,-999.00,107.83,-999.00,-999.00,-999.00,-999.00,-999.00,-999.00,25.00,-999.00,1.039588e-03,9.56472e-04,219.00,2.76,-999.00,-999.00,-999.00,-999.00,535.51,-999.00,155.06,-999.00,4,-999.00,-999,34.99,14.00,81.25,435;456;525;730;1297;2655;2803,-999.00,1.42,-999.00,-999.00,886980.70,-11.11,-25.49,-18.30,147.85,114.33,131.09,0,1.10,0.00,0.02,62.33,256.75,692.93,1704.98
Rodentia,Muridae,Zyzomys,maini,zyzomys maini,-999.00,93.99,-999.00,-999.00,-999.00,-999.00,-999.00,-999.00,-999.00,-999.00,-999.00,-999.00,-999.00,-999.00,-999.00,-999.00,-999.00,-999.00,-999.00,-999.00,-999.00,-999.00,-999.00,-999.00,-999,-999.00,-999,-999.00,-999.00,-999.00,2655,-999.00,-999.00,-999.00,-999.00,51093.30,-12.90,-15.06,-13.98,133.87,131.45,132.66,0,0.17,0.00,0.00,90.76,265.30,877.90,1755.73
Rodentia,Muridae,Zyzomys,palatilis,zyzomys palatilis,-999.00,123.00,-999.00,-999.00,-999.00,-999.00,-999.00,-999.00,-999.00,-999.00,-999.00,-999.00,-999.00,-999.00,-999.00,-999.00,-999.00,-999.00,-999.00,-999.00,-999.00,-999.00,-999.00,-999.00,-999,-999.00,-999,-999.00,-999.00,-999.00,2655,-999.00,-999.00,-999.00,-999.00,4667.41,-17.45,-18.16,-17.81,137.43,136.72,137.08,0,0.00,0.00,-999.00,49.00,247.16,637.90,1638.67
Rodentia,Muridae,Zyzomys,pedunculatus,zyzomys pedunculatus,-999.00,100.00,-999.00,126.79,-999.00,-999.00,-999.00,-999.00,-999.00,-999.00,-999.00,-999.00,-999.00,-999.00,-999.00,-999.00,-999.00,-999.00,-999.00,-999.00,-999.00,-999.00,-999.00,-999.00,4,-999.00,-999,-999.00,-999.00,-999.00,2655;2803,-999.00,-999.00,-999.00,-999.00,233915.99,-20.25,-25.36,-22.81,135.78,130.16,132.97,0,0.09,0.00,0.25,21.64,215.72,291.82,1405.85
Rodentia,Muridae,Zyzomys,woodwardi,zyzomys woodwardi,-999.00,95.02,-999.00,146.07,-999.00,-999.00,-999.00,-999.00,-999.00,-999.00,-999.00,-999.00,-999.00,-999.00,231.16,2.23,-999.00,-999.00,-999.00,-999.00,-999.00,-999.00,155.06,-999.00,4,-999.00,-999,34.99,-999.00,-999.00,525;1297;2655;2803,-999.00,1.38,-999.00,-999.00,70724.82,-13.73,-17.35,-15.54,127.69,123.42,125.55,0,0.00,0.00,-999.00,79.45,280.41,798.86,1765.19
